0.000000000000000	-0.211500000000000
0.030000000000000	-0.211500000000012
0.060000000000000	-0.211499999999653
0.090000000000000	-0.211499999998914
0.120000000000000	-0.211499999997786
0.150000000000000	-0.211499999996249
0.180000000000000	-0.211499999994282
0.210000000000000	-0.211499999991856
0.240000000000000	-0.211499999988934
0.270000000000000	-0.211499999985472
0.300000000000000	-0.211499999981419
0.330000000000000	-0.211499999976712
0.360000000000000	-0.211499999971278
0.390000000000000	-0.211499999965030
0.420000000000000	-0.211499999957868
0.450000000000000	-0.211499999949672
0.480000000000000	-0.211499999940302
0.510000000000000	-0.211499999929593
0.540000000000000	-0.211499999917353
0.570000000000000	-0.211499999903353
0.600000000000000	-0.211499999887323
0.630000000000000	-0.211499999868944
0.660000000000000	-0.211499999847835
0.690000000000000	-0.211499999823544
0.720000000000000	-0.211499999795527
0.750000000000000	-0.211499999763135
0.780000000000000	-0.211499999725580
0.810000000000000	-0.211499999681912
0.840000000000001	-0.211499999630973
0.870000000000001	-0.211499999571347
0.900000000000001	-0.211499999501295
0.930000000000001	-0.211499999418668
0.960000000000001	-0.211499999320797
0.990000000000001	-0.211499999204343
1.020000000000001	-0.211499999065109
1.050000000000001	-0.211499998897774
1.080000000000001	-0.211499998695553
1.110000000000001	-0.211499998449720
1.140000000000001	-0.211499998148962
1.170000000000001	-0.211499997778480
1.200000000000001	-0.211499997318736
1.230000000000001	-0.211499996743669
1.260000000000001	-0.211499996018132
1.290000000000001	-0.211499995094168
1.320000000000001	-0.211499993905491
1.350000000000001	-0.211499992359206
1.380000000000001	-0.211499990323136
1.410000000000001	-0.211499987606071
1.440000000000001	-0.211499983926317
1.470000000000001	-0.211499978860460
1.500000000000001	-0.211499971757711
1.530000000000001	-0.211499961592645
1.560000000000001	-0.211499946703841
1.590000000000001	-0.211499924313270
1.620000000000001	-0.211499889606307
1.650000000000001	-0.211499833888131
1.680000000000001	-0.211499740689549
1.710000000000001	-0.211499577022723
1.740000000000001	-0.211499272284255
1.770000000000001	-0.211498662820140
1.800000000000001	-0.211497330501178
1.830000000000001	-0.211494070078635
1.860000000000001	-0.211484843134151
1.890000000000001	-0.211453415289664
1.920000000000001	-0.211323327043643
1.950000000000002	-0.211021688134207
1.980000000000002	-0.230134802644906
2.010000000000002	-0.419923571330093
2.040000000000001	-0.436503890049942
2.070000000000001	-0.437378061677590
2.100000000000001	-0.437501141594670
2.130000000000001	-0.437528685836702
2.160000000000001	-0.437536883072141
2.190000000000000	-0.437539852859055
2.220000000000000	-0.437541094577232
2.250000000000000	-0.437541673265549
2.280000000000000	-0.437541966781910
2.310000000000000	-0.437542126077612
2.339999999999999	-0.437542217430216
2.369999999999999	-0.437542272264283
2.399999999999999	-0.437542306458144
2.429999999999999	-0.437542328474931
2.459999999999999	-0.437542343034012
2.489999999999998	-0.437542352869673
2.519999999999998	-0.437542359617198
2.549999999999998	-0.437542364278990
2.579999999999998	-0.437542367478708
2.609999999999998	-0.437542369603586
2.639999999999997	-0.437542370885007
2.669999999999997	-0.437542371443016
2.699999999999997	-0.437542371307795
2.729999999999997	-0.437542370424008
2.759999999999997	-0.437542368639071
2.789999999999996	-0.437542365671931
2.819999999999996	-0.437542361053148
2.849999999999996	-0.437542354017407
2.879999999999996	-0.437542343311517
2.909999999999996	-0.437542326844615
2.939999999999996	-0.437542301030402
2.969999999999995	-0.437542259500299
2.999999999999995	-0.437542190465204
3.029999999999995	-0.437542071003227
3.059999999999995	-0.437541853877105
3.089999999999995	-0.437541434739560
3.119999999999994	-0.437540562936330
3.149999999999994	-0.437538571559291
3.179999999999994	-0.437533449307626
3.209999999999994	-0.437518147317203
3.239999999999994	-0.437463945456648
3.269999999999993	-0.437270706523008
3.299999999999993	-0.438953866534310
3.329999999999993	-0.465175555198111
3.359999999999993	-0.582479179849573
3.389999999999993	-0.586957542991527
3.419999999999992	-0.587347257237899
3.449999999999992	-0.587415595599149
3.479999999999992	-0.587433074956338
3.509999999999992	-0.587438779010148
3.539999999999992	-0.587440987650192
3.569999999999991	-0.587441957993736
3.599999999999991	-0.587442427579325
3.629999999999991	-0.587442672663491
3.659999999999991	-0.587442808247102
3.689999999999991	-0.587442886245992
3.719999999999990	-0.587442931412450
3.749999999999990	-0.587442955616483
3.779999999999990	-0.587442963725414
3.809999999999990	-0.587442955703862
3.839999999999990	-0.587442926389470
3.869999999999989	-0.587442862732975
3.899999999999989	-0.587442736387545
3.929999999999989	-0.587442485310109
3.959999999999989	-0.587441965859380
3.989999999999989	-0.587440816869115
4.019999999999989	-0.587438029315510
4.049999999999989	-0.587430395755676
4.079999999999989	-0.587406124684257
4.109999999999990	-0.587318333748892
4.139999999999990	-0.587174452875360
4.169999999999990	-0.596289758787580
4.199999999999990	-0.719098508101260
4.229999999999991	-0.768508308940579
4.259999999999991	-0.770881348363876
4.289999999999991	-0.771150198130099
4.319999999999991	-0.771204079015751
4.349999999999992	-0.771219184548858
4.379999999999992	-0.771224488962197
4.409999999999992	-0.771226683746739
4.439999999999992	-0.771227707088916
4.469999999999993	-0.771228207798879
4.499999999999993	-0.771228399263432
4.529999999999993	-0.771228277436688
4.559999999999993	-0.771227591126550
4.589999999999994	-0.771225503119428
4.619999999999994	-0.771219291354940
4.649999999999994	-0.771199250189852
4.679999999999994	-0.771131207784669
4.709999999999995	-0.771097169966126
4.739999999999995	-0.778681586075336
4.769999999999995	-0.889688116395157
4.799999999999995	-0.958546526786618
4.829999999999996	-0.962449210162130
4.859999999999996	-0.962883220116775
4.889999999999996	-0.962970527056209
4.919999999999996	-0.962996252804919
4.949999999999997	-0.963006320003338
4.979999999999997	-0.963011115261040
5.009999999999997	-0.963012977350814
5.039999999999997	-0.963010197862931
5.069999999999998	-0.962993576044680
5.099999999999998	-0.962956547511700
5.129999999999998	-0.963900882483646
5.159999999999998	-0.983662139171223
5.189999999999999	-1.171048537209280
5.219999999999999	-1.201414841744525
5.249999999999999	-1.204198732635925
5.279999999999999	-1.204693019238256
5.310000000000000	-1.204854126219304
5.340000000000000	-1.204948467951374
5.370000000000000	-1.205057844227365
5.400000000000000	-1.205472764905681
5.430000000000001	-1.210629415927335
5.460000000000001	-1.285055578834604
5.490000000000001	-1.464069691902770
5.520000000000001	-1.490105260884937
5.550000000000002	-1.494876271173898
5.580000000000002	-1.497160162357908
5.610000000000002	-1.500761502484670
5.640000000000002	-1.521425797444345
5.670000000000003	-1.738630286510002
5.700000000000003	-2.086092707319756
5.730000000000003	-2.260407899872099
5.760000000000003	-2.960195916219048
5.790000000000004	-2.698547922358667
5.820000000000004	-2.821602505337177
5.850000000000004	3.053413231926170
5.880000000000004	2.286003985790393
5.910000000000005	2.283999353502189
5.940000000000005	2.283863835309948
5.970000000000005	2.283841772645882
6.000000000000005	2.283836199094786
6.030000000000006	2.283834361785376
6.060000000000006	2.283833637359368
6.090000000000006	2.283833312433581
6.120000000000006	2.283833151801648
6.150000000000007	2.283833066112394
6.180000000000007	2.283833017518576
6.210000000000007	2.283832988541564
6.240000000000007	2.283832970520891
6.270000000000008	2.283832958907106
6.300000000000008	2.283832951189445
6.330000000000008	2.283832945922477
6.360000000000008	2.283832942243090
6.390000000000009	2.283832939619140
6.420000000000009	2.283832937713158
6.450000000000009	2.283832936305691
6.480000000000009	2.283832935250803
6.510000000000010	2.283832934449457
6.540000000000010	2.283832933833212
6.570000000000010	2.283832933353976
6.600000000000010	2.283832932977436
6.630000000000011	2.283832932678772
6.660000000000011	2.283832932439796
6.690000000000011	2.283832932247023
6.720000000000011	2.283832932090343
6.750000000000012	2.283832931962102
6.780000000000012	2.283832931856447
6.810000000000012	2.283832931768863
6.840000000000012	2.283832931695840
6.870000000000013	2.283832931634627
6.900000000000013	2.283832931583051
6.930000000000013	2.283832931539385
6.960000000000013	2.283832931502247
6.990000000000014	2.283832931470525
7.020000000000014	2.283832931443320
7.050000000000014	2.283832931419895
7.080000000000014	2.283832931399653
7.110000000000015	2.283832931382098
7.140000000000015	2.283832931366824
7.170000000000015	2.283832931353492
7.200000000000015	2.283832931341819
7.230000000000016	2.283832931331569
7.260000000000016	2.283832931322543
7.290000000000016	2.283832931314575
7.320000000000016	2.283832931307521
7.350000000000017	2.283832931301263
7.380000000000017	2.283832931295696
7.410000000000017	2.283832931290733
7.440000000000017	2.283832931286300
7.470000000000018	2.283832931282331
7.500000000000018	2.283832931278771
7.530000000000018	2.283832931275570
7.560000000000018	2.283832931272688
7.590000000000019	2.283832931270088
7.620000000000019	2.283832931267738
7.650000000000019	2.283832931265612
7.680000000000019	2.283832931263683
7.710000000000020	2.283832931261931
7.740000000000020	2.283832931260338
7.770000000000020	2.283832931258887
7.800000000000020	2.283832931257564
7.830000000000020	2.283832931256355
7.860000000000021	2.283832931255248
7.890000000000021	2.283832931254234
7.920000000000021	2.283832931253305
7.950000000000021	2.283832931252451
7.980000000000022	2.283832931251667
8.010000000000021	2.283832931250945
8.040000000000020	2.283832931250279
8.070000000000020	2.283832931249666
8.100000000000019	2.283832931249099
8.130000000000019	2.283832931248575
8.160000000000018	2.283832931248090
8.190000000000017	2.283832931247640
8.220000000000017	2.283832931247224
8.250000000000016	2.283832931246837
8.280000000000015	2.283832931246478
8.310000000000015	2.283832931246144
8.340000000000014	2.283832931245833
8.370000000000013	2.283832931245543
8.400000000000013	2.283832931245274
8.430000000000012	2.283832931245022
8.460000000000012	2.283832931244787
8.490000000000011	2.283832931244567
8.520000000000010	2.283832931244362
8.550000000000010	2.283832931244170
8.580000000000009	2.283832931243990
8.610000000000008	2.283832931243821
8.640000000000008	2.283832931243662
8.670000000000007	2.283832931243514
8.700000000000006	2.283832931243375
8.730000000000006	2.283832931243244
8.760000000000005	2.283832931243120
8.790000000000004	2.283832931243004
8.820000000000004	2.283832931242895
8.850000000000003	2.283832931242792
8.880000000000003	2.283832931242695
8.910000000000002	2.283832931242604
8.940000000000001	2.283832931242518
8.970000000000001	2.283832931242436
9.000000000000000	2.283832931242359
9.029999999999999	2.283832931242286
9.059999999999999	2.283832931242217
9.089999999999998	2.283832931242152
9.119999999999997	2.283832931242090
9.149999999999997	2.283832931242032
9.179999999999996	2.283832931241977
9.209999999999996	2.283832931241924
9.239999999999995	2.283832931241874
9.269999999999994	2.283832931241827
9.299999999999994	2.283832931241783
9.329999999999993	2.283832931241740
9.359999999999992	2.283832931241699
9.389999999999992	2.283832931241661
9.419999999999991	2.283832931241625
9.449999999999990	2.283832931241589
9.479999999999990	2.283832931241557
9.509999999999989	2.283832931241525
9.539999999999988	2.283832931241495
9.569999999999988	2.283832931241466
9.599999999999987	2.283832931241438
9.629999999999987	2.283832931241412
9.659999999999986	2.283832931241387
9.689999999999985	2.283832931241363
9.719999999999985	2.283832931241341
9.749999999999984	2.283832931241319
9.779999999999983	2.283832931241299
9.809999999999983	2.283832931241279
9.839999999999982	2.283832931241260
9.869999999999981	2.283832931241242
9.899999999999981	2.283832931241224
9.929999999999980	2.283832931241208
9.959999999999980	2.283832931241192
9.989999999999979	2.283832931241177
10.019999999999978	2.283832931241162
10.049999999999978	2.283832931241148
10.079999999999977	2.283832931241135
10.109999999999976	2.283832931241122
10.139999999999976	2.283832931241109
10.169999999999975	2.283832931241098
10.199999999999974	2.283832931241087
10.229999999999974	2.283832931241076
10.259999999999973	2.283832931241065
10.289999999999973	2.283832931241056
10.319999999999972	2.283832931241046
10.349999999999971	2.283832931241037
10.379999999999971	2.283832931241028
10.409999999999970	2.283832931241019
10.439999999999969	2.283832931241011
10.469999999999969	2.283832931241003
10.499999999999968	2.283832931240995
10.529999999999967	2.283832931240988
10.559999999999967	2.283832931240981
10.589999999999966	2.283832931240975
10.619999999999965	2.283832931240968
10.649999999999965	2.283832931240961
10.679999999999964	2.283832931240955
10.709999999999964	2.283832931240949
10.739999999999963	2.283832931240944
10.769999999999962	2.283832931240938
10.799999999999962	2.283832931240933
10.829999999999961	2.283832931240928
10.859999999999960	2.283832931240923
10.889999999999960	2.283832931240918
10.919999999999959	2.283832931240913
10.949999999999958	2.283832931240909
10.979999999999958	2.283832931240905
11.009999999999957	2.283832931240901
11.039999999999957	2.283832931240896
11.069999999999956	2.283832931240892
11.099999999999955	2.283832931240888
11.129999999999955	2.283832931240886
11.159999999999954	2.283832931240882
11.189999999999953	2.283832931240878
11.219999999999953	2.283832931240875
11.249999999999952	2.283832931240872
11.279999999999951	2.283832931240869
11.309999999999951	2.283832931240866
11.339999999999950	2.283832931240863
11.369999999999949	2.283832931240860
11.399999999999949	2.283832931240858
11.429999999999948	2.283832931240855
11.459999999999948	2.283832931240853
11.489999999999947	2.283832931240850
11.519999999999946	2.283832931240848
11.549999999999946	2.283832931240846
11.579999999999945	2.283832931240843
11.609999999999944	2.283832931240842
11.639999999999944	2.283832931240840
11.669999999999943	2.283832931240837
11.699999999999942	2.283832931240835
11.729999999999942	2.283832931240834
11.759999999999941	2.283832931240832
11.789999999999941	2.283832931240830
11.819999999999940	2.283832931240828
11.849999999999939	2.283832931240827
11.879999999999939	2.283832931240825
11.909999999999938	2.283832931240823
11.939999999999937	2.283832931240822
11.969999999999937	2.283832931240820
11.999999999999936	2.283832931240819
12.029999999999935	2.283832931240818
12.059999999999935	2.283832931240816
12.089999999999934	2.283832931240815
12.119999999999933	2.283832931240813
12.149999999999933	2.283832931240812
12.179999999999932	2.283832931240811
12.209999999999932	2.283832931240809
12.239999999999931	2.283832931240808
12.269999999999930	2.283832931240807
12.299999999999930	2.283832931240806
12.329999999999929	2.283832931240805
12.359999999999928	2.283832931240804
12.389999999999928	2.283832931240803
12.419999999999927	2.283832931240802
12.449999999999926	2.283832931240801
12.479999999999926	2.283832931240800
12.509999999999925	2.283832931240799
12.539999999999925	2.283832931240798
12.569999999999924	2.283832931240797
12.599999999999923	2.283832931240796
12.629999999999923	2.283832931240795
12.659999999999922	2.283832931240795
12.689999999999921	2.283832931240794
12.719999999999921	2.283832931240793
12.749999999999920	2.283832931240792
12.779999999999919	2.283832931240791
12.809999999999919	2.283832931240791
12.839999999999918	2.283832931240790
12.869999999999918	2.283832931240789
12.899999999999917	2.283832931240788
12.929999999999916	2.283832931240788
12.959999999999916	2.283832931240787
12.989999999999915	2.283832931240787
13.019999999999914	2.283832931240786
13.049999999999914	2.283832931240786
13.079999999999913	2.283832931240785
13.109999999999912	2.283832931240785
13.139999999999912	2.283832931240784
13.169999999999911	2.283832931240783
13.199999999999910	2.283832931240783
13.229999999999910	2.283832931240782
13.259999999999909	2.283832931240782
13.289999999999909	2.283832931240781
13.319999999999908	2.283832931240780
13.349999999999907	2.283832931240780
13.379999999999907	2.283832931240779
13.409999999999906	2.283832931240779
13.439999999999905	2.283832931240779
13.469999999999905	2.283832931240778
13.499999999999904	2.283832931240778
13.529999999999903	2.283832931240777
13.559999999999903	2.283832931240776
13.589999999999902	2.283832931240776
13.619999999999902	2.283832931240776
13.649999999999901	2.283832931240776
13.679999999999900	2.283832931240775
13.709999999999900	2.283832931240775
13.739999999999899	2.283832931240775
13.769999999999898	2.283832931240774
13.799999999999898	2.283832931240774
13.829999999999897	2.283832931240774
13.859999999999896	2.283832931240774
13.889999999999896	2.283832931240774
13.919999999999895	2.283832931240773
13.949999999999894	2.283832931240773
13.979999999999894	2.283832931240773
14.009999999999893	2.283832931240773
14.039999999999893	2.283832931240772
14.069999999999892	2.283832931240772
14.099999999999891	2.283832931240772
14.129999999999891	2.283832931240771
14.159999999999890	2.283832931240771
14.189999999999889	2.283832931240771
14.219999999999889	2.283832931240771
14.249999999999888	2.283832931240771
14.279999999999887	2.283832931240770
14.309999999999887	2.283832931240770
14.339999999999886	2.283832931240770
14.369999999999886	2.283832931240769
14.399999999999885	2.283832931240769
14.429999999999884	2.283832931240769
14.459999999999884	2.283832931240769
14.489999999999883	2.283832931240768
14.519999999999882	2.283832931240768
14.549999999999882	2.283832931240768
14.579999999999881	2.283832931240767
14.609999999999880	2.283832931240767
14.639999999999880	2.283832931240767
14.669999999999879	2.283832931240767
14.699999999999878	2.283832931240767
14.729999999999878	2.283832931240767
14.759999999999877	2.283832931240767
14.789999999999877	2.283832931240767
14.819999999999876	2.283832931240767
14.849999999999875	2.283832931240766
14.879999999999875	2.283832931240765
14.909999999999874	2.283832931240765
14.939999999999873	2.283832931240765
14.969999999999873	2.283832931240765
14.999999999999872	2.283832931240765
15.029999999999871	2.283832931240765
15.059999999999871	2.283832931240765
15.089999999999870	2.283832931240765
15.119999999999870	2.283832931240764
15.149999999999869	2.283832931240764
15.179999999999868	2.283832931240764
15.209999999999868	2.283832931240764
15.239999999999867	2.283832931240763
15.269999999999866	2.283832931240763
15.299999999999866	2.283832931240763
15.329999999999865	2.283832931240763
15.359999999999864	2.283832931240763
15.389999999999864	2.283832931240763
15.419999999999863	2.283832931240763
15.449999999999863	2.283832931240763
15.479999999999862	2.283832931240763
15.509999999999861	2.283832931240763
15.539999999999861	2.283832931240763
15.569999999999860	2.283832931240763
15.599999999999859	2.283832931240762
15.629999999999859	2.283832931240762
15.659999999999858	2.283832931240762
15.689999999999857	2.283832931240762
15.719999999999857	2.283832931240762
15.749999999999856	2.283832931240762
15.779999999999855	2.283832931240762
15.809999999999855	2.283832931240762
15.839999999999854	2.283832931240762
15.869999999999854	2.283832931240762
15.899999999999853	2.283832931240762
15.929999999999852	2.283832931240763
15.959999999999852	2.283832931240762
15.989999999999851	2.283832931240762
16.019999999999850	2.283832931240762
16.049999999999851	2.283832931240762
16.079999999999853	2.283832931240762
16.109999999999854	2.283832931240761
16.139999999999855	2.283832931240762
16.169999999999856	2.283832931240761
16.199999999999857	2.283832931240761
16.229999999999858	2.283832931240761
16.259999999999859	2.283832931240761
16.289999999999861	2.283832931240761
16.319999999999862	2.283832931240761
16.349999999999863	2.283832931240761
16.379999999999864	2.283832931240760
16.409999999999865	2.283832931240760
16.439999999999866	2.283832931240760
16.469999999999867	2.283832931240761
16.499999999999869	2.283832931240761
16.529999999999870	2.283832931240761
16.559999999999871	2.283832931240761
16.589999999999872	2.283832931240761
16.619999999999873	2.283832931240760
16.649999999999874	2.283832931240761
16.679999999999875	2.283832931240760
16.709999999999877	2.283832931240760
16.739999999999878	2.283832931240760
16.769999999999879	2.283832931240760
16.799999999999880	2.283832931240760
16.829999999999881	2.283832931240760
16.859999999999882	2.283832931240760
16.889999999999883	2.283832931240760
16.919999999999884	2.283832931240760
16.949999999999886	2.283832931240760
16.979999999999887	2.283832931240760
17.009999999999888	2.283832931240760
17.039999999999889	2.283832931240760
17.069999999999890	2.283832931240760
17.099999999999891	2.283832931240760
17.129999999999892	2.283832931240759
17.159999999999894	2.283832931240760
17.189999999999895	2.283832931240759
17.219999999999896	2.283832931240759
17.249999999999897	2.283832931240759
17.279999999999898	2.283832931240759
17.309999999999899	2.283832931240759
17.339999999999900	2.283832931240759
17.369999999999902	2.283832931240759
17.399999999999903	2.283832931240759
17.429999999999904	2.283832931240759
17.459999999999905	2.283832931240759
17.489999999999906	2.283832931240759
17.519999999999907	2.283832931240759
17.549999999999908	2.283832931240759
17.579999999999909	2.283832931240759
17.609999999999911	2.283832931240759
17.639999999999912	2.283832931240759
17.669999999999913	2.283832931240759
17.699999999999914	2.283832931240759
17.729999999999915	2.283832931240759
17.759999999999916	2.283832931240759
17.789999999999917	2.283832931240759
17.819999999999919	2.283832931240759
17.849999999999920	2.283832931240759
17.879999999999921	2.283832931240759
17.909999999999922	2.283832931240759
17.939999999999923	2.283832931240759
17.969999999999924	2.283832931240759
17.999999999999925	2.283832931240759
18.029999999999927	2.283832931240759
18.059999999999928	2.283832931240759
18.089999999999929	2.283832931240758
18.119999999999930	2.283832931240759
18.149999999999931	2.283832931240758
18.179999999999932	2.283832931240759
18.209999999999933	2.283832931240759
18.239999999999934	2.283832931240759
18.269999999999936	2.283832931240759
18.299999999999937	2.283832931240759
18.329999999999938	2.283832931240758
18.359999999999939	2.283832931240759
18.389999999999940	2.283832931240758
18.419999999999941	2.283832931240758
18.449999999999942	2.283832931240758
18.479999999999944	2.283832931240758
18.509999999999945	2.283832931240758
18.539999999999946	2.283832931240758
18.569999999999947	2.283832931240758
18.599999999999948	2.283832931240758
18.629999999999949	2.283832931240758
18.659999999999950	2.283832931240758
18.689999999999952	2.283832931240758
18.719999999999953	2.283832931240758
18.749999999999954	2.283832931240757
18.779999999999955	2.283832931240758
18.809999999999956	2.283832931240758
18.839999999999957	2.283832931240758
18.869999999999958	2.283832931240758
18.899999999999959	2.283832931240758
18.929999999999961	2.283832931240757
18.959999999999962	2.283832931240757
18.989999999999963	2.283832931240757
19.019999999999964	2.283832931240757
19.049999999999965	2.283832931240757
19.079999999999966	2.283832931240757
19.109999999999967	2.283832931240757
19.139999999999969	2.283832931240757
19.169999999999970	2.283832931240757
19.199999999999971	2.283832931240757
19.229999999999972	2.283832931240757
19.259999999999973	2.283832931240757
19.289999999999974	2.283832931240756
19.319999999999975	2.283832931240757
19.349999999999977	2.283832931240757
19.379999999999978	2.283832931240757
19.409999999999979	2.283832931240756
19.439999999999980	2.283832931240756
19.469999999999981	2.283832931240756
19.499999999999982	2.283832931240756
19.529999999999983	2.283832931240756
19.559999999999985	2.283832931240756
19.589999999999986	2.283832931240756
19.619999999999987	2.283832931240756
19.649999999999988	2.283832931240756
19.679999999999989	2.283832931240756
19.709999999999990	2.283832931240756
19.739999999999991	2.283832931240755
19.769999999999992	2.283832931240756
19.799999999999994	2.283832931240756
19.829999999999995	2.283832931240756
19.859999999999996	2.283832931240756
19.889999999999997	2.283832931240756
19.919999999999998	2.283832931240756
19.949999999999999	2.283832931240755
19.980000000000000	2.283832931240756
20.010000000000002	2.283832931240755
20.040000000000003	2.283832931240755
20.070000000000004	2.283832931240755
20.100000000000005	2.283832931240755
20.130000000000006	2.283832931240755
20.160000000000007	2.283832931240755
20.190000000000008	2.283832931240755
20.220000000000010	2.283832931240754
20.250000000000011	2.283832931240754
20.280000000000012	2.283832931240754
20.310000000000013	2.283832931240754
20.340000000000014	2.283832931240754
20.370000000000015	2.283832931240754
20.400000000000016	2.283832931240754
20.430000000000017	2.283832931240754
20.460000000000019	2.283832931240754
20.490000000000020	2.283832931240754
20.520000000000021	2.283832931240753
20.550000000000022	2.283832931240753
20.580000000000023	2.283832931240754
20.610000000000024	2.283832931240754
20.640000000000025	2.283832931240753
20.670000000000027	2.283832931240753
20.700000000000028	2.283832931240753
20.730000000000029	2.283832931240753
20.760000000000030	2.283832931240753
20.790000000000031	2.283832931240754
20.820000000000032	2.283832931240753
20.850000000000033	2.283832931240754
20.880000000000035	2.283832931240753
20.910000000000036	2.283832931240754
20.940000000000037	2.283832931240754
20.970000000000038	2.283832931240755
21.000000000000039	2.283832931240754
21.030000000000040	2.283832931240754
21.060000000000041	2.283832931240754
21.090000000000042	2.283832931240754
21.120000000000044	2.283832931240754
21.150000000000045	2.283832931240754
21.180000000000046	2.283832931240754
21.210000000000047	2.283832931240754
21.240000000000048	2.283832931240754
21.270000000000049	2.283832931240754
21.300000000000050	2.283832931240754
21.330000000000052	2.283832931240754
21.360000000000053	2.283832931240754
21.390000000000054	2.283832931240754
21.420000000000055	2.283832931240754
21.450000000000056	2.283832931240754
21.480000000000057	2.283832931240754
21.510000000000058	2.283832931240754
21.540000000000060	2.283832931240754
21.570000000000061	2.283832931240754
21.600000000000062	2.283832931240754
21.630000000000063	2.283832931240754
21.660000000000064	2.283832931240754
21.690000000000065	2.283832931240754
21.720000000000066	2.283832931240754
21.750000000000068	2.283832931240755
21.780000000000069	2.283832931240755
21.810000000000070	2.283832931240755
21.840000000000071	2.283832931240755
21.870000000000072	2.283832931240755
21.900000000000073	2.283832931240754
21.930000000000074	2.283832931240754
21.960000000000075	2.283832931240755
21.990000000000077	2.283832931240754
22.020000000000078	2.283832931240754
22.050000000000079	2.283832931240754
22.080000000000080	2.283832931240754
22.110000000000081	2.283832931240754
22.140000000000082	2.283832931240753
22.170000000000083	2.283832931240754
22.200000000000085	2.283832931240754
22.230000000000086	2.283832931240753
22.260000000000087	2.283832931240754
22.290000000000088	2.283832931240754
22.320000000000089	2.283832931240754
22.350000000000090	2.283832931240754
22.380000000000091	2.283832931240753
22.410000000000093	2.283832931240753
22.440000000000094	2.283832931240754
22.470000000000095	2.283832931240753
22.500000000000096	2.283832931240754
22.530000000000097	2.283832931240753
22.560000000000098	2.283832931240754
22.590000000000099	2.283832931240754
22.620000000000100	2.283832931240754
22.650000000000102	2.283832931240754
22.680000000000103	2.283832931240754
22.710000000000104	2.283832931240753
22.740000000000105	2.283832931240753
22.770000000000106	2.283832931240754
22.800000000000107	2.283832931240753
22.830000000000108	2.283832931240753
22.860000000000110	2.283832931240754
22.890000000000111	2.283832931240754
22.920000000000112	2.283832931240753
22.950000000000113	2.283832931240754
22.980000000000114	2.283832931240753
23.010000000000115	2.283832931240753
23.040000000000116	2.283832931240753
23.070000000000118	2.283832931240753
23.100000000000119	2.283832931240753
23.130000000000120	2.283832931240753
23.160000000000121	2.283832931240753
23.190000000000122	2.283832931240753
23.220000000000123	2.283832931240752
23.250000000000124	2.283832931240752
23.280000000000125	2.283832931240752
23.310000000000127	2.283832931240752
23.340000000000128	2.283832931240752
23.370000000000129	2.283832931240752
23.400000000000130	2.283832931240752
23.430000000000131	2.283832931240751
23.460000000000132	2.283832931240751
23.490000000000133	2.283832931240752
23.520000000000135	2.283832931240752
23.550000000000136	2.283832931240752
23.580000000000137	2.283832931240752
23.610000000000138	2.283832931240752
23.640000000000139	2.283832931240752
23.670000000000140	2.283832931240752
23.700000000000141	2.283832931240752
23.730000000000143	2.283832931240752
23.760000000000144	2.283832931240752
23.790000000000145	2.283832931240752
23.820000000000146	2.283832931240752
23.850000000000147	2.283832931240752
23.880000000000148	2.283832931240751
23.910000000000149	2.283832931240751
23.940000000000150	2.283832931240751
23.970000000000152	2.283832931240751
24.000000000000153	2.283832931240751
24.030000000000154	2.283832931240752
24.060000000000155	2.283832931240752
24.090000000000156	2.283832931240751
24.120000000000157	2.283832931240752
24.150000000000158	2.283832931240752
24.180000000000160	2.283832931240751
24.210000000000161	2.283832931240752
24.240000000000162	2.283832931240752
24.270000000000163	2.283832931240751
24.300000000000164	2.283832931240752
24.330000000000165	2.283832931240751
24.360000000000166	2.283832931240751
24.390000000000168	2.283832931240751
24.420000000000169	2.283832931240751
24.450000000000170	2.283832931240751
24.480000000000171	2.283832931240751
24.510000000000172	2.283832931240751
24.540000000000173	2.283832931240751
24.570000000000174	2.283832931240751
24.600000000000176	2.283832931240751
24.630000000000177	2.283832931240751
24.660000000000178	2.283832931240751
24.690000000000179	2.283832931240751
24.720000000000180	2.283832931240751
24.750000000000181	2.283832931240751
24.780000000000182	2.283832931240751
24.810000000000183	2.283832931240751
24.840000000000185	2.283832931240751
24.870000000000186	2.283832931240751
24.900000000000187	2.283832931240751
24.930000000000188	2.283832931240751
24.960000000000189	2.283832931240751
24.990000000000190	2.283832931240751
25.020000000000191	2.283832931240751
25.050000000000193	2.283832931240751
25.080000000000194	2.283832931240751
25.110000000000195	2.283832931240751
25.140000000000196	2.283832931240751
25.170000000000197	2.283832931240751
25.200000000000198	2.283832931240751
25.230000000000199	2.283832931240751
25.260000000000201	2.283832931240751
25.290000000000202	2.283832931240751
25.320000000000203	2.283832931240751
25.350000000000204	2.283832931240751
25.380000000000205	2.283832931240751
25.410000000000206	2.283832931240751
25.440000000000207	2.283832931240751
25.470000000000208	2.283832931240751
25.500000000000210	2.283832931240751
25.530000000000211	2.283832931240751
25.560000000000212	2.283832931240751
25.590000000000213	2.283832931240751
25.620000000000214	2.283832931240751
25.650000000000215	2.283832931240751
25.680000000000216	2.283832931240751
25.710000000000218	2.283832931240752
25.740000000000219	2.283832931240751
25.770000000000220	2.283832931240751
25.800000000000221	2.283832931240751
25.830000000000222	2.283832931240751
25.860000000000223	2.283832931240751
25.890000000000224	2.283832931240751
25.920000000000226	2.283832931240751
25.950000000000227	2.283832931240751
25.980000000000228	2.283832931240751
26.010000000000229	2.283832931240751
26.040000000000230	2.283832931240751
26.070000000000231	2.283832931240751
26.100000000000232	2.283832931240751
26.130000000000233	2.283832931240751
26.160000000000235	2.283832931240751
26.190000000000236	2.283832931240751
26.220000000000237	2.283832931240751
26.250000000000238	2.283832931240751
26.280000000000239	2.283832931240750
26.310000000000240	2.283832931240751
26.340000000000241	2.283832931240751
26.370000000000243	2.283832931240751
26.400000000000244	2.283832931240750
26.430000000000245	2.283832931240750
26.460000000000246	2.283832931240751
26.490000000000247	2.283832931240751
26.520000000000248	2.283832931240751
26.550000000000249	2.283832931240751
26.580000000000251	2.283832931240751
26.610000000000252	2.283832931240750
26.640000000000253	2.283832931240750
26.670000000000254	2.283832931240751
26.700000000000255	2.283832931240750
26.730000000000256	2.283832931240750
26.760000000000257	2.283832931240750
26.790000000000258	2.283832931240750
26.820000000000260	2.283832931240750
26.850000000000261	2.283832931240750
26.880000000000262	2.283832931240750
26.910000000000263	2.283832931240750
26.940000000000264	2.283832931240750
26.970000000000265	2.283832931240750
27.000000000000266	2.283832931240750
27.030000000000268	2.283832931240750
27.060000000000269	2.283832931240750
27.090000000000270	2.283832931240750
27.120000000000271	2.283832931240750
27.150000000000272	2.283832931240750
27.180000000000273	2.283832931240750
27.210000000000274	2.283832931240750
27.240000000000276	2.283832931240750
27.270000000000277	2.283832931240750
27.300000000000278	2.283832931240750
27.330000000000279	2.283832931240749
27.360000000000280	2.283832931240749
27.390000000000281	2.283832931240750
27.420000000000282	2.283832931240749
27.450000000000284	2.283832931240750
27.480000000000285	2.283832931240749
27.510000000000286	2.283832931240749
27.540000000000287	2.283832931240749
27.570000000000288	2.283832931240749
27.600000000000289	2.283832931240749
27.630000000000290	2.283832931240750
27.660000000000291	2.283832931240749
27.690000000000293	2.283832931240750
27.720000000000294	2.283832931240750
27.750000000000295	2.283832931240750
27.780000000000296	2.283832931240750
27.810000000000297	2.283832931240750
27.840000000000298	2.283832931240750
27.870000000000299	2.283832931240750
27.900000000000301	2.283832931240749
27.930000000000302	2.283832931240750
27.960000000000303	2.283832931240750
27.990000000000304	2.283832931240749
28.020000000000305	2.283832931240749
28.050000000000306	2.283832931240749
28.080000000000307	2.283832931240749
28.110000000000309	2.283832931240749
28.140000000000310	2.283832931240749
28.170000000000311	2.283832931240749
28.200000000000312	2.283832931240749
28.230000000000313	2.283832931240749
28.260000000000314	2.283832931240749
28.290000000000315	2.283832931240749
28.320000000000316	2.283832931240748
28.350000000000318	2.283832931240749
28.380000000000319	2.283832931240748
28.410000000000320	2.283832931240749
28.440000000000321	2.283832931240749
28.470000000000322	2.283832931240749
28.500000000000323	2.283832931240749
28.530000000000324	2.283832931240749
28.560000000000326	2.283832931240748
28.590000000000327	2.283832931240748
28.620000000000328	2.283832931240748
28.650000000000329	2.283832931240748
28.680000000000330	2.283832931240748
28.710000000000331	2.283832931240748
28.740000000000332	2.283832931240748
28.770000000000334	2.283832931240748
28.800000000000335	2.283832931240748
28.830000000000336	2.283832931240749
28.860000000000337	2.283832931240749
28.890000000000338	2.283832931240748
28.920000000000339	2.283832931240748
28.950000000000340	2.283832931240749
28.980000000000341	2.283832931240749
29.010000000000343	2.283832931240749
29.040000000000344	2.283832931240749
29.070000000000345	2.283832931240748
29.100000000000346	2.283832931240748
29.130000000000347	2.283832931240748
29.160000000000348	2.283832931240748
29.190000000000349	2.283832931240749
29.220000000000351	2.283832931240749
29.250000000000352	2.283832931240748
29.280000000000353	2.283832931240748
29.310000000000354	2.283832931240749
29.340000000000355	2.283832931240749
29.370000000000356	2.283832931240749
29.400000000000357	2.283832931240749
29.430000000000359	2.283832931240749
29.460000000000360	2.283832931240749
29.490000000000361	2.283832931240748
29.520000000000362	2.283832931240749
29.550000000000363	2.283832931240749
29.580000000000364	2.283832931240749
29.610000000000365	2.283832931240748
29.640000000000366	2.283832931240749
29.670000000000368	2.283832931240749
29.700000000000369	2.283832931240748
29.730000000000370	2.283832931240748
29.760000000000371	2.283832931240749
29.790000000000372	2.283832931240748
29.820000000000373	2.283832931240749
29.850000000000374	2.283832931240748
29.880000000000376	2.283832931240748
29.910000000000377	2.283832931240749
29.940000000000378	2.283832931240748
29.970000000000379	2.283832931240748
30.000000000000380	2.283832931240748
