0.000000000000000	1.000000000000000
0.030000000000000	0.999831242215471
0.060000000000000	0.999324875413499
0.090000000000000	0.998480618959481
0.120000000000000	0.997298004181631
0.150000000000000	0.995776372942523
0.180000000000000	0.993914875624590
0.210000000000000	0.991712468514686
0.240000000000000	0.989167910568205
0.270000000000000	0.986279759528402
0.300000000000000	0.983046367371345
0.330000000000000	0.979465875041313
0.360000000000000	0.975536206435321
0.390000000000000	0.971255061588732
0.420000000000000	0.966619909006467
0.450000000000000	0.961627977076028
0.480000000000000	0.956276244489246
0.510000000000000	0.950561429589214
0.540000000000000	0.944479978546967
0.570000000000000	0.938028052259010
0.600000000000000	0.931201511841362
0.630000000000000	0.923995902578070
0.660000000000000	0.916406436161787
0.690000000000000	0.908427971040411
0.720000000000000	0.900054990656392
0.750000000000000	0.891281579333409
0.780000000000000	0.882101395527771
0.810000000000000	0.872507642118005
0.840000000000001	0.862493033354365
0.870000000000001	0.852049758028702
0.900000000000001	0.841169438352242
0.930000000000001	0.829843083941766
0.960000000000001	0.818061040210195
0.990000000000001	0.805812930331612
1.020000000000001	0.793087589798129
1.050000000000001	0.779872992400086
1.080000000000001	0.766156166233397
1.110000000000001	0.751923098057458
1.140000000000001	0.737158623979533
1.170000000000001	0.721846304008236
1.200000000000001	0.705968277474726
1.230000000000001	0.689505095632361
1.260000000000001	0.672435526869258
1.290000000000001	0.654736328842813
1.320000000000001	0.636381980387711
1.350000000000001	0.617344364144069
1.380000000000001	0.597592388338943
1.410000000000001	0.577091532804065
1.440000000000001	0.555803299798087
1.470000000000001	0.533684544048192
1.500000000000001	0.510686647936812
1.530000000000001	0.486754495898558
1.560000000000001	0.461825185303494
1.590000000000001	0.435826387022659
1.620000000000001	0.408674233895009
1.650000000000001	0.380270563958783
1.680000000000001	0.350499269424542
1.710000000000001	0.319221390691342
1.740000000000001	0.286268435167653
1.770000000000001	0.251433195410437
1.800000000000001	0.214457175949658
1.830000000000001	0.175014089515741
1.860000000000001	0.132692053495849
1.890000000000001	0.086994821170135
1.920000000000001	0.037484257328721
1.950000000000002	-0.015095109914987
1.980000000000002	-0.059412515078416
2.010000000000002	-0.049922014244881
2.040000000000001	0.000480305435911
2.070000000000001	0.053042676342366
2.100000000000001	0.101093206797997
2.130000000000001	0.144293582241200
2.160000000000001	0.183132975342285
2.190000000000000	0.218133097316087
2.220000000000000	0.249731212444712
2.250000000000000	0.278277832402102
2.280000000000000	0.304052614479075
2.310000000000000	0.327279997426353
2.339999999999999	0.348141561552393
2.369999999999999	0.366785293793399
2.399999999999999	0.383332454461249
2.429999999999999	0.397882678428531
2.459999999999999	0.410517789402051
2.489999999999998	0.421304670501410
2.519999999999998	0.430297433343118
2.549999999999998	0.437539056043790
2.579999999999998	0.443062610068905
2.609999999999998	0.446892160083475
2.639999999999997	0.449043395121599
2.669999999999997	0.449524030131020
2.699999999999997	0.448334001910421
2.729999999999997	0.445465470926610
2.759999999999997	0.440902629137399
2.789999999999996	0.434621302586998
2.819999999999996	0.426588325013202
2.849999999999996	0.416760643655999
2.879999999999996	0.405084099133628
2.909999999999996	0.391491795211635
2.939999999999996	0.375901937978569
2.969999999999995	0.358214972092696
2.999999999999995	0.338309766628466
3.029999999999995	0.316038493756479
3.059999999999995	0.291219687051018
3.089999999999995	0.263628756442621
3.119999999999994	0.232985015981182
3.149999999999994	0.198934316446671
3.179999999999994	0.161027932265428
3.209999999999994	0.118707370729472
3.239999999999994	0.071352175333053
3.269999999999993	0.018727631785827
3.299999999999993	-0.035769652270200
3.329999999999993	-0.064032785768853
3.359999999999993	-0.031436265755990
3.389999999999993	0.020991128455149
3.419999999999992	0.071045431495269
3.449999999999992	0.115607336540135
3.479999999999992	0.154671109202408
3.509999999999992	0.188684817718832
3.539999999999992	0.218096703683440
3.569999999999991	0.243278196309059
3.599999999999991	0.264521397393944
3.629999999999991	0.282050293865051
3.659999999999991	0.296032261343057
3.689999999999991	0.306587135430174
3.719999999999990	0.313793662656739
3.749999999999990	0.317693652648743
3.779999999999990	0.318294143623158
3.809999999999990	0.315567755998818
3.839999999999990	0.309451238921217
3.869999999999989	0.299842021382551
3.899999999999989	0.286592343992864
3.929999999999989	0.269500237188556
3.959999999999989	0.248296196329629
3.989999999999989	0.222623916416106
4.019999999999989	0.192013275949737
4.049999999999989	0.155846037353586
4.079999999999989	0.113330641570509
4.109999999999990	0.063596800418404
4.139999999999990	0.006650137993295
4.169999999999990	-0.049072430527188
4.199999999999990	-0.058483814728332
4.229999999999991	-0.012601941430145
4.259999999999991	0.041556452746821
4.289999999999991	0.089920277831175
4.319999999999991	0.130562146820768
4.349999999999992	0.163612811482088
4.379999999999992	0.189488658788634
4.409999999999992	0.208553013414872
4.439999999999992	0.221051979862954
4.469999999999993	0.227107043572898
4.499999999999993	0.226715626558545
4.529999999999993	0.219746920219382
4.559999999999993	0.205928713579236
4.589999999999994	0.184823086903948
4.619999999999994	0.155792222587633
4.649999999999994	0.117974426909028
4.679999999999994	0.070397450703760
4.709999999999995	0.013035238477520
4.739999999999995	-0.045434790346741
4.769999999999995	-0.059364814458960
4.799999999999995	-0.013930601000229
4.829999999999996	0.041836590400944
4.859999999999996	0.089834712411531
4.889999999999996	0.126872409134181
4.919999999999996	0.152587981226618
4.949999999999997	0.167030137796528
4.979999999999997	0.170128896269508
5.009999999999997	0.161546147954065
5.039999999999997	0.140609813244248
5.069999999999998	0.106309697479428
5.099999999999998	0.057635541960138
5.129999999999998	-0.003814294634213
5.159999999999998	-0.057062290159091
5.189999999999999	-0.048317712701838
5.219999999999999	0.005372101113168
5.249999999999999	0.059396268584101
5.279999999999999	0.099243282956028
5.310000000000000	0.120555309725580
5.340000000000000	0.121104772774279
5.370000000000000	0.098828768058602
5.400000000000000	0.052091299921988
5.430000000000001	-0.014307618400541
5.460000000000001	-0.060354759137112
5.490000000000001	-0.035085590668677
5.520000000000001	0.023267887537800
5.550000000000002	0.071180235017474
5.580000000000002	0.089177170314552
5.610000000000002	0.066027523004196
5.640000000000002	0.000909558437545
5.670000000000003	-0.054703840837550
5.700000000000003	-0.029212552142751
5.730000000000003	0.032829862644733
5.760000000000003	0.030444676724789
5.790000000000004	-0.050744101032026
5.820000000000004	-0.054794427667254
5.850000000000004	0.039542171966717
5.880000000000004	0.108850887956593
5.910000000000005	0.166159844666899
5.940000000000005	0.220111047634206
5.970000000000005	0.272371089224550
6.000000000000005	0.323596499971601
6.030000000000006	0.374118502644786
6.060000000000006	0.424129104761367
6.090000000000006	0.473750133680083
6.120000000000006	0.523063985860517
6.150000000000007	0.572129113187658
6.180000000000007	0.620988548476564
6.210000000000007	0.669674928197617
6.240000000000007	0.718213614290287
6.270000000000008	0.766624720592240
6.300000000000008	0.814924476414297
6.330000000000008	0.863126172330600
6.360000000000008	0.911240833415908
6.390000000000009	0.959277709341956
6.420000000000009	1.007244638215523
6.450000000000009	1.055148321394420
6.480000000000009	1.102994534276102
6.510000000000010	1.150788290213612
6.540000000000010	1.198533969568599
6.570000000000010	1.246235422460361
6.600000000000010	1.293896051409551
6.630000000000011	1.341518878431842
6.660000000000011	1.389106599974106
6.690000000000011	1.436661632250688
6.720000000000011	1.484186148929712
6.750000000000012	1.531682112671498
6.780000000000012	1.579151301687339
6.810000000000012	1.626595332235372
6.840000000000012	1.674015677778882
6.870000000000013	1.721413685385403
6.900000000000013	1.768790589831138
6.930000000000013	1.816147525786305
6.960000000000013	1.863485538387082
6.990000000000014	1.910805592444394
7.020000000000014	1.958108580495571
7.050000000000014	2.005395329869414
7.080000000000014	2.052666608906536
7.110000000000015	2.099923132453566
7.140000000000015	2.147165566730814
7.170000000000015	2.194394533657355
7.200000000000015	2.241610614704663
7.230000000000016	2.288814354339260
7.260000000000016	2.336006263105944
7.290000000000016	2.383186820395810
7.320000000000016	2.430356476936995
7.350000000000017	2.477515657040888
7.380000000000017	2.524664760632113
7.410000000000017	2.571804165086809
7.440000000000017	2.618934226900581
7.470000000000018	2.666055283204735
7.500000000000018	2.713167653147090
7.530000000000018	2.760271639151644
7.560000000000018	2.807367528069650
7.590000000000019	2.854455592233160
7.620000000000019	2.901536090420807
7.650000000000019	2.948609268744448
7.680000000000019	2.995675361464369
7.710000000000020	3.042734591739820
7.740000000000020	3.089787172320980
7.770000000000020	3.136833306187738
7.800000000000020	3.183873187140141
7.830000000000020	3.230907000344833
7.860000000000021	3.277934922841361
7.890000000000021	3.324957124011857
7.920000000000021	3.371973766017210
7.950000000000021	3.418985004202582
7.980000000000022	3.465990987474801
8.010000000000021	3.512991858653964
8.040000000000020	3.559987754801317
8.070000000000020	3.606978807525321
8.100000000000019	3.653965143267631
8.130000000000019	3.700946883570529
8.160000000000018	3.747924145327268
8.190000000000017	3.794897041016593
8.220000000000017	3.841865678922642
8.250000000000016	3.888830163341312
8.280000000000015	3.935790594774059
8.310000000000015	3.982747070110066
8.340000000000014	4.029699682797580
8.370000000000013	4.076648523005211
8.400000000000013	4.123593677773866
8.430000000000012	4.170535231159981
8.460000000000012	4.217473264370634
8.490000000000011	4.264407855891089
8.520000000000010	4.311339081605275
8.550000000000010	4.358267014909661
8.580000000000009	4.405191726820962
8.610000000000008	4.452113286078072
8.640000000000008	4.499031759238589
8.670000000000007	4.545947210770274
8.700000000000006	4.592859703137765
8.730000000000006	4.639769296884828
8.760000000000005	4.686676050712433
8.790000000000004	4.733580021552889
8.820000000000004	4.780481264640295
8.850000000000003	4.827379833577500
8.880000000000003	4.874275780399808
8.910000000000002	4.921169155635584
8.940000000000001	4.968060008363969
8.970000000000001	5.014948386269847
9.000000000000000	5.061834335696227
9.029999999999999	5.108717901694194
9.059999999999999	5.155599128070549
9.089999999999998	5.202478057433267
9.119999999999997	5.249354731234903
9.149999999999997	5.296229189814047
9.179999999999996	5.343101472434934
9.209999999999996	5.389971617325303
9.239999999999995	5.436839661712611
9.269999999999994	5.483705641858668
9.299999999999994	5.530569593092790
9.329999999999993	5.577431549843539
9.359999999999992	5.624291545669118
9.389999999999992	5.671149613286506
9.419999999999991	5.718005784599363
9.449999999999990	5.764860090724807
9.479999999999990	5.811712562019084
9.509999999999989	5.858563228102201
9.539999999999988	5.905412117881575
9.569999999999988	5.952259259574728
9.599999999999987	5.999104680731096
9.629999999999987	6.045948408252977
9.659999999999986	6.092790468415663
9.689999999999985	6.139630886886795
9.719999999999985	6.186469688744979
9.749999999999984	6.233306898497691
9.779999999999983	6.280142540098508
9.809999999999983	6.326976636963688
9.839999999999982	6.373809211988147
9.869999999999981	6.420640287560827
9.899999999999981	6.467469885579522
9.929999999999980	6.514298027465146
9.959999999999980	6.561124734175498
9.989999999999979	6.607950026218530
10.019999999999978	6.654773923665143
10.049999999999978	6.701596446161530
10.079999999999977	6.748417612941086
10.109999999999976	6.795237442835905
10.139999999999976	6.842055954287877
10.169999999999975	6.888873165359406
10.199999999999974	6.935689093743759
10.229999999999974	6.982503756775069
10.259999999999973	7.029317171437993
10.289999999999973	7.076129354377061
10.319999999999972	7.122940321905698
10.349999999999971	7.169750090014962
10.379999999999971	7.216558674381988
10.409999999999970	7.263366090378156
10.439999999999969	7.310172353077005
10.469999999999969	7.356977477261878
10.499999999999968	7.403781477433335
10.529999999999967	7.450584367816326
10.559999999999967	7.497386162367135
10.589999999999966	7.544186874780113
10.619999999999965	7.590986518494194
10.649999999999965	7.637785106699217
10.679999999999964	7.684582652342045
10.709999999999964	7.731379168132508
10.739999999999963	7.778174666549154
10.769999999999962	7.824969159844834
10.799999999999962	7.871762660052113
10.829999999999961	7.918555178988530
10.859999999999960	7.965346728261691
10.889999999999960	8.012137319274217
10.919999999999959	8.058926963228547
10.949999999999958	8.105715671131602
10.979999999999958	8.152503453799309
11.009999999999957	8.199290321860998
11.039999999999957	8.246076285763678
11.069999999999956	8.292861355776184
11.099999999999955	8.339645541993205
11.129999999999955	8.386428854339208
11.159999999999954	8.433211302572245
11.189999999999953	8.479992896287655
11.219999999999953	8.526773644921667
11.249999999999952	8.573553557754899
11.279999999999951	8.620332643915763
11.309999999999951	8.667110912383782
11.339999999999950	8.713888371992807
11.369999999999949	8.760665031434158
11.399999999999949	8.807440899259673
11.429999999999948	8.854215983884680
11.459999999999948	8.900990293590894
11.489999999999947	8.947763836529225
11.519999999999946	8.994536620722524
11.549999999999946	9.041308654068256
11.579999999999945	9.088079944341096
11.609999999999944	9.134850499195469
11.639999999999944	9.181620326168012
11.669999999999943	9.228389432679988
11.699999999999942	9.275157826039624
11.729999999999942	9.321925513444402
11.759999999999941	9.368692501983283
11.789999999999941	9.415458798638880
11.819999999999940	9.462224410289579
11.849999999999939	9.508989343711603
11.879999999999939	9.555753605581023
11.909999999999938	9.602517202475727
11.939999999999937	9.649280140877341
11.969999999999937	9.696042427173090
11.999999999999936	9.742804067657634
12.029999999999935	9.789565068534838
12.059999999999935	9.836325435919523
12.089999999999934	9.883085175839154
12.119999999999933	9.929844294235501
12.149999999999933	9.976602796966258
12.179999999999932	10.023360689806619
12.209999999999932	10.070117978450824
12.239999999999931	10.116874668513667
12.269999999999930	10.163630765531964
12.299999999999930	10.210386274965996
12.329999999999929	10.257141202200911
12.359999999999928	10.303895552548095
12.389999999999928	10.350649331246521
12.419999999999927	10.397402543464052
12.449999999999926	10.444155194298729
12.479999999999926	10.490907288780020
12.509999999999925	10.537658831870051
12.539999999999925	10.584409828464795
12.569999999999924	10.631160283395250
12.599999999999923	10.677910201428583
12.629999999999923	10.724659587269249
12.659999999999922	10.771408445560088
12.689999999999921	10.818156780883394
12.719999999999921	10.864904597761971
12.749999999999920	10.911651900660150
12.779999999999919	10.958398693984801
12.809999999999919	11.005144982086311
12.839999999999918	11.051890769259545
12.869999999999918	11.098636059744793
12.899999999999917	11.145380857728684
12.929999999999916	11.192125167345093
12.959999999999916	11.238868992676025
12.989999999999915	11.285612337752475
13.019999999999914	11.332355206555279
13.049999999999914	11.379097603015941
13.079999999999913	11.425839531017445
13.109999999999912	11.472580994395054
13.139999999999912	11.519321996937085
13.169999999999911	11.566062542385676
13.199999999999910	11.612802634437532
13.229999999999910	11.659542276744656
13.259999999999909	11.706281472915073
13.289999999999909	11.753020226513527
13.319999999999908	11.799758541062179
13.349999999999907	11.846496420041271
13.379999999999907	11.893233866889803
13.409999999999906	11.939970885006172
13.439999999999905	11.986707477748812
13.469999999999905	12.033443648436821
13.499999999999904	12.080179400350570
13.529999999999903	12.126914736732306
13.559999999999903	12.173649660786738
13.589999999999902	12.220384175681618
13.619999999999902	12.267118284548303
13.649999999999901	12.313851990482316
13.679999999999900	12.360585296543887
13.709999999999900	12.407318205758488
13.739999999999899	12.454050721117362
13.769999999999898	12.500782845578030
13.799999999999898	12.547514582064805
13.829999999999897	12.594245933469280
13.859999999999896	12.640976902650818
13.889999999999896	12.687707492437033
13.919999999999895	12.734437705624250
13.949999999999894	12.781167544977974
13.979999999999894	12.827897013233333
14.009999999999893	12.874626113095530
14.039999999999893	12.921354847240275
14.069999999999892	12.968083218314208
14.099999999999891	13.014811228935322
14.129999999999891	13.061538881693382
14.159999999999890	13.108266179150316
14.189999999999889	13.154993123840624
14.219999999999889	13.201719718271761
14.249999999999888	13.248445964924528
14.279999999999887	13.295171866253440
14.309999999999887	13.341897424687106
14.339999999999886	13.388622642628583
14.369999999999886	13.435347522455739
14.399999999999885	13.482072066521601
14.429999999999884	13.528796277154704
14.459999999999884	13.575520156659428
14.489999999999883	13.622243707316327
14.519999999999882	13.668966931382464
14.549999999999882	13.715689831091726
14.579999999999881	13.762412408655145
14.609999999999880	13.809134666261205
14.639999999999880	13.855856606076150
14.669999999999879	13.902578230244288
14.699999999999878	13.949299540888276
14.729999999999878	13.996020540109424
14.759999999999877	14.042741229987968
14.789999999999877	14.089461612583360
14.819999999999876	14.136181689934538
14.849999999999875	14.182901464060205
14.879999999999875	14.229620936959085
14.909999999999874	14.276340110610198
14.939999999999873	14.323058986973107
14.969999999999873	14.369777567988184
14.999999999999872	14.416495855576850
15.029999999999871	14.463213851641825
15.059999999999871	14.509931558067370
15.089999999999870	14.556648976719528
15.119999999999870	14.603366109446350
15.149999999999869	14.650082958078134
15.179999999999868	14.696799524427648
15.209999999999868	14.743515810290356
15.239999999999867	14.790231817444631
15.269999999999866	14.836947547651981
15.299999999999866	14.883663002657253
15.329999999999865	14.930378184188847
15.359999999999864	14.977093093958922
15.389999999999864	15.023807733663599
15.419999999999863	15.070522104983157
15.449999999999863	15.117236209582234
15.479999999999862	15.163950049110021
15.509999999999861	15.210663625200448
15.539999999999861	15.257376939472378
15.569999999999860	15.304089993529786
15.599999999999859	15.350802788961945
15.629999999999859	15.397515327343603
15.659999999999858	15.444227610235162
15.689999999999857	15.490939639182846
15.719999999999857	15.537651415718884
15.749999999999856	15.584362941361663
15.779999999999855	15.631074217615906
15.809999999999855	15.677785245972832
15.839999999999854	15.724496027910316
15.869999999999854	15.771206564893049
15.899999999999853	15.817916858372694
15.929999999999852	15.864626909788042
15.959999999999852	15.911336720565158
15.989999999999851	15.958046292117540
16.019999999999850	16.004755625846258
16.049999999999851	16.051464723140104
16.079999999999853	16.098173585375729
16.109999999999854	16.144882213917796
16.139999999999855	16.191590610119107
16.169999999999856	16.238298775320743
16.199999999999857	16.285006710852205
16.229999999999858	16.331714418031542
16.259999999999859	16.378421898165481
16.289999999999861	16.425129152549559
16.319999999999862	16.471836182468248
16.349999999999863	16.518542989195087
16.379999999999864	16.565249573992794
16.409999999999865	16.611955938113404
16.439999999999866	16.658662082798376
16.469999999999867	16.705368009278718
16.499999999999869	16.752073718775101
16.529999999999870	16.798779212497976
16.559999999999871	16.845484491647689
16.589999999999872	16.892189557414593
16.619999999999873	16.938894410979156
16.649999999999874	16.985599053512072
16.679999999999875	17.032303486174371
16.709999999999877	17.079007710117519
16.739999999999878	17.125711726483530
16.769999999999879	17.172415536405062
16.799999999999880	17.219119141005525
16.829999999999881	17.265822541399178
16.859999999999882	17.312525738691232
16.889999999999883	17.359228733977943
16.919999999999884	17.405931528346709
16.949999999999886	17.452634122876169
16.979999999999887	17.499336518636294
17.009999999999888	17.546038716688482
17.039999999999889	17.592740718085643
17.069999999999890	17.639442523872301
17.099999999999891	17.686144135084668
17.129999999999892	17.732845552750742
17.159999999999894	17.779546777890396
17.189999999999895	17.826247811515454
17.219999999999896	17.872948654629781
17.249999999999897	17.919649308229367
17.279999999999898	17.966349773302408
17.309999999999899	18.013050050829388
17.339999999999900	18.059750141783155
17.369999999999902	18.106450047129005
17.399999999999903	18.153149767824758
17.429999999999904	18.199849304820830
17.459999999999905	18.246548659060327
17.489999999999906	18.293247831479093
17.519999999999907	18.339946823005807
17.549999999999908	18.386645634562047
17.579999999999909	18.433344267062360
17.609999999999911	18.480042721414335
17.639999999999912	18.526740998518680
17.669999999999913	18.573439099269279
17.699999999999914	18.620137024553276
17.729999999999915	18.666834775251125
17.759999999999916	18.713532352236673
17.789999999999917	18.760229756377218
17.819999999999919	18.806926988533576
17.849999999999920	18.853624049560143
17.879999999999921	18.900320940304962
17.909999999999922	18.947017661609785
17.939999999999923	18.993714214310138
17.969999999999924	19.040410599235372
17.999999999999925	19.087106817208738
18.029999999999927	19.133802869047436
18.059999999999928	19.180498755562677
18.089999999999929	19.227194477559745
18.119999999999930	19.273890035838047
18.149999999999931	19.320585431191180
18.179999999999932	19.367280664406980
18.209999999999933	19.413975736267577
18.239999999999934	19.460670647549456
18.269999999999936	19.507365399023509
18.299999999999937	19.554059991455084
18.329999999999938	19.600754425604041
18.359999999999939	19.647448702224807
18.389999999999940	19.694142822066425
18.419999999999941	19.740836785872606
18.449999999999942	19.787530594381781
18.479999999999944	19.834224248327146
18.509999999999945	19.880917748436715
18.539999999999946	19.927611095433367
18.569999999999947	19.974304290034897
18.599999999999948	20.020997332954067
18.629999999999949	20.067690224898637
18.659999999999950	20.114382966571430
18.689999999999952	20.161075558670369
18.719999999999953	20.207768001888525
18.749999999999954	20.254460296914161
18.779999999999955	20.301152444430770
18.809999999999956	20.347844445117133
18.839999999999957	20.394536299647349
18.869999999999958	20.441228008690889
18.899999999999959	20.487919572912627
18.929999999999961	20.534610992972890
18.959999999999962	20.581302269527498
18.989999999999963	20.627993403227801
19.019999999999964	20.674684394720728
19.049999999999965	20.721375244648815
19.079999999999966	20.768065953650254
19.109999999999967	20.814756522358930
19.139999999999969	20.861446951404456
19.169999999999970	20.908137241412220
19.199999999999971	20.954827393003413
19.229999999999972	21.001517406795067
19.259999999999973	21.048207283400103
19.289999999999974	21.094897023427354
19.319999999999975	21.141586627481612
19.349999999999977	21.188276096163655
19.379999999999978	21.234965430070286
19.409999999999979	21.281654629794375
19.439999999999980	21.328343695924875
19.469999999999981	21.375032629046881
19.499999999999982	21.421721429741645
19.529999999999983	21.468410098586613
19.559999999999985	21.515098636155464
19.589999999999986	21.561787043018139
19.619999999999987	21.608475319740876
19.649999999999988	21.655163466886236
19.679999999999989	21.701851485013140
19.709999999999990	21.748539374676898
19.739999999999991	21.795227136429247
19.769999999999992	21.841914770818367
19.799999999999994	21.888602278388923
19.829999999999995	21.935289659682095
19.859999999999996	21.981976915235602
19.889999999999997	22.028664045583735
19.919999999999998	22.075351051257385
19.949999999999999	22.122037932784075
19.980000000000000	22.168724690687981
20.010000000000002	22.215411325489971
20.040000000000003	22.262097837707618
20.070000000000004	22.308784227855242
20.100000000000005	22.355470496443932
20.130000000000006	22.402156643981570
20.160000000000007	22.448842670972866
20.190000000000008	22.495528577919369
20.220000000000010	22.542214365319513
20.250000000000011	22.588900033668626
20.280000000000012	22.635585583458962
20.310000000000013	22.682271015179733
20.340000000000014	22.728956329317128
20.370000000000015	22.775641526354331
20.400000000000016	22.822326606771558
20.430000000000017	22.869011571046073
20.460000000000019	22.915696419652217
20.490000000000020	22.962381153061433
20.520000000000021	23.009065771742275
20.550000000000022	23.055750276160456
20.580000000000023	23.102434666778855
20.610000000000024	23.149118944057534
20.640000000000025	23.195803108453781
20.670000000000027	23.242487160422115
20.700000000000028	23.289171100414315
20.730000000000029	23.335854928879442
20.760000000000030	23.382538646263860
20.790000000000031	23.429222253011257
20.820000000000032	23.475905749562667
20.850000000000033	23.522589136356491
20.880000000000035	23.569272413828518
20.910000000000036	23.615955582411946
20.940000000000037	23.662638642537402
20.970000000000038	23.709321594632964
21.000000000000039	23.756004439124180
21.030000000000040	23.802687176434080
21.060000000000041	23.849369806983216
21.090000000000042	23.896052331189654
21.120000000000044	23.942734749469022
21.150000000000045	23.989417062234509
21.180000000000046	24.036099269896887
21.210000000000047	24.082781372864538
21.240000000000048	24.129463371543466
21.270000000000049	24.176145266337318
21.300000000000050	24.222827057647400
21.330000000000052	24.269508745872695
21.360000000000053	24.316190331409882
21.390000000000054	24.362871814653356
21.420000000000055	24.409553195995247
21.450000000000056	24.456234475825426
21.480000000000057	24.502915654531531
21.510000000000058	24.549596732498987
21.540000000000060	24.596277710111021
21.570000000000061	24.642958587748669
21.600000000000062	24.689639365790804
21.630000000000063	24.736320044614150
21.660000000000064	24.783000624593292
21.690000000000065	24.829681106100704
21.720000000000066	24.876361489506753
21.750000000000068	24.923041775179719
21.780000000000069	24.969721963485814
21.810000000000070	25.016402054789193
21.840000000000071	25.063082049451975
21.870000000000072	25.109761947834247
21.900000000000073	25.156441750294093
21.930000000000074	25.203121457187599
21.960000000000075	25.249801068868873
21.990000000000077	25.296480585690055
22.020000000000078	25.343160008001338
22.050000000000079	25.389839336150974
22.080000000000080	25.436518570485298
22.110000000000081	25.483197711348737
22.140000000000082	25.529876759083820
22.170000000000083	25.576555714031194
22.200000000000085	25.623234576529647
22.230000000000086	25.669913346916111
22.260000000000087	25.716592025525678
22.290000000000088	25.763270612691617
22.320000000000089	25.809949108745379
22.350000000000090	25.856627514016619
22.380000000000091	25.903305828833204
22.410000000000093	25.949984053521231
22.440000000000094	25.996662188405033
22.470000000000095	26.043340233807193
22.500000000000096	26.090018190048564
22.530000000000097	26.136696057448269
22.560000000000098	26.183373836323728
22.590000000000099	26.230051526990653
22.620000000000100	26.276729129763080
22.650000000000102	26.323406644953362
22.680000000000103	26.370084072872192
22.710000000000104	26.416761413828613
22.740000000000105	26.463438668130028
22.770000000000106	26.510115836082210
22.800000000000107	26.556792917989320
22.830000000000108	26.603469914153912
22.860000000000110	26.650146824876948
22.890000000000111	26.696823650457805
22.920000000000112	26.743500391194292
22.950000000000113	26.790177047382656
22.980000000000114	26.836853619317594
23.010000000000115	26.883530107292266
23.040000000000116	26.930206511598300
23.070000000000118	26.976882832525813
23.100000000000119	27.023559070363412
23.130000000000120	27.070235225398203
23.160000000000121	27.116911297915813
23.190000000000122	27.163587288200393
23.220000000000123	27.210263196534623
23.250000000000124	27.256939023199731
23.280000000000125	27.303614768475498
23.310000000000127	27.350290432640271
23.340000000000128	27.396966015970971
23.370000000000129	27.443641518743100
23.400000000000130	27.490316941230756
23.430000000000131	27.536992283706638
23.460000000000132	27.583667546442058
23.490000000000133	27.630342729706953
23.520000000000135	27.677017833769888
23.550000000000136	27.723692858898069
23.580000000000137	27.770367805357353
23.610000000000138	27.817042673412253
23.640000000000139	27.863717463325951
23.670000000000140	27.910392175360307
23.700000000000141	27.957066809775867
23.730000000000143	28.003741366831868
23.760000000000144	28.050415846786251
23.790000000000145	28.097090249895668
23.820000000000146	28.143764576415496
23.850000000000147	28.190438826599834
23.880000000000148	28.237113000701523
23.910000000000149	28.283787098972148
23.940000000000150	28.330461121662047
23.970000000000152	28.377135069020319
24.000000000000153	28.423808941294837
24.030000000000154	28.470482738732251
24.060000000000155	28.517156461577994
24.090000000000156	28.563830110076292
24.120000000000157	28.610503684470181
24.150000000000158	28.657177185001505
24.180000000000160	28.703850611910916
24.210000000000161	28.750523965437903
24.240000000000162	28.797197245820783
24.270000000000163	28.843870453296713
24.300000000000164	28.890543588101700
24.330000000000165	28.937216650470603
24.360000000000166	28.983889640637148
24.390000000000168	29.030562558833932
24.420000000000169	29.077235405292424
24.450000000000170	29.123908180242982
24.480000000000171	29.170580883914855
24.510000000000172	29.217253516536193
24.540000000000173	29.263926078334048
24.570000000000174	29.310598569534385
24.600000000000176	29.357270990362093
24.630000000000177	29.403943341040986
24.660000000000178	29.450615621793808
24.690000000000179	29.497287832842250
24.720000000000180	29.543959974406949
24.750000000000181	29.590632046707491
24.780000000000182	29.637304049962424
24.810000000000183	29.683975984389264
24.840000000000185	29.730647850204498
24.870000000000186	29.777319647623600
24.900000000000187	29.823991376861024
24.930000000000188	29.870663038130218
24.960000000000189	29.917334631643627
24.990000000000190	29.964006157612705
25.020000000000191	30.010677616247914
25.050000000000193	30.057349007758738
25.080000000000194	30.104020332353681
25.110000000000195	30.150691590240275
25.140000000000196	30.197362781625092
25.170000000000197	30.244033906713742
25.200000000000198	30.290704965710887
25.230000000000199	30.337375958820243
25.260000000000201	30.384046886244576
25.290000000000202	30.430717748185728
25.320000000000203	30.477388544844604
25.350000000000204	30.524059276421191
25.380000000000205	30.570729943114554
25.410000000000206	30.617400545122848
25.440000000000207	30.664071082643325
25.470000000000208	30.710741555872328
25.500000000000210	30.757411965005307
25.530000000000211	30.804082310236826
25.560000000000212	30.850752591760561
25.590000000000213	30.897422809769310
25.620000000000214	30.944092964454995
25.650000000000215	30.990763056008671
25.680000000000216	31.037433084620524
25.710000000000218	31.084103050479889
25.740000000000219	31.130772953775246
25.770000000000220	31.177442794694223
25.800000000000221	31.224112573423607
25.830000000000222	31.270782290149352
25.860000000000223	31.317451945056572
25.890000000000224	31.364121538329552
25.920000000000226	31.410791070151763
25.950000000000227	31.457460540705849
25.980000000000228	31.504129950173645
26.010000000000229	31.550799298736177
26.040000000000230	31.597468586573665
26.070000000000231	31.644137813865534
26.100000000000232	31.690806980790409
26.130000000000233	31.737476087526129
26.160000000000235	31.784145134249751
26.190000000000236	31.830814121137546
26.220000000000237	31.877483048365015
26.250000000000238	31.924151916106879
26.280000000000239	31.970820724537102
26.310000000000240	32.017489473828881
26.340000000000241	32.064158164154655
26.370000000000243	32.110826795686116
26.400000000000244	32.157495368594198
26.430000000000245	32.204163883049091
26.460000000000246	32.250832339220253
26.490000000000247	32.297500737276394
26.520000000000248	32.344169077385502
26.550000000000249	32.390837359714837
26.580000000000251	32.437505584430930
26.610000000000252	32.484173751699601
26.640000000000253	32.530841861685950
26.670000000000254	32.577509914554362
26.700000000000255	32.624177910468518
26.730000000000256	32.670845849591402
26.760000000000257	32.717513732085294
26.790000000000258	32.764181558111780
26.820000000000260	32.810849327831754
26.850000000000261	32.857517041405423
26.880000000000262	32.904184698992310
26.910000000000263	32.950852300751265
26.940000000000264	32.997519846840461
26.970000000000265	33.044187337417398
27.000000000000266	33.090854772638906
27.030000000000268	33.137522152661148
27.060000000000269	33.184189477639642
27.090000000000270	33.230856747729234
27.120000000000271	33.277523963084121
27.150000000000272	33.324191123857858
27.180000000000273	33.370858230203339
27.210000000000274	33.417525282272834
27.240000000000276	33.464192280217972
27.270000000000277	33.510859224189737
27.300000000000278	33.557526114338486
27.330000000000279	33.604192950813953
27.360000000000280	33.650859733765245
27.390000000000281	33.697526463340843
27.420000000000282	33.744193139688619
27.450000000000284	33.790859762955833
27.480000000000285	33.837526333289127
27.510000000000286	33.884192850834538
27.540000000000287	33.930859315737500
27.570000000000288	33.977525728142844
27.600000000000289	34.024192088194809
27.630000000000290	34.070858396037039
27.660000000000291	34.117524651812587
27.690000000000293	34.164190855663918
27.720000000000294	34.210857007732912
27.750000000000295	34.257523108160868
27.780000000000296	34.304189157088508
27.810000000000297	34.350855154655981
27.840000000000298	34.397521101002866
27.870000000000299	34.444186996268172
27.900000000000301	34.490852840590335
27.930000000000302	34.537518634107244
27.960000000000303	34.584184376956209
27.990000000000304	34.630850069274004
28.020000000000305	34.677515711196840
28.050000000000306	34.724181302860380
28.080000000000307	34.770846844399735
28.110000000000309	34.817512335949473
28.140000000000310	34.864177777643633
28.170000000000311	34.910843169615696
28.200000000000312	34.957508511998618
28.230000000000313	35.004173804924825
28.260000000000314	35.050839048526214
28.290000000000315	35.097504242934143
28.320000000000316	35.144169388279458
28.350000000000318	35.190834484692473
28.380000000000319	35.237499532302998
28.410000000000320	35.284164531240307
28.440000000000321	35.330829481633181
28.470000000000322	35.377494383609879
28.500000000000323	35.424159237298149
28.530000000000324	35.470824042825249
28.560000000000326	35.517488800317921
28.590000000000327	35.564153509902411
28.620000000000328	35.610818171704466
28.650000000000329	35.657482785849346
28.680000000000330	35.704147352461810
28.710000000000331	35.750811871666130
28.740000000000332	35.797476343586098
28.770000000000334	35.844140768345007
28.800000000000335	35.890805146065688
28.830000000000336	35.937469476870476
28.860000000000337	35.984133760881235
28.890000000000338	36.030797998219356
28.920000000000339	36.077462189005757
28.950000000000340	36.124126333360884
28.980000000000341	36.170790431404718
29.010000000000343	36.217454483256780
29.040000000000344	36.264118489036122
29.070000000000345	36.310782448861339
29.100000000000346	36.357446362850574
29.130000000000347	36.404110231121507
29.160000000000348	36.450774053791363
29.190000000000349	36.497437830976928
29.220000000000351	36.544101562794523
29.250000000000352	36.590765249360047
29.280000000000353	36.637428890788932
29.310000000000354	36.684092487196182
29.340000000000355	36.730756038696356
29.370000000000356	36.777419545403582
29.400000000000357	36.824083007431547
29.430000000000359	36.870746424893511
29.460000000000360	36.917409797902302
29.490000000000361	36.964073126570312
29.520000000000362	37.010736411009525
29.550000000000363	37.057399651331480
29.580000000000364	37.104062847647313
29.610000000000365	37.150726000067735
29.640000000000366	37.197389108703028
29.670000000000368	37.244052173663079
29.700000000000369	37.290715195057338
29.730000000000370	37.337378172994867
29.760000000000371	37.384041107584309
29.790000000000372	37.430703998933893
29.820000000000373	37.477366847151451
29.850000000000374	37.524029652344417
29.880000000000376	37.570692414619813
29.910000000000377	37.617355134084271
29.940000000000378	37.664017810844015
29.970000000000379	37.710680445004883
30.000000000000380	37.757343036672324
