0.000000000000000	0.000000000000000
0.030000000000000	0.011251037973502
0.060000000000000	0.022508307543797
0.090000000000000	0.033778059226741
0.120000000000000	0.045066581514624
0.150000000000000	0.056380220211986
0.180000000000000	0.067725398193788
0.210000000000000	0.079108635735514
0.240000000000000	0.090536571572590
0.270000000000000	0.102015984856560
0.300000000000000	0.113553818187975
0.330000000000000	0.125157201921258
0.360000000000000	0.136833479955199
0.390000000000000	0.148590237244663
0.420000000000000	0.160435329295108
0.450000000000000	0.172376913932190
0.480000000000000	0.184423485674892
0.510000000000000	0.196583913083211
0.540000000000000	0.208867479501508
0.570000000000000	0.221283927677729
0.600000000000000	0.233843508808332
0.630000000000000	0.246557036641154
0.660000000000000	0.259435947366003
0.690000000000000	0.272492366138728
0.720000000000000	0.285739181222603
0.750000000000000	0.299190126896006
0.780000000000000	0.312859876473386
0.810000000000000	0.326764147024969
0.840000000000001	0.340919817668837
0.870000000000001	0.355345063658841
0.900000000000001	0.370059508918335
0.930000000000001	0.385084400192110
0.960000000000001	0.400442806632003
0.990000000000001	0.416159849427360
1.020000000000001	0.432262967081445
1.050000000000001	0.448782223173563
1.080000000000001	0.465750665005946
1.110000000000001	0.483204743509919
1.140000000000001	0.501184807305505
1.170000000000001	0.519735687045133
1.200000000000001	0.538907390360895
1.230000000000001	0.558755933199001
1.260000000000001	0.579344340513169
1.290000000000001	0.600743858828751
1.320000000000001	0.623035435970317
1.350000000000001	0.646311540539182
1.380000000000001	0.670678417374151
1.410000000000001	0.696258907922332
1.440000000000001	0.723196010177451
1.470000000000001	0.751657417590954
1.500000000000001	0.781841369193281
1.530000000000001	0.813984277965508
1.560000000000001	0.848370802707529
1.590000000000001	0.885347323414573
1.620000000000001	0.925340222354037
1.650000000000001	0.968881038080939
1.680000000000001	1.016641548934073
1.710000000000001	1.069483250295484
1.740000000000001	1.128527418342072
1.770000000000001	1.195252902605719
1.800000000000001	1.271623407541937
1.830000000000001	1.360208832580091
1.860000000000001	1.464073818565932
1.890000000000001	1.585191712792799
1.920000000000001	1.713789173369180
1.950000000000002	1.748620082515520
1.980000000000002	0.856552361951688
2.010000000000002	-1.361503663656745
2.040000000000001	-1.794482348275440
2.070000000000001	-1.684427118397624
2.100000000000001	-1.518774019164430
2.130000000000001	-1.364276535407681
2.160000000000001	-1.227979338805187
2.190000000000000	-1.107803958275321
2.220000000000000	-1.000684681180291
2.250000000000000	-0.903974666440642
2.280000000000000	-0.815588529833859
2.310000000000000	-0.733910342521603
2.339999999999999	-0.657681097483315
2.369999999999999	-0.585906791221738
2.399999999999999	-0.517789825071652
2.429999999999999	-0.452678962854257
2.459999999999999	-0.390032802642869
2.489999999999998	-0.329392824129314
2.519999999999998	-0.270363174841387
2.549999999999998	-0.212595198300362
2.579999999999998	-0.155775297441575
2.609999999999998	-0.099615128351739
2.639999999999997	-0.043843387938747
2.669999999999997	0.011801365221945
2.699999999999997	0.067577308163443
2.729999999999997	0.123745760400203
2.759999999999997	0.180577772792013
2.789999999999996	0.238361289734533
2.819999999999996	0.297409335980426
2.849999999999996	0.358069789770017
2.879999999999996	0.420737482334899
2.909999999999996	0.485869639431982
2.939999999999996	0.554006099348069
2.969999999999995	0.625796373066114
2.999999999999995	0.702036552260455
3.029999999999995	0.783720424717507
3.059999999999995	0.872110924871338
3.089999999999995	0.968839626493395
3.119999999999994	1.076040129534227
3.149999999999994	1.196501440893952
3.179999999999994	1.333725088560267
3.209999999999994	1.491268158134689
3.239999999999994	1.668039888527602
3.269999999999993	1.828249411523776
3.299999999999993	1.676951462195519
3.329999999999993	-0.159323469586764
3.359999999999993	-1.653885258426353
3.389999999999993	-1.745067159099810
3.419999999999992	-1.580093206841777
3.449999999999992	-1.391638370850213
3.479999999999992	-1.215320511182579
3.509999999999992	-1.054809129151294
3.539999999999992	-0.908064414785352
3.569999999999991	-0.772330069872381
3.599999999999991	-0.645129419569324
3.629999999999991	-0.524394087111240
3.659999999999991	-0.408403106854673
3.689999999999991	-0.295692976433921
3.719999999999990	-0.184974961411222
3.749999999999990	-0.075064240362100
3.779999999999990	0.035182530089254
3.809999999999990	0.146926544935047
3.839999999999990	0.261409075526132
3.869999999999989	0.380023585849989
3.899999999999989	0.504406645686165
3.929999999999989	0.636559629419766
3.959999999999989	0.779016866562456
3.989999999999989	0.935075538898974
4.019999999999989	1.109074400895932
4.049999999999989	1.306534443172246
4.079999999999989	1.533018822381127
4.109999999999990	1.784771587962679
4.139999999999990	1.980943806603377
4.169999999999990	1.458499441597924
4.199999999999990	-0.930886980584241
4.229999999999991	-1.819375928621916
4.259999999999991	-1.732377663613996
4.289999999999991	-1.484913012613705
4.319999999999991	-1.226070707140217
4.349999999999992	-0.979842413323976
4.379999999999992	-0.747310640909936
4.409999999999992	-0.525047836917423
4.439999999999992	-0.308910365419930
4.469999999999993	-0.094759171263800
4.499999999999993	0.121569808994209
4.529999999999993	0.344513938624887
4.559999999999993	0.579127865306501
4.589999999999994	0.831469461520823
4.619999999999994	1.108794497506503
4.649999999999994	1.418233597790128
4.679999999999994	1.756216669366365
4.709999999999995	2.036033629279513
4.739999999999995	1.594186219866687
4.769999999999995	-0.817530541557301
4.799999999999995	-1.874299368165813
4.829999999999996	-1.764824101025617
4.859999999999996	-1.422572465468385
4.889999999999996	-1.045892333370064
4.919999999999996	-0.669176960478286
4.949999999999997	-0.293428685874152
4.979999999999997	0.088632652078406
5.009999999999997	0.487269016977845
5.039999999999997	0.914271992598232
5.069999999999998	1.379037329825438
5.099999999999998	1.863056703952275
5.129999999999998	2.147429531701098
5.159999999999998	0.989393587938547
5.189999999999999	-1.398563675256590
5.219999999999999	-1.934193172615875
5.249999999999999	-1.602819495564418
5.279999999999999	-1.034447067645318
5.310000000000000	-0.375784540334207
5.340000000000000	0.350135466461589
5.370000000000000	1.145957098278931
5.400000000000000	1.957366683794719
5.430000000000001	2.281503549921037
5.460000000000001	0.381995419502764
5.490000000000001	-1.741187636601291
5.520000000000001	-1.926761278131000
5.550000000000002	-1.177799347161656
5.580000000000002	0.033627522519704
5.610000000000002	1.532717548566280
5.640000000000002	2.586014332257564
5.670000000000003	0.618746050314412
5.700000000000003	-1.969277131539334
5.730000000000003	-1.715960383685710
5.760000000000003	2.308945667105401
5.790000000000004	1.409165249655293
5.820000000000004	-1.206135615077043
5.850000000000004	-3.282771911922922
5.880000000000004	-2.011047529566160
5.910000000000005	-1.839853249313648
5.940000000000005	-1.765081382374107
5.970000000000005	-1.722345457141887
6.000000000000005	-1.694451890800828
6.030000000000006	-1.674720481305407
6.060000000000006	-1.659983597205892
6.090000000000006	-1.648536113870277
6.120000000000006	-1.639375049962675
6.150000000000007	-1.631870297134182
6.180000000000007	-1.625605316090708
6.210000000000007	-1.620293326122928
6.240000000000007	-1.615730211348296
6.270000000000008	-1.611766612001809
6.300000000000008	-1.608290641613624
6.330000000000008	-1.605216781080922
6.360000000000008	-1.602478513075771
6.390000000000009	-1.600023301982129
6.420000000000009	-1.597809089960187
6.450000000000009	-1.595801799376493
6.480000000000009	-1.593973519074253
6.510000000000010	-1.592301165116272
6.540000000000010	-1.590765476942913
6.570000000000010	-1.589350254668841
6.600000000000010	-1.588041772406201
6.630000000000011	-1.586828321880812
6.660000000000011	-1.585699853722695
6.690000000000011	-1.584647692836977
6.720000000000011	-1.583664310567326
6.750000000000012	-1.582743140832914
6.780000000000012	-1.581878430628277
6.810000000000012	-1.581065117606758
6.840000000000012	-1.580298729181246
6.870000000000013	-1.579575298847901
6.900000000000013	-1.578891296392219
6.930000000000013	-1.578243569358362
6.960000000000013	-1.577629293713307
6.990000000000014	-1.577045932060983
7.020000000000014	-1.576491198089878
7.050000000000014	-1.575963026193923
7.080000000000014	-1.575459545407904
7.110000000000015	-1.574979056957994
7.140000000000015	-1.574520014854805
7.170000000000015	-1.574081009057821
7.200000000000015	-1.573660750821769
7.230000000000016	-1.573258059901526
7.260000000000016	-1.572871853345881
7.290000000000016	-1.572501135654322
7.320000000000016	-1.572144990107032
7.350000000000017	-1.571802571107903
7.380000000000017	-1.571473097404957
7.410000000000017	-1.571155846072914
7.440000000000017	-1.570850147159670
7.470000000000018	-1.570555378912656
7.500000000000018	-1.570270963513027
7.530000000000018	-1.569996363255650
7.560000000000018	-1.569731077121433
7.590000000000019	-1.569474637695694
7.620000000000019	-1.569226608392459
7.650000000000019	-1.568986580949786
7.680000000000019	-1.568754173165701
7.710000000000020	-1.568529026848173
7.740000000000020	-1.568310805955864
7.770000000000020	-1.568099194909238
7.800000000000020	-1.567893897054063
7.830000000000020	-1.567694633261496
7.860000000000021	-1.567501140650774
7.890000000000021	-1.567313171422140
7.920000000000021	-1.567130491789075
7.950000000000021	-1.566952881000080
7.980000000000022	-1.566780130441376
8.010000000000021	-1.566612042812802
8.040000000000020	-1.566448431370039
8.070000000000020	-1.566289119226998
8.100000000000019	-1.566133938712878
8.130000000000019	-1.565982730778949
8.160000000000018	-1.565835344450625
8.190000000000017	-1.565691636320849
8.220000000000017	-1.565551470081182
8.250000000000016	-1.565414716087381
8.280000000000015	-1.565281250956514
8.310000000000015	-1.565150957192995
8.340000000000014	-1.565023722841129
8.370000000000013	-1.564899441162002
8.400000000000013	-1.564778010332746
8.430000000000012	-1.564659333166393
8.460000000000012	-1.564543316850694
8.490000000000011	-1.564429872704404
8.520000000000010	-1.564318915949710
8.550000000000010	-1.564210365499545
8.580000000000009	-1.564104143758673
8.610000000000008	-1.564000176437517
8.640000000000008	-1.563898392377778
8.670000000000007	-1.563798723388995
8.700000000000006	-1.563701104095237
8.730000000000006	-1.563605471791220
8.760000000000005	-1.563511766307159
8.790000000000004	-1.563419929881759
8.820000000000004	-1.563329907042770
8.850000000000003	-1.563241644494584
8.880000000000003	-1.563155091012402
8.910000000000002	-1.563070197342517
8.940000000000001	-1.562986916108309
8.970000000000001	-1.562905201721581
9.000000000000000	-1.562825010298866
9.029999999999999	-1.562746299582408
9.059999999999999	-1.562669028865485
9.089999999999998	-1.562593158921833
9.119999999999997	-1.562518651938875
9.149999999999997	-1.562445471454546
9.179999999999996	-1.562373582297474
9.209999999999996	-1.562302950530313
9.239999999999995	-1.562233543396044
9.269999999999994	-1.562165329267050
9.299999999999994	-1.562098277596817
9.329999999999993	-1.562032358874083
9.359999999999992	-1.561967544579315
9.389999999999992	-1.561903807143352
9.419999999999991	-1.561841119908115
9.449999999999990	-1.561779457089242
9.479999999999990	-1.561718793740549
9.509999999999989	-1.561659105720225
9.539999999999988	-1.561600369658630
9.569999999999988	-1.561542562927650
9.599999999999987	-1.561485663611486
9.629999999999987	-1.561429650478824
9.659999999999986	-1.561374502956292
9.689999999999985	-1.561320201103151
9.719999999999985	-1.561266725587142
9.749999999999984	-1.561214057661432
9.779999999999983	-1.561162179142604
9.809999999999983	-1.561111072389627
9.839999999999982	-1.561060720283773
9.869999999999981	-1.561011106209404
9.899999999999981	-1.560962214035620
9.929999999999980	-1.560914028098687
9.959999999999980	-1.560866533185240
9.989999999999979	-1.560819714516195
10.019999999999978	-1.560773557731353
10.049999999999978	-1.560728048874650
10.079999999999977	-1.560683174380028
10.109999999999976	-1.560638921057898
10.139999999999976	-1.560595276082159
10.169999999999975	-1.560552226977754
10.199999999999974	-1.560509761608729
10.229999999999974	-1.560467868166785
10.259999999999973	-1.560426535160281
10.289999999999973	-1.560385751403687
10.319999999999972	-1.560345506007446
10.349999999999971	-1.560305788368249
10.379999999999971	-1.560266588159674
10.409999999999970	-1.560227895323209
10.439999999999969	-1.560189700059610
10.469999999999969	-1.560151992820593
10.499999999999968	-1.560114764300847
10.529999999999967	-1.560078005430351
10.559999999999967	-1.560041707366975
10.589999999999966	-1.560005861489363
10.619999999999965	-1.559970459390083
10.649999999999965	-1.559935492869026
10.679999999999964	-1.559900953927050
10.709999999999964	-1.559866834759857
10.739999999999963	-1.559833127752093
10.769999999999962	-1.559799825471660
10.799999999999962	-1.559766920664233
10.829999999999961	-1.559734406247972
10.859999999999960	-1.559702275308424
10.889999999999960	-1.559670521093601
10.919999999999959	-1.559639137009237
10.949999999999958	-1.559608116614201
10.979999999999958	-1.559577453616078
11.009999999999957	-1.559547141866900
11.039999999999957	-1.559517175359018
11.069999999999956	-1.559487548221122
11.099999999999955	-1.559458254714392
11.129999999999955	-1.559429289228778
11.159999999999954	-1.559400646279411
11.189999999999953	-1.559372320503120
11.219999999999953	-1.559344306655083
11.249999999999952	-1.559316599605570
11.279999999999951	-1.559289194336808
11.309999999999951	-1.559262085939935
11.339999999999950	-1.559235269612065
11.369999999999949	-1.559208740653439
11.399999999999949	-1.559182494464669
11.429999999999948	-1.559156526544075
11.459999999999948	-1.559130832485097
11.489999999999947	-1.559105407973801
11.519999999999946	-1.559080248786451
11.549999999999946	-1.559055350787164
11.579999999999945	-1.559030709925639
11.609999999999944	-1.559006322234949
11.639999999999944	-1.558982183829409
11.669999999999943	-1.558958290902504
11.699999999999942	-1.558934639724882
11.729999999999942	-1.558911226642409
11.759999999999941	-1.558888048074277
11.789999999999941	-1.558865100511178
11.819999999999940	-1.558842380513524
11.849999999999939	-1.558819884709722
11.879999999999939	-1.558797609794506
11.909999999999938	-1.558775552527308
11.939999999999937	-1.558753709730686
11.969999999999937	-1.558732078288790
11.999999999999936	-1.558710655145877
12.029999999999935	-1.558689437304870
12.059999999999935	-1.558668421825952
12.089999999999934	-1.558647605825209
12.119999999999933	-1.558626986473302
12.149999999999933	-1.558606560994187
12.179999999999932	-1.558586326663858
12.209999999999932	-1.558566280809139
12.239999999999931	-1.558546420806503
12.269999999999930	-1.558526744080918
12.299999999999930	-1.558507248104738
12.329999999999929	-1.558487930396615
12.359999999999928	-1.558468788520440
12.389999999999928	-1.558449820084322
12.419999999999927	-1.558431022739583
12.449999999999926	-1.558412394179793
12.479999999999926	-1.558393932139815
12.509999999999925	-1.558375634394891
12.539999999999925	-1.558357498759745
12.569999999999924	-1.558339523087708
12.599999999999923	-1.558321705269871
12.629999999999923	-1.558304043234257
12.659999999999922	-1.558286534945015
12.689999999999921	-1.558269178401638
12.719999999999921	-1.558251971638198
12.749999999999920	-1.558234912722598
12.779999999999919	-1.558217999755854
12.809999999999919	-1.558201230871381
12.839999999999918	-1.558184604234312
12.869999999999918	-1.558168118040820
12.899999999999917	-1.558151770517469
12.929999999999916	-1.558135559920572
12.959999999999916	-1.558119484535574
12.989999999999915	-1.558103542676444
13.019999999999914	-1.558087732685082
13.049999999999914	-1.558072052930745
13.079999999999913	-1.558056501809486
13.109999999999912	-1.558041077743602
13.139999999999912	-1.558025779181103
13.169999999999911	-1.558010604595185
13.199999999999910	-1.557995552483728
13.229999999999910	-1.557980621368793
13.259999999999909	-1.557965809796138
13.289999999999909	-1.557951116334749
13.319999999999908	-1.557936539576372
13.349999999999907	-1.557922078135066
13.379999999999907	-1.557907730646763
13.409999999999906	-1.557893495768834
13.439999999999905	-1.557879372179673
13.469999999999905	-1.557865358578286
13.499999999999904	-1.557851453683889
13.529999999999903	-1.557837656235520
13.559999999999903	-1.557823964991654
13.589999999999902	-1.557810378729830
13.619999999999902	-1.557796896246288
13.649999999999901	-1.557783516355613
13.679999999999900	-1.557770237890383
13.709999999999900	-1.557757059700833
13.739999999999899	-1.557743980654518
13.769999999999898	-1.557730999635994
13.799999999999898	-1.557718115546494
13.829999999999897	-1.557705327303620
13.859999999999896	-1.557692633841039
13.889999999999896	-1.557680034108186
13.919999999999895	-1.557667527069975
13.949999999999894	-1.557655111706511
13.979999999999894	-1.557642787012814
14.009999999999893	-1.557630551998550
14.039999999999893	-1.557618405687762
14.069999999999892	-1.557606347118609
14.099999999999891	-1.557594375343115
14.129999999999891	-1.557582489426919
14.159999999999890	-1.557570688449027
14.189999999999889	-1.557558971501581
14.219999999999889	-1.557547337689620
14.249999999999888	-1.557535786130854
14.279999999999887	-1.557524315955441
14.309999999999887	-1.557512926305764
14.339999999999886	-1.557501616336224
14.369999999999886	-1.557490385213024
14.399999999999885	-1.557479232113965
14.429999999999884	-1.557468156228249
14.459999999999884	-1.557457156756275
14.489999999999883	-1.557446232909453
14.519999999999882	-1.557435383910012
14.549999999999882	-1.557424608990813
14.579999999999881	-1.557413907395172
14.609999999999880	-1.557403278376681
14.639999999999880	-1.557392721199032
14.669999999999879	-1.557382235135850
14.699999999999878	-1.557371819470521
14.729999999999878	-1.557361473496036
14.759999999999877	-1.557351196514824
14.789999999999877	-1.557340987838597
14.819999999999876	-1.557330846788198
14.849999999999875	-1.557320772693447
14.879999999999875	-1.557310764892996
14.909999999999874	-1.557300822734180
14.939999999999873	-1.557290945572880
14.969999999999873	-1.557281132773378
14.999999999999872	-1.557271383708227
15.029999999999871	-1.557261697758110
15.059999999999871	-1.557252074311714
15.089999999999870	-1.557242512765596
15.119999999999870	-1.557233012524063
15.149999999999869	-1.557223572999043
15.179999999999868	-1.557214193609965
15.209999999999868	-1.557204873783641
15.239999999999867	-1.557195612954145
15.269999999999866	-1.557186410562704
15.299999999999866	-1.557177266057581
15.329999999999865	-1.557168178893967
15.359999999999864	-1.557159148533869
15.389999999999864	-1.557150174446009
15.419999999999863	-1.557141256105715
15.449999999999863	-1.557132392994822
15.479999999999862	-1.557123584601568
15.509999999999861	-1.557114830420497
15.539999999999861	-1.557106129952364
15.569999999999860	-1.557097482704037
15.599999999999859	-1.557088888188404
15.629999999999859	-1.557080345924285
15.659999999999858	-1.557071855436335
15.689999999999857	-1.557063416254962
15.719999999999857	-1.557055027916240
15.749999999999856	-1.557046689961819
15.779999999999855	-1.557038401938845
15.809999999999855	-1.557030163399877
15.839999999999854	-1.557021973902808
15.869999999999854	-1.557013833010782
15.899999999999853	-1.557005740292121
15.929999999999852	-1.556997695320244
15.959999999999852	-1.556989697673594
15.989999999999851	-1.556981746935564
16.019999999999850	-1.556973842694427
16.049999999999851	-1.556965984543260
16.079999999999853	-1.556958172079877
16.109999999999854	-1.556950404906759
16.139999999999855	-1.556942682630990
16.169999999999856	-1.556935004864184
16.199999999999857	-1.556927371222427
16.229999999999858	-1.556919781326209
16.259999999999859	-1.556912234800358
16.289999999999861	-1.556904731273986
16.319999999999862	-1.556897270380422
16.349999999999863	-1.556889851757153
16.379999999999864	-1.556882475045767
16.409999999999865	-1.556875139891895
16.439999999999866	-1.556867845945151
16.469999999999867	-1.556860592859081
16.499999999999869	-1.556853380291104
16.529999999999870	-1.556846207902461
16.559999999999871	-1.556839075358158
16.589999999999872	-1.556831982326919
16.619999999999873	-1.556824928481130
16.649999999999874	-1.556817913496790
16.679999999999875	-1.556810937053463
16.709999999999877	-1.556803998834227
16.739999999999878	-1.556797098525626
16.769999999999879	-1.556790235817624
16.799999999999880	-1.556783410403557
16.829999999999881	-1.556776621980090
16.859999999999882	-1.556769870247169
16.889999999999883	-1.556763154907976
16.919999999999884	-1.556756475668889
16.949999999999886	-1.556749832239439
16.979999999999887	-1.556743224332262
17.009999999999888	-1.556736651663064
17.039999999999889	-1.556730113950579
17.069999999999890	-1.556723610916526
17.099999999999891	-1.556717142285571
17.129999999999892	-1.556710707785289
17.159999999999894	-1.556704307146123
17.189999999999895	-1.556697940101351
17.219999999999896	-1.556691606387045
17.249999999999897	-1.556685305742034
17.279999999999898	-1.556679037907870
17.309999999999899	-1.556672802628795
17.339999999999900	-1.556666599651699
17.369999999999902	-1.556660428726093
17.399999999999903	-1.556654289604072
17.429999999999904	-1.556648182040281
17.459999999999905	-1.556642105791883
17.489999999999906	-1.556636060618528
17.519999999999907	-1.556630046282319
17.549999999999908	-1.556624062547785
17.579999999999909	-1.556618109181844
17.609999999999911	-1.556612185953776
17.639999999999912	-1.556606292635196
17.669999999999913	-1.556600429000019
17.699999999999914	-1.556594594824435
17.729999999999915	-1.556588789886878
17.759999999999916	-1.556583013968000
17.789999999999917	-1.556577266850643
17.819999999999919	-1.556571548319809
17.849999999999920	-1.556565858162639
17.879999999999921	-1.556560196168379
17.909999999999922	-1.556554562128361
17.939999999999923	-1.556548955835970
17.969999999999924	-1.556543377086629
17.999999999999925	-1.556537825677761
18.029999999999927	-1.556532301408778
18.059999999999928	-1.556526804081044
18.089999999999929	-1.556521333497862
18.119999999999930	-1.556515889464444
18.149999999999931	-1.556510471787890
18.179999999999932	-1.556505080277164
18.209999999999933	-1.556499714743073
18.239999999999934	-1.556494374998245
18.269999999999936	-1.556489060857106
18.299999999999937	-1.556483772135856
18.329999999999938	-1.556478508652456
18.359999999999939	-1.556473270226597
18.389999999999940	-1.556468056679687
18.419999999999941	-1.556462867834825
18.449999999999942	-1.556457703516787
18.479999999999944	-1.556452563552001
18.509999999999945	-1.556447447768528
18.539999999999946	-1.556442355996049
18.569999999999947	-1.556437288065836
18.599999999999948	-1.556432243810742
18.629999999999949	-1.556427223065179
18.659999999999950	-1.556422225665098
18.689999999999952	-1.556417251447976
18.719999999999953	-1.556412300252795
18.749999999999954	-1.556407371920023
18.779999999999955	-1.556402466291602
18.809999999999956	-1.556397583210926
18.839999999999957	-1.556392722522828
18.869999999999958	-1.556387884073561
18.899999999999959	-1.556383067710783
18.929999999999961	-1.556378273283540
18.959999999999962	-1.556373500642253
18.989999999999963	-1.556368749638698
19.019999999999964	-1.556364020125994
19.049999999999965	-1.556359311958587
19.079999999999966	-1.556354624992236
19.109999999999967	-1.556349959083995
19.139999999999969	-1.556345314092201
19.169999999999970	-1.556340689876461
19.199999999999971	-1.556336086297634
19.229999999999972	-1.556331503217819
19.259999999999973	-1.556326940500344
19.289999999999974	-1.556322398009748
19.319999999999975	-1.556317875611767
19.349999999999977	-1.556313373173327
19.379999999999978	-1.556308890562526
19.409999999999979	-1.556304427648619
19.439999999999980	-1.556299984302011
19.469999999999981	-1.556295560394243
19.499999999999982	-1.556291155797975
19.529999999999983	-1.556286770386980
19.559999999999985	-1.556282404036128
19.589999999999986	-1.556278056621374
19.619999999999987	-1.556273728019749
19.649999999999988	-1.556269418109346
19.679999999999989	-1.556265126769311
19.709999999999990	-1.556260853879826
19.739999999999991	-1.556256599322107
19.769999999999992	-1.556252362978383
19.799999999999994	-1.556248144731894
19.829999999999995	-1.556243944466873
19.859999999999996	-1.556239762068541
19.889999999999997	-1.556235597423092
19.919999999999998	-1.556231450417687
19.949999999999999	-1.556227320940439
19.980000000000000	-1.556223208880409
20.010000000000002	-1.556219114127588
20.040000000000003	-1.556215036572896
20.070000000000004	-1.556210976108166
20.100000000000005	-1.556206932626137
20.130000000000006	-1.556202906020442
20.160000000000007	-1.556198896185605
20.190000000000008	-1.556194903017022
20.220000000000010	-1.556190926410963
20.250000000000011	-1.556186966264552
20.280000000000012	-1.556183022475768
20.310000000000013	-1.556179094943428
20.340000000000014	-1.556175183567185
20.370000000000015	-1.556171288247514
20.400000000000016	-1.556167408885708
20.430000000000017	-1.556163545383866
20.460000000000019	-1.556159697644888
20.490000000000020	-1.556155865572465
20.520000000000021	-1.556152049071069
20.550000000000022	-1.556148248045951
20.580000000000023	-1.556144462403125
20.610000000000024	-1.556140692049370
20.640000000000025	-1.556136936892212
20.670000000000027	-1.556133196839924
20.700000000000028	-1.556129471801516
20.730000000000029	-1.556125761686727
20.760000000000030	-1.556122066406018
20.790000000000031	-1.556118385870565
20.820000000000032	-1.556114719992254
20.850000000000033	-1.556111068683669
20.880000000000035	-1.556107431858090
20.910000000000036	-1.556103809429483
20.940000000000037	-1.556100201312494
20.970000000000038	-1.556096607422443
21.000000000000039	-1.556093027675318
21.030000000000040	-1.556089461987766
21.060000000000041	-1.556085910277089
21.090000000000042	-1.556082372461234
21.120000000000044	-1.556078848458793
21.150000000000045	-1.556075338188990
21.180000000000046	-1.556071841571679
21.210000000000047	-1.556068358527336
21.240000000000048	-1.556064888977054
21.270000000000049	-1.556061432842536
21.300000000000050	-1.556057990046091
21.330000000000052	-1.556054560510626
21.360000000000053	-1.556051144159641
21.390000000000054	-1.556047740917224
21.420000000000055	-1.556044350708044
21.450000000000056	-1.556040973457348
21.480000000000057	-1.556037609090952
21.510000000000058	-1.556034257535238
21.540000000000060	-1.556030918717147
21.570000000000061	-1.556027592564176
21.600000000000062	-1.556024279004372
21.630000000000063	-1.556020977966323
21.660000000000064	-1.556017689379160
21.690000000000065	-1.556014413172545
21.720000000000066	-1.556011149276669
21.750000000000068	-1.556007897622250
21.780000000000069	-1.556004658140522
21.810000000000070	-1.556001430763233
21.840000000000071	-1.555998215422644
21.870000000000072	-1.555995012051517
21.900000000000073	-1.555991820583116
21.930000000000074	-1.555988640951198
21.960000000000075	-1.555985473090014
21.990000000000077	-1.555982316934300
22.020000000000078	-1.555979172419272
22.050000000000079	-1.555976039480625
22.080000000000080	-1.555972918054527
22.110000000000081	-1.555969808077614
22.140000000000082	-1.555966709486986
22.170000000000083	-1.555963622220204
22.200000000000085	-1.555960546215284
22.230000000000086	-1.555957481410693
22.260000000000087	-1.555954427745348
22.290000000000088	-1.555951385158607
22.320000000000089	-1.555948353590269
22.350000000000090	-1.555945332980567
22.380000000000091	-1.555942323270168
22.410000000000093	-1.555939324400164
22.440000000000094	-1.555936336312073
22.470000000000095	-1.555933358947832
22.500000000000096	-1.555930392249794
22.530000000000097	-1.555927436160724
22.560000000000098	-1.555924490623799
22.590000000000099	-1.555921555582598
22.620000000000100	-1.555918630981102
22.650000000000102	-1.555915716763691
22.680000000000103	-1.555912812875139
22.710000000000104	-1.555909919260612
22.740000000000105	-1.555907035865662
22.770000000000106	-1.555904162636227
22.800000000000107	-1.555901299518623
22.830000000000108	-1.555898446459547
22.860000000000110	-1.555895603406066
22.890000000000111	-1.555892770305622
22.920000000000112	-1.555889947106021
22.950000000000113	-1.555887133755437
22.980000000000114	-1.555884330202401
23.010000000000115	-1.555881536395805
23.040000000000116	-1.555878752284896
23.070000000000118	-1.555875977819271
23.100000000000119	-1.555873212948878
23.130000000000120	-1.555870457624009
23.160000000000121	-1.555867711795299
23.190000000000122	-1.555864975413724
23.220000000000123	-1.555862248430597
23.250000000000124	-1.555859530797564
23.280000000000125	-1.555856822466603
23.310000000000127	-1.555854123390018
23.340000000000128	-1.555851433520444
23.370000000000129	-1.555848752810833
23.400000000000130	-1.555846081214460
23.430000000000131	-1.555843418684917
23.460000000000132	-1.555840765176111
23.490000000000133	-1.555838120642260
23.520000000000135	-1.555835485037892
23.550000000000136	-1.555832858317841
23.580000000000137	-1.555830240437246
23.610000000000138	-1.555827631351548
23.640000000000139	-1.555825031016485
23.670000000000140	-1.555822439388095
23.700000000000141	-1.555819856422706
23.730000000000143	-1.555817282076940
23.760000000000144	-1.555814716307709
23.790000000000145	-1.555812159072210
23.820000000000146	-1.555809610327925
23.850000000000147	-1.555807070032618
23.880000000000148	-1.555804538144334
23.910000000000149	-1.555802014621392
23.940000000000150	-1.555799499422391
23.970000000000152	-1.555796992506198
24.000000000000153	-1.555794493831955
24.030000000000154	-1.555792003359068
24.060000000000155	-1.555789521047212
24.090000000000156	-1.555787046856327
24.120000000000157	-1.555784580746611
24.150000000000158	-1.555782122678525
24.180000000000160	-1.555779672612786
24.210000000000161	-1.555777230510369
24.240000000000162	-1.555774796332497
24.270000000000163	-1.555772370040651
24.300000000000164	-1.555769951596557
24.330000000000165	-1.555767540962189
24.360000000000166	-1.555765138099767
24.390000000000168	-1.555762742971755
24.420000000000169	-1.555760355540857
24.450000000000170	-1.555757975770017
24.480000000000171	-1.555755603622416
24.510000000000172	-1.555753239061472
24.540000000000173	-1.555750882050836
24.570000000000174	-1.555748532554390
24.600000000000176	-1.555746190536248
24.630000000000177	-1.555743855960750
24.660000000000178	-1.555741528792465
24.690000000000179	-1.555739208996183
24.720000000000180	-1.555736896536920
24.750000000000181	-1.555734591379913
24.780000000000182	-1.555732293490616
24.810000000000183	-1.555730002834703
24.840000000000185	-1.555727719378062
24.870000000000186	-1.555725443086796
24.900000000000187	-1.555723173927221
24.930000000000188	-1.555720911865863
24.960000000000189	-1.555718656869458
24.990000000000190	-1.555716408904949
25.020000000000191	-1.555714167939485
25.050000000000193	-1.555711933940420
25.080000000000194	-1.555709706875309
25.110000000000195	-1.555707486711911
25.140000000000196	-1.555705273418182
25.170000000000197	-1.555703066962278
25.200000000000198	-1.555700867312551
25.230000000000199	-1.555698674437546
25.260000000000201	-1.555696488306005
25.290000000000202	-1.555694308886860
25.320000000000203	-1.555692136149233
25.350000000000204	-1.555689970062438
25.380000000000205	-1.555687810595973
25.410000000000206	-1.555685657719526
25.440000000000207	-1.555683511402966
25.470000000000208	-1.555681371616349
25.500000000000210	-1.555679238329910
25.530000000000211	-1.555677111514067
25.560000000000212	-1.555674991139415
25.590000000000213	-1.555672877176730
25.620000000000214	-1.555670769596962
25.650000000000215	-1.555668668371236
25.680000000000216	-1.555666573470853
25.710000000000218	-1.555664484867286
25.740000000000219	-1.555662402532179
25.770000000000220	-1.555660326437344
25.800000000000221	-1.555658256554766
25.830000000000222	-1.555656192856595
25.860000000000223	-1.555654135315146
25.890000000000224	-1.555652083902902
25.920000000000226	-1.555650038592507
25.950000000000227	-1.555647999356771
25.980000000000228	-1.555645966168661
26.010000000000229	-1.555643939001307
26.040000000000230	-1.555641917827998
26.070000000000231	-1.555639902622180
26.100000000000232	-1.555637893357456
26.130000000000233	-1.555635890007584
26.160000000000235	-1.555633892546477
26.190000000000236	-1.555631900948201
26.220000000000237	-1.555629915186973
26.250000000000238	-1.555627935237164
26.280000000000239	-1.555625961073291
26.310000000000240	-1.555623992670023
26.340000000000241	-1.555622030002174
26.370000000000243	-1.555620073044707
26.400000000000244	-1.555618121772730
26.430000000000245	-1.555616176161494
26.460000000000246	-1.555614236186394
26.490000000000247	-1.555612301822970
26.520000000000248	-1.555610373046899
26.550000000000249	-1.555608449834003
26.580000000000251	-1.555606532160239
26.610000000000252	-1.555604620001705
26.640000000000253	-1.555602713334636
26.670000000000254	-1.555600812135402
26.700000000000255	-1.555598916380512
26.730000000000256	-1.555597026046605
26.760000000000257	-1.555595141110455
26.790000000000258	-1.555593261548970
26.820000000000260	-1.555591387339189
26.850000000000261	-1.555589518458280
26.880000000000262	-1.555587654883542
26.910000000000263	-1.555585796592403
26.940000000000264	-1.555583943562418
26.970000000000265	-1.555582095771270
27.000000000000266	-1.555580253196767
27.030000000000268	-1.555578415816844
27.060000000000269	-1.555576583609557
27.090000000000270	-1.555574756553088
27.120000000000271	-1.555572934625743
27.150000000000272	-1.555571117805945
27.180000000000273	-1.555569306072243
27.210000000000274	-1.555567499403301
27.240000000000276	-1.555565697777907
27.270000000000277	-1.555563901174964
27.300000000000278	-1.555562109573494
27.330000000000279	-1.555560322952635
27.360000000000280	-1.555558541291641
27.390000000000281	-1.555556764569882
27.420000000000282	-1.555554992766841
27.450000000000284	-1.555553225862115
27.480000000000285	-1.555551463835414
27.510000000000286	-1.555549706666559
27.540000000000287	-1.555547954335484
27.570000000000288	-1.555546206822231
27.600000000000289	-1.555544464106954
27.630000000000290	-1.555542726169914
27.660000000000291	-1.555540992991481
27.690000000000293	-1.555539264552132
27.720000000000294	-1.555537540832453
27.750000000000295	-1.555535821813131
27.780000000000296	-1.555534107474962
27.810000000000297	-1.555532397798847
27.840000000000298	-1.555530692765789
27.870000000000299	-1.555528992356893
27.900000000000301	-1.555527296553369
27.930000000000302	-1.555525605336528
27.960000000000303	-1.555523918687781
27.990000000000304	-1.555522236588640
28.020000000000305	-1.555520559020717
28.050000000000306	-1.555518885965721
28.080000000000307	-1.555517217405463
28.110000000000309	-1.555515553321849
28.140000000000310	-1.555513893696882
28.170000000000311	-1.555512238512662
28.200000000000312	-1.555510587751384
28.230000000000313	-1.555508941395340
28.260000000000314	-1.555507299426915
28.290000000000315	-1.555505661828587
28.320000000000316	-1.555504028582928
28.350000000000318	-1.555502399672604
28.380000000000319	-1.555500775080370
28.410000000000320	-1.555499154789076
28.440000000000321	-1.555497538781659
28.470000000000322	-1.555495927041148
28.500000000000323	-1.555494319550661
28.530000000000324	-1.555492716293407
28.560000000000326	-1.555491117252681
28.590000000000327	-1.555489522411865
28.620000000000328	-1.555487931754432
28.650000000000329	-1.555486345263938
28.680000000000330	-1.555484762924027
28.710000000000331	-1.555483184718427
28.740000000000332	-1.555481610630953
28.770000000000334	-1.555480040645502
28.800000000000335	-1.555478474746058
28.830000000000336	-1.555476912916685
28.860000000000337	-1.555475355141532
28.890000000000338	-1.555473801404828
28.920000000000339	-1.555472251690887
28.950000000000340	-1.555470705984101
28.980000000000341	-1.555469164268944
29.010000000000343	-1.555467626529971
29.040000000000344	-1.555466092751815
29.070000000000345	-1.555464562919189
29.100000000000346	-1.555463037016883
29.130000000000347	-1.555461515029769
29.160000000000348	-1.555459996942792
29.190000000000349	-1.555458482740976
29.220000000000351	-1.555456972409423
29.250000000000352	-1.555455465933309
29.280000000000353	-1.555453963297886
29.310000000000354	-1.555452464488482
29.340000000000355	-1.555450969490499
29.370000000000356	-1.555449478289414
29.400000000000357	-1.555447990870776
29.430000000000359	-1.555446507220209
29.460000000000360	-1.555445027323409
29.490000000000361	-1.555443551166145
29.520000000000362	-1.555442078734256
29.550000000000363	-1.555440610013654
29.580000000000364	-1.555439144990322
29.610000000000365	-1.555437683650313
29.640000000000366	-1.555436225979751
29.670000000000368	-1.555434771964828
29.700000000000369	-1.555433321591806
29.730000000000370	-1.555431874847016
29.760000000000371	-1.555430431716858
29.790000000000372	-1.555428992187798
29.820000000000373	-1.555427556246370
29.850000000000374	-1.555426123879178
29.880000000000376	-1.555424695072887
29.910000000000377	-1.555423269814235
29.940000000000378	-1.555421848090019
29.970000000000379	-1.555420429887107
30.000000000000380	-1.555419015192429
