0.000000000000000	-0.150000000000000
0.030000000000000	-0.149974682572495
0.060000000000000	-0.149898671110966
0.090000000000000	-0.149771787709733
0.120000000000000	-0.149593734623722
0.150000000000000	-0.149364092399438
0.180000000000000	-0.149082317226811
0.210000000000000	-0.148747737479625
0.240000000000000	-0.148359549401948
0.270000000000000	-0.147916811886795
0.300000000000000	-0.147418440280991
0.330000000000000	-0.146863199136510
0.360000000000000	-0.146249693813231
0.390000000000000	-0.145576360820578
0.420000000000000	-0.144841456765572
0.450000000000000	-0.144043045751777
0.480000000000000	-0.143178985046951
0.510000000000000	-0.142246908806003
0.540000000000000	-0.141244209599357
0.570000000000000	-0.140168017453685
0.600000000000000	-0.139015176060973
0.630000000000000	-0.137782215751128
0.660000000000000	-0.136465322750827
0.690000000000000	-0.135060304164185
0.720000000000000	-0.133562548005855
0.750000000000000	-0.131966977490056
0.780000000000000	-0.130267998624316
0.810000000000000	-0.128459439967704
0.840000000000001	-0.126534483181065
0.870000000000001	-0.124485582710071
0.900000000000001	-0.122304372586000
0.930000000000001	-0.119981557885008
0.960000000000001	-0.117506787828973
0.990000000000001	-0.114868506806674
1.020000000000001	-0.112053778698570
1.050000000000001	-0.109048078742271
1.080000000000001	-0.105835045698142
1.110000000000001	-0.102396185154843
1.140000000000001	-0.098710512300678
1.170000000000001	-0.094754119165852
1.200000000000001	-0.090499646913959
1.230000000000001	-0.085915637801729
1.260000000000001	-0.080965733319515
1.290000000000001	-0.075607673872758
1.320000000000001	-0.069792039836290
1.350000000000001	-0.063460651907950
1.380000000000001	-0.056544517348408
1.410000000000001	-0.048961163166040
1.440000000000001	-0.040611130054730
1.470000000000001	-0.031373299727940
1.500000000000001	-0.021098573038371
1.530000000000001	-0.009601172695378
1.560000000000001	0.003353547214211
1.590000000000001	0.018066549693961
1.620000000000001	0.034930688227791
1.650000000000001	0.054469215488662
1.680000000000001	0.077395602268412
1.710000000000001	0.104709881382449
1.740000000000001	0.137860562568175
1.770000000000001	0.179030907612660
1.800000000000001	0.231677161985470
1.830000000000001	0.301620120848255
1.860000000000001	0.399479589852549
1.890000000000001	0.546799088761067
1.920000000000001	0.793893530082536
1.950000000000002	1.277178276069292
1.980000000000002	2.183180960186051
2.010000000000002	1.809301313842942
2.040000000000001	0.959615715985511
2.070000000000001	0.523250502192233
2.100000000000001	0.282831478505740
2.130000000000001	0.132840011973994
2.160000000000001	0.030654775010942
2.190000000000000	-0.043327814423008
2.220000000000000	-0.099258655857580
2.250000000000000	-0.142897936024375
2.280000000000000	-0.177752704355671
2.310000000000000	-0.206078854864582
2.339999999999999	-0.229392096060231
2.369999999999999	-0.248746924069950
2.399999999999999	-0.264897683345618
2.429999999999999	-0.278395948153707
2.459999999999999	-0.289651704028712
2.489999999999998	-0.298973021255670
2.519999999999998	-0.306592441446986
2.549999999999998	-0.312684857388596
2.579999999999998	-0.317379754648459
2.609999999999998	-0.320769577577386
2.639999999999997	-0.322915316501565
2.669999999999997	-0.323849993635899
2.699999999999997	-0.323580445277564
2.729999999999997	-0.322087594030258
2.759999999999997	-0.319325236284463
2.789999999999996	-0.315217205807426
2.819999999999996	-0.309652584013888
2.849999999999996	-0.302478374010418
2.879999999999996	-0.293488683197156
2.909999999999996	-0.282408875341684
2.939999999999996	-0.268872192340590
2.969999999999995	-0.252384698883850
2.999999999999995	-0.232271463666662
3.029999999999995	-0.207591413554723
3.059999999999995	-0.176997587587362
3.089999999999995	-0.138497384971513
3.119999999999994	-0.089018602088933
3.149999999999994	-0.023570897708054
3.179999999999994	0.066510553640479
3.209999999999994	0.197631919706316
3.239999999999994	0.404581218294402
3.269999999999993	0.771888546099853
3.299999999999993	1.504903329695283
3.329999999999993	2.245208050309616
3.359999999999993	1.347097102980478
3.389999999999993	0.664214090650987
3.419999999999992	0.299666013000805
3.449999999999992	0.082516773000883
3.479999999999992	-0.060229480302981
3.509999999999992	-0.160653190181855
3.539999999999992	-0.234616905056785
3.569999999999991	-0.290774617086700
3.599999999999991	-0.334212069849371
3.629999999999991	-0.368083964154779
3.659999999999991	-0.394418215781810
3.689999999999991	-0.414538834144719
3.719999999999990	-0.429298776562310
3.749999999999990	-0.439210104815399
3.779999999999990	-0.444513154828797
3.809999999999990	-0.445204290313024
3.839999999999990	-0.441029264893697
3.869999999999989	-0.431439773913202
3.899999999999989	-0.415500090039314
3.929999999999989	-0.391713467671146
3.959999999999989	-0.357703990732368
3.989999999999989	-0.309613751160470
4.019999999999989	-0.240889102808704
4.049999999999989	-0.139623587136865
4.079999999999989	0.017917156202753
4.109999999999990	0.285203495378925
4.139999999999990	0.798766981310975
4.169999999999990	1.797550463870628
4.199999999999990	1.963449409362926
4.229999999999991	0.952644419918923
4.259999999999991	0.332721631105621
4.289999999999991	-0.013434637878009
4.319999999999991	-0.225651505750948
4.349999999999992	-0.365224824340717
4.379999999999992	-0.460529635854293
4.409999999999992	-0.525900375450810
4.439999999999992	-0.568929623412153
4.469999999999993	-0.593496723008160
4.499999999999993	-0.601040553652240
4.529999999999993	-0.590946368998624
4.559999999999993	-0.560272423423105
4.589999999999994	-0.502624927205394
4.619999999999994	-0.405355816081646
4.649999999999994	-0.242597102529179
4.679999999999994	0.043636384007906
4.709999999999995	0.596625416574331
4.739999999999995	1.654249996270849
4.769999999999995	1.962166213973234
4.799999999999995	0.881291027867318
4.829999999999996	0.151582951982836
4.859999999999996	-0.260690282422382
4.889999999999996	-0.506514809076548
4.919999999999996	-0.656024126937139
4.949999999999997	-0.740253932697363
4.979999999999997	-0.771271678761883
5.009999999999997	-0.748730971276227
5.039999999999997	-0.658943204162140
5.069999999999998	-0.465019445776674
5.099999999999998	-0.076176019131533
5.129999999999998	0.724546882751276
5.159999999999998	1.951641933787766
5.189999999999999	1.518055672384819
5.219999999999999	0.407827474003755
5.249999999999999	-0.315446785657594
5.279999999999999	-0.737102136627473
5.310000000000000	-0.958187240666358
5.340000000000000	-1.009347411442429
5.370000000000000	-0.855112054881809
5.400000000000000	-0.353758284392670
5.430000000000001	0.796174286725621
5.460000000000001	1.989715237729135
5.490000000000001	1.103972568029940
5.520000000000001	-0.122362465224151
5.550000000000002	-0.934556748161264
5.580000000000002	-1.297504172258030
5.610000000000002	-1.048109627841877
5.640000000000002	0.299257023601345
5.670000000000003	1.901666470974086
5.700000000000003	0.858977016522612
5.730000000000003	-1.177734186475470
5.760000000000003	-1.500272057924966
5.790000000000004	0.665204448454849
5.820000000000004	1.174461583664893
5.850000000000004	-2.768522881963854
5.880000000000004	-2.023105182319137
5.910000000000005	-1.882151095233691
5.940000000000005	-1.816021269440431
5.970000000000005	-1.776853459830530
6.000000000000005	-1.750720940894190
6.030000000000006	-1.731954616913789
6.060000000000006	-1.717782934963832
6.090000000000006	-1.706680910742467
6.120000000000006	-1.697736475864875
6.150000000000007	-1.690369069983918
6.180000000000007	-1.684190801934478
6.210000000000007	-1.678932247984186
6.240000000000007	-1.674400213093459
6.270000000000008	-1.670452424978162
6.300000000000008	-1.666981716473435
6.330000000000008	-1.663905778909579
6.360000000000008	-1.661160318367002
6.390000000000009	-1.658694362179742
6.420000000000009	-1.656466964759875
6.450000000000009	-1.654444847872311
6.480000000000009	-1.652600679331998
6.510000000000010	-1.650911796836027
6.540000000000010	-1.649359247874648
6.570000000000010	-1.647927057804837
6.600000000000010	-1.646601665099308
6.630000000000011	-1.645371480761973
6.660000000000011	-1.644226541120003
6.690000000000011	-1.643158231644691
6.720000000000011	-1.642159065373953
6.750000000000012	-1.641222503719481
6.780000000000012	-1.640342810473807
6.810000000000012	-1.639514932042483
6.840000000000012	-1.638734398554994
6.870000000000013	-1.637997241720303
6.900000000000013	-1.637299926204095
6.930000000000013	-1.636639291995799
6.960000000000013	-1.636012505761967
6.990000000000014	-1.635417019589964
7.020000000000014	-1.634850535842338
7.050000000000014	-1.634310977089662
7.080000000000014	-1.633796460284513
7.110000000000015	-1.633305274493593
7.140000000000015	-1.632835861628024
7.170000000000015	-1.632386799710513
7.200000000000015	-1.631956788297512
7.230000000000016	-1.631544635738933
7.260000000000016	-1.631149248010346
7.290000000000016	-1.630769618895493
7.320000000000016	-1.630404821332116
7.350000000000017	-1.630053999763193
7.380000000000017	-1.629716363359709
7.410000000000017	-1.629391180001108
7.440000000000017	-1.629077770916289
7.470000000000018	-1.628775505901981
7.500000000000018	-1.628483799047128
7.530000000000018	-1.628202104901797
7.560000000000018	-1.627929915037554
7.590000000000019	-1.627666754953373
7.620000000000019	-1.627412181287179
7.650000000000019	-1.627165779298355
7.680000000000019	-1.626927160590928
7.710000000000020	-1.626695961050999
7.740000000000020	-1.626471838975219
7.770000000000020	-1.626254473369960
7.800000000000020	-1.626043562403279
7.830000000000020	-1.625838821993863
7.860000000000021	-1.625639984523026
7.890000000000021	-1.625446797657385
7.920000000000021	-1.625259023271272
7.950000000000021	-1.625076436459158
7.980000000000022	-1.624898824629416
8.010000000000021	-1.624725986671716
8.040000000000020	-1.624557732191154
8.070000000000020	-1.624393880802951
8.100000000000019	-1.624234261482199
8.130000000000019	-1.624078711963704
8.160000000000018	-1.623927078187479
8.190000000000017	-1.623779213785871
8.220000000000017	-1.623634979608735
8.250000000000016	-1.623494243283379
8.280000000000015	-1.623356878806355
8.310000000000015	-1.623222766164441
8.340000000000014	-1.623091790982392
8.370000000000013	-1.622963844195283
8.400000000000013	-1.622838821743468
8.430000000000012	-1.622716624288349
8.460000000000012	-1.622597156947310
8.490000000000011	-1.622480329046339
8.520000000000010	-1.622366053888953
8.550000000000010	-1.622254248540207
8.580000000000009	-1.622144833624640
8.610000000000008	-1.622037733137110
8.640000000000008	-1.621932874265589
8.670000000000007	-1.621830187225027
8.700000000000006	-1.621729605101488
8.730000000000006	-1.621631063705836
8.760000000000005	-1.621534501436279
8.790000000000004	-1.621439859149166
8.820000000000004	-1.621347080037447
8.850000000000003	-1.621256109516288
8.880000000000003	-1.621166895115343
8.910000000000002	-1.621079386377242
8.940000000000001	-1.620993534761869
8.970000000000001	-1.620909293556061
9.000000000000000	-1.620826617788369
9.029999999999999	-1.620745464148548
9.059999999999999	-1.620665790911471
9.089999999999998	-1.620587557865204
9.119999999999997	-1.620510726242951
9.149999999999997	-1.620435258658650
9.179999999999996	-1.620361119045985
9.209999999999996	-1.620288272600602
9.239999999999995	-1.620216685725341
9.269999999999994	-1.620146325978292
9.299999999999994	-1.620077162023521
9.329999999999993	-1.620009163584292
9.359999999999992	-1.619942301398644
9.389999999999992	-1.619876547177196
9.419999999999991	-1.619811873563029
9.449999999999990	-1.619748254093549
9.479999999999990	-1.619685663164206
9.509999999999989	-1.619624075993960
9.539999999999988	-1.619563468592411
9.569999999999988	-1.619503817728489
9.599999999999987	-1.619445100900618
9.629999999999987	-1.619387296308285
9.659999999999986	-1.619330382824916
9.689999999999985	-1.619274339972020
9.719999999999985	-1.619219147894499
9.749999999999984	-1.619164787337087
9.779999999999983	-1.619111239621853
9.809999999999983	-1.619058486626701
9.839999999999982	-1.619006510764832
9.869999999999981	-1.618955294965106
9.899999999999981	-1.618904822653267
9.929999999999980	-1.618855077733978
9.959999999999980	-1.618806044573633
9.989999999999979	-1.618757707983907
10.019999999999978	-1.618710053205999
10.049999999999978	-1.618663065895545
10.079999999999977	-1.618616732108160
10.109999999999976	-1.618571038285580
10.139999999999976	-1.618525971242385
10.169999999999975	-1.618481518153253
10.199999999999974	-1.618437666540746
10.229999999999974	-1.618394404263584
10.259999999999973	-1.618351719505389
10.289999999999973	-1.618309600763884
10.319999999999972	-1.618268036840517
10.349999999999971	-1.618227016830493
10.379999999999971	-1.618186530113197
10.409999999999970	-1.618146566342991
10.439999999999969	-1.618107115440367
10.469999999999969	-1.618068167583435
10.499999999999968	-1.618029713199739
10.529999999999967	-1.617991742958388
10.559999999999967	-1.617954247762470
10.589999999999966	-1.617917218741767
10.619999999999965	-1.617880647245726
10.649999999999965	-1.617844524836701
10.679999999999964	-1.617808843283433
10.709999999999964	-1.617773594554779
10.739999999999963	-1.617738770813660
10.769999999999962	-1.617704364411232
10.799999999999962	-1.617670367881263
10.829999999999961	-1.617636773934711
10.859999999999960	-1.617603575454501
10.889999999999960	-1.617570765490472
10.919999999999959	-1.617538337254514
10.949999999999958	-1.617506284115868
10.979999999999958	-1.617474599596590
11.009999999999957	-1.617443277367172
11.039999999999957	-1.617412311242308
11.069999999999956	-1.617381695176813
11.099999999999955	-1.617351423261673
11.129999999999955	-1.617321489720229
11.159999999999954	-1.617291888904488
11.189999999999953	-1.617262615291565
11.219999999999953	-1.617233663480227
11.249999999999952	-1.617205028187567
11.279999999999951	-1.617176704245773
11.309999999999951	-1.617148686599016
11.339999999999950	-1.617120970300425
11.369999999999949	-1.617093550509167
11.399999999999949	-1.617066422487623
11.429999999999948	-1.617039581598644
11.459999999999948	-1.617013023302906
11.489999999999947	-1.616986743156339
11.519999999999946	-1.616960736807641
11.549999999999946	-1.616934999995866
11.579999999999945	-1.616909528548094
11.609999999999944	-1.616884318377166
11.639999999999944	-1.616859365479488
11.669999999999943	-1.616834665932911
11.699999999999942	-1.616810215894663
11.729999999999942	-1.616786011599355
11.759999999999941	-1.616762049357036
11.789999999999941	-1.616738325551319
11.819999999999940	-1.616714836637552
11.849999999999939	-1.616691579141044
11.879999999999939	-1.616668549655355
11.909999999999938	-1.616645744840618
11.939999999999937	-1.616623161421927
11.969999999999937	-1.616600796187760
11.999999999999936	-1.616578645988454
12.029999999999935	-1.616556707734722
12.059999999999935	-1.616534978396211
12.089999999999934	-1.616513455000103
12.119999999999933	-1.616492134629758
12.149999999999933	-1.616471014423389
12.179999999999932	-1.616450091572777
12.209999999999932	-1.616429363322028
12.239999999999931	-1.616408826966355
12.269999999999930	-1.616388479850898
12.299999999999930	-1.616368319369580
12.329999999999929	-1.616348342963987
12.359999999999928	-1.616328548122287
12.389999999999928	-1.616308932378170
12.419999999999927	-1.616289493309823
12.449999999999926	-1.616270228538931
12.479999999999926	-1.616251135729702
12.509999999999925	-1.616232212587923
12.539999999999925	-1.616213456860038
12.569999999999924	-1.616194866332249
12.599999999999923	-1.616176438829642
12.629999999999923	-1.616158172215343
12.659999999999922	-1.616140064389680
12.689999999999921	-1.616122113289385
12.719999999999921	-1.616104316886803
12.749999999999920	-1.616086673189128
12.779999999999919	-1.616069180237657
12.809999999999919	-1.616051836107063
12.839999999999918	-1.616034638904690
12.869999999999918	-1.616017586769857
12.899999999999917	-1.616000677873187
12.929999999999916	-1.615983910415956
12.959999999999916	-1.615967282629447
12.989999999999915	-1.615950792774328
13.019999999999914	-1.615934439140049
13.049999999999914	-1.615918220044240
13.079999999999913	-1.615902133832141
13.109999999999912	-1.615886178876034
13.139999999999912	-1.615870353574692
13.169999999999911	-1.615854656352842
13.199999999999910	-1.615839085660645
13.229999999999910	-1.615823639973179
13.259999999999909	-1.615808317789943
13.289999999999909	-1.615793117634369
13.319999999999908	-1.615778038053348
13.349999999999907	-1.615763077616764
13.379999999999907	-1.615748234917041
13.409999999999906	-1.615733508568701
13.439999999999905	-1.615718897207932
13.469999999999905	-1.615704399492167
13.499999999999904	-1.615690014099667
13.529999999999903	-1.615675739729125
13.559999999999903	-1.615661575099268
13.589999999999902	-1.615647518948474
13.619999999999902	-1.615633570034399
13.649999999999901	-1.615619727133605
13.679999999999900	-1.615605989041204
13.709999999999900	-1.615592354570511
13.739999999999899	-1.615578822552697
13.769999999999898	-1.615565391836453
13.799999999999898	-1.615552061287669
13.829999999999897	-1.615538829789108
13.859999999999896	-1.615525696240098
13.889999999999896	-1.615512659556219
13.919999999999895	-1.615499718669014
13.949999999999894	-1.615486872525687
13.979999999999894	-1.615474120088821
14.009999999999893	-1.615461460336100
14.039999999999893	-1.615448892260032
14.069999999999892	-1.615436414867680
14.099999999999891	-1.615424027180404
14.129999999999891	-1.615411728233604
14.159999999999890	-1.615399517076465
14.189999999999889	-1.615387392771715
14.219999999999889	-1.615375354395384
14.249999999999888	-1.615363401036569
14.279999999999887	-1.615351531797202
14.309999999999887	-1.615339745791827
14.339999999999886	-1.615328042147377
14.369999999999886	-1.615316420002961
14.399999999999885	-1.615304878509649
14.429999999999884	-1.615293416830266
14.459999999999884	-1.615282034139192
14.489999999999883	-1.615270729622158
14.519999999999882	-1.615259502476056
14.549999999999882	-1.615248351908747
14.579999999999881	-1.615237277138874
14.609999999999880	-1.615226277395678
14.639999999999880	-1.615215351918820
14.669999999999879	-1.615204499958206
14.699999999999878	-1.615193720773816
14.729999999999878	-1.615183013635530
14.759999999999877	-1.615172377822971
14.789999999999877	-1.615161812625334
14.819999999999876	-1.615151317341237
14.849999999999875	-1.615140891278557
14.879999999999875	-1.615130533754281
14.909999999999874	-1.615120244094360
14.939999999999873	-1.615110021633556
14.969999999999873	-1.615099865715301
14.999999999999872	-1.615089775691560
15.029999999999871	-1.615079750922685
15.059999999999871	-1.615069790777288
15.089999999999870	-1.615059894632101
15.119999999999870	-1.615050061871852
15.149999999999869	-1.615040291889132
15.179999999999868	-1.615030584084272
15.209999999999868	-1.615020937865221
15.239999999999867	-1.615011352647423
15.269999999999866	-1.615001827853701
15.299999999999866	-1.614992362914140
15.329999999999865	-1.614982957265972
15.359999999999864	-1.614973610353465
15.389999999999864	-1.614964321627816
15.419999999999863	-1.614955090547039
15.449999999999863	-1.614945916575861
15.479999999999862	-1.614936799185620
15.509999999999861	-1.614927737854162
15.539999999999861	-1.614918732065739
15.569999999999860	-1.614909781310917
15.599999999999859	-1.614900885086471
15.629999999999859	-1.614892042895298
15.659999999999858	-1.614883254246323
15.689999999999857	-1.614874518654403
15.719999999999857	-1.614865835640243
15.749999999999856	-1.614857204730307
15.779999999999855	-1.614848625456728
15.809999999999855	-1.614840097357231
15.839999999999854	-1.614831619975039
15.869999999999854	-1.614823192858803
15.899999999999853	-1.614814815562513
15.929999999999852	-1.614806487645423
15.959999999999852	-1.614798208671972
15.989999999999851	-1.614789978211712
16.019999999999850	-1.614781795839225
16.049999999999851	-1.614773661134060
16.079999999999853	-1.614765573680650
16.109999999999854	-1.614757533068252
16.139999999999855	-1.614749538890868
16.169999999999856	-1.614741590747182
16.199999999999857	-1.614733688240492
16.229999999999858	-1.614725830978640
16.259999999999859	-1.614718018573953
16.289999999999861	-1.614710250643176
16.319999999999862	-1.614702526807408
16.349999999999863	-1.614694846692042
16.379999999999864	-1.614687209926705
16.409999999999865	-1.614679616145197
16.439999999999866	-1.614672064985433
16.469999999999867	-1.614664556089384
16.499999999999869	-1.614657089103022
16.529999999999870	-1.614649663676264
16.559999999999871	-1.614642279462917
16.589999999999872	-1.614634936120624
16.619999999999873	-1.614627633310809
16.649999999999874	-1.614620370698631
16.679999999999875	-1.614613147952924
16.709999999999877	-1.614605964746155
16.739999999999878	-1.614598820754368
16.769999999999879	-1.614591715657138
16.799999999999880	-1.614584649137525
16.829999999999881	-1.614577620882022
16.859999999999882	-1.614570630580512
16.889999999999883	-1.614563677926223
16.919999999999884	-1.614556762615680
16.949999999999886	-1.614549884348661
16.979999999999887	-1.614543042828159
17.009999999999888	-1.614536237760330
17.039999999999889	-1.614529468854458
17.069999999999890	-1.614522735822913
17.099999999999891	-1.614516038381106
17.129999999999892	-1.614509376247453
17.159999999999894	-1.614502749143332
17.189999999999895	-1.614496156793048
17.219999999999896	-1.614489598923792
17.249999999999897	-1.614483075265603
17.279999999999898	-1.614476585551334
17.309999999999899	-1.614470129516610
17.339999999999900	-1.614463706899798
17.369999999999902	-1.614457317441969
17.399999999999903	-1.614450960886861
17.429999999999904	-1.614444636980850
17.459999999999905	-1.614438345472909
17.489999999999906	-1.614432086114583
17.519999999999907	-1.614425858659949
17.549999999999908	-1.614419662865587
17.579999999999909	-1.614413498490550
17.609999999999911	-1.614407365296328
17.639999999999912	-1.614401263046823
17.669999999999913	-1.614395191508311
17.699999999999914	-1.614389150449422
17.729999999999915	-1.614383139641101
17.759999999999916	-1.614377158856585
17.789999999999917	-1.614371207871373
17.819999999999919	-1.614365286463197
17.849999999999920	-1.614359394411993
17.879999999999921	-1.614353531499880
17.909999999999922	-1.614347697511124
17.939999999999923	-1.614341892232118
17.969999999999924	-1.614336115451354
17.999999999999925	-1.614330366959398
18.029999999999927	-1.614324646548863
18.059999999999928	-1.614318954014384
18.089999999999929	-1.614313289152596
18.119999999999930	-1.614307651762108
18.149999999999931	-1.614302041643478
18.179999999999932	-1.614296458599191
18.209999999999933	-1.614290902433636
18.239999999999934	-1.614285372953083
18.269999999999936	-1.614279869965657
18.299999999999937	-1.614274393281323
18.329999999999938	-1.614268942711856
18.359999999999939	-1.614263518070826
18.389999999999940	-1.614258119173573
18.419999999999941	-1.614252745837186
18.449999999999942	-1.614247397880485
18.479999999999944	-1.614242075123998
18.509999999999945	-1.614236777389940
18.539999999999946	-1.614231504502200
18.569999999999947	-1.614226256286310
18.599999999999948	-1.614221032569437
18.629999999999949	-1.614215833180357
18.659999999999950	-1.614210657949440
18.689999999999952	-1.614205506708627
18.719999999999953	-1.614200379291418
18.749999999999954	-1.614195275532848
18.779999999999955	-1.614190195269474
18.809999999999956	-1.614185138339356
18.839999999999957	-1.614180104582036
18.869999999999958	-1.614175093838528
18.899999999999959	-1.614170105951296
18.929999999999961	-1.614165140764239
18.959999999999962	-1.614160198122675
18.989999999999963	-1.614155277873324
19.019999999999964	-1.614150379864294
19.049999999999965	-1.614145503945064
19.079999999999966	-1.614140649966467
19.109999999999967	-1.614135817780677
19.139999999999969	-1.614131007241197
19.169999999999970	-1.614126218202835
19.199999999999971	-1.614121450521698
19.229999999999972	-1.614116704055175
19.259999999999973	-1.614111978661921
19.289999999999974	-1.614107274201845
19.319999999999975	-1.614102590536095
19.349999999999977	-1.614097927527044
19.379999999999978	-1.614093285038280
19.409999999999979	-1.614088662934586
19.439999999999980	-1.614084061081934
19.469999999999981	-1.614079479347467
19.499999999999982	-1.614074917599488
19.529999999999983	-1.614070375707448
19.559999999999985	-1.614065853541934
19.589999999999986	-1.614061350974652
19.619999999999987	-1.614056867878422
19.649999999999988	-1.614052404127161
19.679999999999989	-1.614047959595873
19.709999999999990	-1.614043534160635
19.739999999999991	-1.614039127698590
19.769999999999992	-1.614034740087932
19.799999999999994	-1.614030371207895
19.829999999999995	-1.614026020938744
19.859999999999996	-1.614021689161761
19.889999999999997	-1.614017375759238
19.919999999999998	-1.614013080614462
19.949999999999999	-1.614008803611709
19.980000000000000	-1.614004544636229
20.010000000000002	-1.614000303574239
20.040000000000003	-1.613996080312912
20.070000000000004	-1.613991874740367
20.100000000000005	-1.613987686745659
20.130000000000006	-1.613983516218767
20.160000000000007	-1.613979363050590
20.190000000000008	-1.613975227132932
20.220000000000010	-1.613971108358494
20.250000000000011	-1.613967006620866
20.280000000000012	-1.613962921814518
20.310000000000013	-1.613958853834789
20.340000000000014	-1.613954802577880
20.370000000000015	-1.613950767940842
20.400000000000016	-1.613946749821573
20.430000000000017	-1.613942748118803
20.460000000000019	-1.613938762732090
20.490000000000020	-1.613934793561809
20.520000000000021	-1.613930840509145
20.550000000000022	-1.613926903476085
20.580000000000023	-1.613922982365408
20.610000000000024	-1.613919077080681
20.640000000000025	-1.613915187526245
20.670000000000027	-1.613911313607212
20.700000000000028	-1.613907455229458
20.730000000000029	-1.613903612299609
20.760000000000030	-1.613899784725042
20.790000000000031	-1.613895972413870
20.820000000000032	-1.613892175274940
20.850000000000033	-1.613888393217822
20.880000000000035	-1.613884626152804
20.910000000000036	-1.613880873990885
20.940000000000037	-1.613877136643766
20.970000000000038	-1.613873414023847
21.000000000000039	-1.613869706044213
21.030000000000040	-1.613866012618637
21.060000000000041	-1.613862333661563
21.090000000000042	-1.613858669088109
21.120000000000044	-1.613855018814052
21.150000000000045	-1.613851382755828
21.180000000000046	-1.613847760830522
21.210000000000047	-1.613844152955864
21.240000000000048	-1.613840559050219
21.270000000000049	-1.613836979032585
21.300000000000050	-1.613833412822586
21.330000000000052	-1.613829860340464
21.360000000000053	-1.613826321507074
21.390000000000054	-1.613822796243879
21.420000000000055	-1.613819284472944
21.450000000000056	-1.613815786116930
21.480000000000057	-1.613812301099085
21.510000000000058	-1.613808829343246
21.540000000000060	-1.613805370773827
21.570000000000061	-1.613801925315815
21.600000000000062	-1.613798492894765
21.630000000000063	-1.613795073436795
21.660000000000064	-1.613791666868582
21.690000000000065	-1.613788273117352
21.720000000000066	-1.613784892110880
21.750000000000068	-1.613781523777483
21.780000000000069	-1.613778168046013
21.810000000000070	-1.613774824845856
21.840000000000071	-1.613771494106922
21.870000000000072	-1.613768175759646
21.900000000000073	-1.613764869734977
21.930000000000074	-1.613761575964378
21.960000000000075	-1.613758294379820
21.990000000000077	-1.613755024913774
22.020000000000078	-1.613751767499213
22.050000000000079	-1.613748522069600
22.080000000000080	-1.613745288558889
22.110000000000081	-1.613742066901519
22.140000000000082	-1.613738857032406
22.170000000000083	-1.613735658886946
22.200000000000085	-1.613732472401004
22.230000000000086	-1.613729297510911
22.260000000000087	-1.613726134153463
22.290000000000088	-1.613722982265913
22.320000000000089	-1.613719841785971
22.350000000000090	-1.613716712651794
22.380000000000091	-1.613713594801987
22.410000000000093	-1.613710488175598
22.440000000000094	-1.613707392712113
22.470000000000095	-1.613704308351450
22.500000000000096	-1.613701235033961
22.530000000000097	-1.613698172700423
22.560000000000098	-1.613695121292035
22.590000000000099	-1.613692080750417
22.620000000000100	-1.613689051017602
22.650000000000102	-1.613686032036036
22.680000000000103	-1.613683023748574
22.710000000000104	-1.613680026098474
22.740000000000105	-1.613677039029395
22.770000000000106	-1.613674062485392
22.800000000000107	-1.613671096410918
22.830000000000108	-1.613668140750810
22.860000000000110	-1.613665195450299
22.890000000000111	-1.613662260454993
22.920000000000112	-1.613659335710885
22.950000000000113	-1.613656421164341
22.980000000000114	-1.613653516762105
23.010000000000115	-1.613650622451287
23.040000000000116	-1.613647738179366
23.070000000000118	-1.613644863894186
23.100000000000119	-1.613641999543949
23.130000000000120	-1.613639145077218
23.160000000000121	-1.613636300442908
23.190000000000122	-1.613633465590286
23.220000000000123	-1.613630640468968
23.250000000000124	-1.613627825028917
23.280000000000125	-1.613625019220435
23.310000000000127	-1.613622222994166
23.340000000000128	-1.613619436301091
23.370000000000129	-1.613616659092525
23.400000000000130	-1.613613891320111
23.430000000000131	-1.613611132935825
23.460000000000132	-1.613608383891964
23.490000000000133	-1.613605644141151
23.520000000000135	-1.613602913636327
23.550000000000136	-1.613600192330750
23.580000000000137	-1.613597480177996
23.610000000000138	-1.613594777131947
23.640000000000139	-1.613592083146801
23.670000000000140	-1.613589398177058
23.700000000000141	-1.613586722177524
23.730000000000143	-1.613584055103306
23.760000000000144	-1.613581396909811
23.790000000000145	-1.613578747552742
23.820000000000146	-1.613576106988096
23.850000000000147	-1.613573475172162
23.880000000000148	-1.613570852061520
23.910000000000149	-1.613568237613034
23.940000000000150	-1.613565631783853
23.970000000000152	-1.613563034531412
24.000000000000153	-1.613560445813420
24.030000000000154	-1.613557865587869
24.060000000000155	-1.613555293813023
24.090000000000156	-1.613552730447420
24.120000000000157	-1.613550175449869
24.150000000000158	-1.613547628779449
24.180000000000160	-1.613545090395502
24.210000000000161	-1.613542560257637
24.240000000000162	-1.613540038325726
24.270000000000163	-1.613537524559898
24.300000000000164	-1.613535018920542
24.330000000000165	-1.613532521368302
24.360000000000166	-1.613530031864076
24.390000000000168	-1.613527550369015
24.420000000000169	-1.613525076844517
24.450000000000170	-1.613522611252230
24.480000000000171	-1.613520153554048
24.510000000000172	-1.613517703712106
24.540000000000173	-1.613515261688783
24.570000000000174	-1.613512827446698
24.600000000000176	-1.613510400948707
24.630000000000177	-1.613507982157903
24.660000000000178	-1.613505571037612
24.690000000000179	-1.613503167551394
24.720000000000180	-1.613500771663038
24.750000000000181	-1.613498383336562
24.780000000000182	-1.613496002536212
24.810000000000183	-1.613493629226457
24.840000000000185	-1.613491263371992
24.870000000000186	-1.613488904937732
24.900000000000187	-1.613486553888811
24.930000000000188	-1.613484210190584
24.960000000000189	-1.613481873808619
24.990000000000190	-1.613479544708701
25.020000000000191	-1.613477222856827
25.050000000000193	-1.613474908219207
25.080000000000194	-1.613472600762259
25.110000000000195	-1.613470300452609
25.140000000000196	-1.613468007257092
25.170000000000197	-1.613465721142745
25.200000000000198	-1.613463442076810
25.230000000000199	-1.613461170026731
25.260000000000201	-1.613458904960150
25.290000000000202	-1.613456646844911
25.320000000000203	-1.613454395649053
25.350000000000204	-1.613452151340811
25.380000000000205	-1.613449913888614
25.410000000000206	-1.613447683261086
25.440000000000207	-1.613445459427038
25.470000000000208	-1.613443242355474
25.500000000000210	-1.613441032015586
25.530000000000211	-1.613438828376751
25.560000000000212	-1.613436631408534
25.590000000000213	-1.613434441080683
25.620000000000214	-1.613432257363128
25.650000000000215	-1.613430080225981
25.680000000000216	-1.613427909639533
25.710000000000218	-1.613425745574256
25.740000000000219	-1.613423588000797
25.770000000000220	-1.613421436889980
25.800000000000221	-1.613419292212802
25.830000000000222	-1.613417153940436
25.860000000000223	-1.613415022044225
25.890000000000224	-1.613412896495684
25.920000000000226	-1.613410777266496
25.950000000000227	-1.613408664328513
25.980000000000228	-1.613406557653754
26.010000000000229	-1.613404457214404
26.040000000000230	-1.613402362982811
26.070000000000231	-1.613400274931490
26.100000000000232	-1.613398193033113
26.130000000000233	-1.613396117260517
26.160000000000235	-1.613394047586696
26.190000000000236	-1.613391983984804
26.220000000000237	-1.613389926428153
26.250000000000238	-1.613387874890209
26.280000000000239	-1.613385829344596
26.310000000000240	-1.613383789765088
26.340000000000241	-1.613381756125615
26.370000000000243	-1.613379728400259
26.400000000000244	-1.613377706563250
26.430000000000245	-1.613375690588969
26.460000000000246	-1.613373680451946
26.490000000000247	-1.613371676126858
26.520000000000248	-1.613369677588527
26.550000000000249	-1.613367684811922
26.580000000000251	-1.613365697772155
26.610000000000252	-1.613363716444482
26.640000000000253	-1.613361740804301
26.670000000000254	-1.613359770827151
26.700000000000255	-1.613357806488710
26.730000000000256	-1.613355847764796
26.760000000000257	-1.613353894631367
26.790000000000258	-1.613351947064514
26.820000000000260	-1.613350005040468
26.850000000000261	-1.613348068535593
26.880000000000262	-1.613346137526388
26.910000000000263	-1.613344211989485
26.940000000000264	-1.613342291901649
26.970000000000265	-1.613340377239775
27.000000000000266	-1.613338467980889
27.030000000000268	-1.613336564102148
27.060000000000269	-1.613334665580836
27.090000000000270	-1.613332772394365
27.120000000000271	-1.613330884520273
27.150000000000272	-1.613329001936227
27.180000000000273	-1.613327124620016
27.210000000000274	-1.613325252549553
27.240000000000276	-1.613323385702877
27.270000000000277	-1.613321524058148
27.300000000000278	-1.613319667593646
27.330000000000279	-1.613317816287775
27.360000000000280	-1.613315970119057
27.390000000000281	-1.613314129066132
27.420000000000282	-1.613312293107761
27.450000000000284	-1.613310462222820
27.480000000000285	-1.613308636390303
27.510000000000286	-1.613306815589320
27.540000000000287	-1.613304999799095
27.570000000000288	-1.613303188998967
27.600000000000289	-1.613301383168388
27.630000000000290	-1.613299582286923
27.660000000000291	-1.613297786334248
27.690000000000293	-1.613295995290153
27.720000000000294	-1.613294209134534
27.750000000000295	-1.613292427847401
27.780000000000296	-1.613290651408870
27.810000000000297	-1.613288879799165
27.840000000000298	-1.613287112998620
27.870000000000299	-1.613285350987673
27.900000000000301	-1.613283593746870
27.930000000000302	-1.613281841256861
27.960000000000303	-1.613280093498400
27.990000000000304	-1.613278350452347
28.020000000000305	-1.613276612099663
28.050000000000306	-1.613274878421412
28.080000000000307	-1.613273149398761
28.110000000000309	-1.613271425012976
28.140000000000310	-1.613269705245425
28.170000000000311	-1.613267990077575
28.200000000000312	-1.613266279490992
28.230000000000313	-1.613264573467341
28.260000000000314	-1.613262871988384
28.290000000000315	-1.613261175035981
28.320000000000316	-1.613259482592087
28.350000000000318	-1.613257794638754
28.380000000000319	-1.613256111158129
28.410000000000320	-1.613254432132453
28.440000000000321	-1.613252757544062
28.470000000000322	-1.613251087375383
28.500000000000323	-1.613249421608939
28.530000000000324	-1.613247760227341
28.560000000000326	-1.613246103213296
28.590000000000327	-1.613244450549599
28.620000000000328	-1.613242802219135
28.650000000000329	-1.613241158204880
28.680000000000330	-1.613239518489899
28.710000000000331	-1.613237883057345
28.740000000000332	-1.613236251890458
28.770000000000334	-1.613234624972567
28.800000000000335	-1.613233002287087
28.830000000000336	-1.613231383817520
28.860000000000337	-1.613229769547453
28.890000000000338	-1.613228159460557
28.920000000000339	-1.613226553540590
28.950000000000340	-1.613224951771391
28.980000000000341	-1.613223354136886
29.010000000000343	-1.613221760621081
29.040000000000344	-1.613220171208065
29.070000000000345	-1.613218585882011
29.100000000000346	-1.613217004627170
29.130000000000347	-1.613215427427876
29.160000000000348	-1.613213854268544
29.190000000000349	-1.613212285133665
29.220000000000351	-1.613210720007814
29.250000000000352	-1.613209158875641
29.280000000000353	-1.613207601721877
29.310000000000354	-1.613206048531330
29.340000000000355	-1.613204499288883
29.370000000000356	-1.613202953979499
29.400000000000357	-1.613201412588215
29.430000000000359	-1.613199875100146
29.460000000000360	-1.613198341500480
29.490000000000361	-1.613196811774482
29.520000000000362	-1.613195285907490
29.550000000000363	-1.613193763884915
29.580000000000364	-1.613192245692244
29.610000000000365	-1.613190731315035
29.640000000000366	-1.613189220738919
29.670000000000368	-1.613187713949601
29.700000000000369	-1.613186210932853
29.730000000000370	-1.613184711674524
29.760000000000371	-1.613183216160529
29.790000000000372	-1.613181724376855
29.820000000000373	-1.613180236309560
29.850000000000374	-1.613178751944769
29.880000000000376	-1.613177271268678
29.910000000000377	-1.613175794267552
29.940000000000378	-1.613174320927721
29.970000000000379	-1.613172851235586
30.000000000000380	-1.613171385177613
