0.000000000000000	0.000000000000000
0.030000000000000	0.004499746846804
0.060000000000000	0.008997974056319
0.090000000000000	0.013493158436838
0.120000000000000	0.017983769665611
0.150000000000000	0.022468266667543
0.180000000000000	0.026945093926208
0.210000000000000	0.031412677703329
0.240000000000000	0.035869422141794
0.270000000000000	0.040313705225786
0.300000000000000	0.044743874569857
0.330000000000000	0.049158243006552
0.360000000000000	0.053555083939617
0.390000000000000	0.057932626426665
0.420000000000000	0.062289049951554
0.450000000000000	0.066622478842386
0.480000000000000	0.070930976286000
0.510000000000000	0.075212537883901
0.540000000000000	0.079465084687632
0.570000000000000	0.083686455643479
0.600000000000000	0.087874399366851
0.630000000000000	0.092026565155482
0.660000000000000	0.096140493137409
0.690000000000000	0.100213603434061
0.720000000000000	0.104243184200396
0.750000000000000	0.108226378382022
0.780000000000000	0.112160169003178
0.810000000000000	0.116041362768100
0.840000000000001	0.119866571720788
0.870000000000001	0.123632192662828
0.900000000000001	0.127334383974029
0.930000000000001	0.130969039413748
0.960000000000001	0.134531758398979
0.990000000000001	0.138017812154596
1.020000000000001	0.141422105006655
1.050000000000001	0.144739129934639
1.080000000000001	0.147962917304471
1.110000000000001	0.151086975459353
1.140000000000001	0.154104221534716
1.170000000000001	0.157006900465866
1.200000000000001	0.159786489643919
1.230000000000001	0.162433586008049
1.260000000000001	0.164937771485443
1.290000000000001	0.167287451527466
1.320000000000001	0.169469659931564
1.350000000000001	0.171469821024009
1.380000000000001	0.173271457374980
1.410000000000001	0.174855827175593
1.440000000000001	0.176201469696682
1.470000000000001	0.177283629051654
1.500000000000001	0.178073514506888
1.530000000000001	0.178537337732914
1.560000000000001	0.178635040208335
1.590000000000001	0.178318581586940
1.620000000000001	0.177529591878829
1.650000000000001	0.176196077990123
1.680000000000001	0.174227682998223
1.710000000000001	0.171508654301584
1.740000000000001	0.167887038323651
1.770000000000001	0.163157361698329
1.800000000000001	0.157031415367939
1.830000000000001	0.149085751069779
1.860000000000001	0.138659485500268
1.890000000000001	0.124633833217025
1.920000000000001	0.104888944088170
1.950000000000002	0.074750291990289
1.980000000000002	0.023354309040991
2.010000000000002	-0.041012400276319
2.040000000000001	-0.081376897031006
2.070000000000001	-0.102885544094838
2.100000000000001	-0.114657796282458
2.130000000000001	-0.120734051183411
2.160000000000001	-0.123096945231577
2.190000000000000	-0.122851477609087
2.220000000000000	-0.120675965902442
2.250000000000000	-0.117017928763765
2.280000000000000	-0.112189408232871
2.310000000000000	-0.106417741087510
2.339999999999999	-0.099874612419950
2.369999999999999	-0.092693674154535
2.399999999999999	-0.084981753725386
2.429999999999999	-0.076826280156630
2.459999999999999	-0.068300380832579
2.489999999999998	-0.059466492402907
2.519999999999998	-0.050378996204575
2.549999999999998	-0.041086198815552
2.579999999999998	-0.031631866342238
2.609999999999998	-0.022056453037291
2.639999999999997	-0.012398122764001
2.669999999999997	-0.002693635666704
2.699999999999997	0.007020843462667
2.729999999999997	0.016708967368155
2.759999999999997	0.026333414547083
2.789999999999996	0.035855037301931
2.819999999999996	0.045231896505576
2.849999999999996	0.054418116490803
2.879999999999996	0.063362470795803
2.909999999999996	0.072006572778593
2.939999999999996	0.080282485779250
2.969999999999995	0.088109470117004
2.999999999999995	0.095389420134206
3.029999999999995	0.102000258615605
3.059999999999995	0.107786037090455
3.089999999999995	0.112541502402075
3.119999999999994	0.115986897243068
3.149999999999994	0.117724460291764
3.179999999999994	0.117158010479697
3.209999999999994	0.113330925165883
3.239999999999994	0.104562120397145
3.269999999999993	0.087514722993617
3.299999999999993	0.054663880499807
3.329999999999993	-0.004397843603165
3.359999999999993	-0.059852402013021
3.389999999999993	-0.088898033554452
3.419999999999992	-0.102824442961422
3.449999999999992	-0.108304583999437
3.479999999999992	-0.108502477582154
3.509999999999992	-0.105107320179222
3.539999999999992	-0.099124882798086
3.569999999999991	-0.091206879628155
3.599999999999991	-0.081804810453641
3.629999999999991	-0.071249353227754
3.659999999999991	-0.059794870698142
3.689999999999991	-0.047646217366224
3.719999999999990	-0.034976023791098
3.749999999999990	-0.021936683217964
3.779999999999990	-0.008669419198830
3.809999999999990	0.004688069619055
3.839999999999990	0.017994276001950
3.869999999999989	0.031095817361166
3.899999999999989	0.043817366970806
3.929999999999989	0.055947689039688
3.959999999999989	0.067218527877255
3.989999999999989	0.077270197012051
4.019999999999989	0.085591163415952
4.049999999999989	0.091402894368487
4.079999999999989	0.093417745022611
4.109999999999990	0.089264953822120
4.139999999999990	0.073945533461473
4.169999999999990	0.036191887009611
4.199999999999990	-0.025006171772027
4.229999999999991	-0.068413653078558
4.259999999999991	-0.086716821989114
4.289999999999991	-0.091038901952409
4.319999999999991	-0.087213709141226
4.349999999999992	-0.078212503058362
4.379999999999992	-0.065737210345363
4.409999999999992	-0.050877437204248
4.439999999999992	-0.034405249781513
4.469999999999993	-0.016925471198507
4.499999999999993	0.001034953618762
4.529999999999993	0.018961303507321
4.559999999999993	0.036287086337448
4.589999999999994	0.052310150011481
4.619999999999994	0.066053333267907
4.649999999999994	0.075989059311294
4.679999999999994	0.079409809701896
4.709999999999995	0.070801694663882
4.739999999999995	0.038290752017581
4.769999999999995	-0.020669943191936
4.799999999999995	-0.063432669070600
4.829999999999996	-0.077839022719403
4.859999999999996	-0.075635606742395
4.889999999999996	-0.063821514784870
4.919999999999996	-0.046192206893017
4.949999999999997	-0.025106326148068
4.979999999999997	-0.002305537244240
5.009999999999997	0.020638005235242
5.039999999999997	0.041952941688134
5.069999999999998	0.059152022584656
5.099999999999998	0.067959903424039
5.129999999999998	0.059698695409622
5.159999999999998	0.019136628365687
5.189999999999999	-0.037404730559399
5.219999999999999	-0.065537380449073
5.249999999999999	-0.065959805251531
5.279999999999999	-0.049574685861726
5.310000000000000	-0.023712812434006
5.340000000000000	0.006231198628904
5.370000000000000	0.034817439613283
5.400000000000000	0.054130733626737
5.430000000000001	0.049442415559033
5.460000000000001	0.004840105363518
5.490000000000001	-0.044835974258476
5.520000000000001	-0.058626996526314
5.550000000000002	-0.041659610994514
5.580000000000002	-0.007012345660531
5.610000000000002	0.030078838707155
5.640000000000002	0.044419044076129
5.670000000000003	0.008216845235833
5.700000000000003	-0.037816633161193
5.730000000000003	-0.032592776020362
5.760000000000003	0.016163243773846
5.790000000000004	0.026646540257796
5.820000000000004	-0.003896608704867
5.850000000000004	0.018077555935299
5.880000000000004	0.085489964510603
5.910000000000005	0.143732098503314
5.940000000000005	0.199103790685578
5.970000000000005	0.252952485215968
6.000000000000005	0.305842392774446
6.030000000000006	0.358068302452369
6.060000000000006	0.409805127859428
6.090000000000006	0.461165730700130
6.120000000000006	0.512227424684892
6.150000000000007	0.563045611230997
6.180000000000007	0.613661411849010
6.210000000000007	0.664106225212472
6.240000000000007	0.714404590963390
6.270000000000008	0.764576065986555
6.300000000000008	0.814636496986752
6.330000000000008	0.864598909230096
6.360000000000008	0.914474142973010
6.390000000000009	0.964271319217885
6.420000000000009	1.013998187109683
6.450000000000009	1.063661387439718
6.480000000000009	1.113266655525282
6.510000000000010	1.162818979518051
6.540000000000010	1.212322725432509
6.570000000000010	1.261781736975668
6.600000000000010	1.311199416053696
6.630000000000011	1.360578788288862
6.660000000000011	1.409922556784744
6.690000000000011	1.459233146588254
6.720000000000011	1.508512741720539
6.750000000000012	1.557763316222670
6.780000000000012	1.606986660343458
6.810000000000012	1.656184402756067
6.840000000000012	1.705358029506471
6.870000000000013	1.754508900255495
6.900000000000013	1.803638262266475
6.930000000000013	1.852747262504683
6.960000000000013	1.901836958147016
6.990000000000014	1.950908325746709
7.020000000000014	1.999962269254875
7.050000000000014	2.048999627066177
7.080000000000014	2.098021178227986
7.110000000000015	2.147027647929676
7.140000000000015	2.196019712370115
7.170000000000015	2.244998003086173
7.200000000000015	2.293963110812436
7.230000000000016	2.342915588931869
7.260000000000016	2.391855956568465
7.290000000000016	2.440784701365626
7.320000000000016	2.489702281987897
7.350000000000017	2.538609130378511
7.380000000000017	2.587505653800865
7.410000000000017	2.636392236688299
7.440000000000017	2.685269242323419
7.470000000000018	2.734137014365514
7.500000000000018	2.782995878242263
7.530000000000018	2.831846142420000
7.560000000000018	2.880688099565035
7.590000000000019	2.929522027607070
7.620000000000019	2.978348190714483
7.650000000000019	3.027166840190090
7.680000000000019	3.075978215295074
7.710000000000020	3.124782544007877
7.740000000000020	3.173580043724140
7.770000000000020	3.222370921903105
7.800000000000020	3.271155376665322
7.830000000000020	3.319933597346010
7.860000000000021	3.368705765007966
7.890000000000021	3.417472052917520
7.920000000000021	3.466232626986693
7.950000000000021	3.514987646184402
7.980000000000022	3.563737262919278
8.010000000000021	3.612481623396419
8.040000000000020	3.661220867950179
8.070000000000020	3.709955131354909
8.100000000000019	3.758684543115378
8.130000000000019	3.807409227738442
8.160000000000018	3.856129304987415
8.190000000000017	3.904844890120427
8.220000000000017	3.953556094113986
8.250000000000016	4.002263023872813
8.280000000000015	4.050965782426974
8.310000000000015	4.099664469117195
8.340000000000014	4.148359179769225
8.370000000000013	4.197050006858000
8.400000000000013	4.245737039662326
8.430000000000012	4.294420364410717
8.460000000000012	4.343100064419013
8.490000000000011	4.391776220220298
8.520000000000010	4.440448909687660
8.550000000000010	4.489118208150237
8.580000000000009	4.537784188502999
8.610000000000008	4.586446921310665
8.640000000000008	4.635106474906124
8.670000000000007	4.683762915483713
8.700000000000006	4.732416307187660
8.730000000000006	4.781066712196003
8.760000000000005	4.829714190800247
8.790000000000004	4.878358801481030
8.820000000000004	4.927000600980024
8.850000000000003	4.975639644368300
8.880000000000003	5.024275985111363
8.910000000000002	5.072909675131050
8.940000000000001	5.121540764864464
8.970000000000001	5.170169303320131
9.000000000000000	5.218795338131516
9.029999999999999	5.267418915608051
9.059999999999999	5.316040080783825
9.089999999999998	5.364658877464045
9.119999999999997	5.413275348269402
9.149999999999997	5.461889534678452
9.179999999999996	5.510501477068112
9.209999999999996	5.559111214752381
9.239999999999995	5.607718786019368
9.269999999999994	5.656324228166723
9.299999999999994	5.704927577535547
9.329999999999993	5.753528869542866
9.359999999999992	5.802128138712734
9.389999999999992	5.850725418706038
9.419999999999991	5.899320742349066
9.449999999999990	5.947914141660909
9.479999999999990	5.996505647879737
9.509999999999989	6.045095291488023
9.539999999999988	6.093683102236746
9.569999999999988	6.142269109168640
9.599999999999987	6.190853340640524
9.629999999999987	6.239435824344752
9.659999999999986	6.288016587329841
9.689999999999985	6.336595656020292
9.719999999999985	6.385173056235666
9.749999999999984	6.433748813208923
9.779999999999983	6.482322951604082
9.809999999999983	6.530895495533212
9.839999999999982	6.579466468572801
9.869999999999981	6.628035893779516
9.899999999999981	6.676603793705387
9.929999999999980	6.725170190412445
9.959999999999980	6.773735105486829
9.989999999999979	6.822298560052390
10.019999999999978	6.870860574783809
10.049999999999978	6.919421169919258
10.079999999999977	6.967980365272612
10.109999999999976	7.016538180245241
10.139999999999976	7.065094633837391
10.169999999999975	7.113649744659179
10.199999999999974	7.162203530941212
10.229999999999974	7.210756010544842
10.259999999999973	7.259307200972086
10.289999999999973	7.307857119375206
10.319999999999972	7.356405782565978
10.349999999999971	7.404953207024652
10.379999999999971	7.453499408908620
10.409999999999970	7.502044404060803
10.439999999999969	7.550588208017768
10.469999999999969	7.599130836017578
10.499999999999968	7.647672303007406
10.529999999999967	7.696212623650889
10.559999999999967	7.744751812335269
10.589999999999966	7.793289883178298
10.619999999999965	7.841826850034933
10.649999999999965	7.890362726503826
10.679999999999964	7.938897525933609
10.709999999999964	7.987431261428997
10.739999999999963	8.035963945856693
10.769999999999962	8.084495591851127
10.799999999999962	8.133026211820017
10.829999999999961	8.181555817949764
10.859999999999960	8.230084422210693
10.889999999999960	8.278612036362128
10.919999999999959	8.327138671957336
10.949999999999958	8.375664340348308
10.979999999999958	8.424189052690419
11.009999999999957	8.472712819946942
11.039999999999957	8.521235652893436
11.069999999999956	8.569757562122017
11.099999999999955	8.618278558045494
11.129999999999955	8.666798650901402
11.159999999999954	8.715317850755914
11.189999999999953	8.763836167507650
11.219999999999953	8.812353610891375
11.249999999999952	8.860870190481602
11.279999999999951	8.909385915696092
11.309999999999951	8.957900795799254
11.339999999999950	9.006414839905471
11.369999999999949	9.054928056982311
11.399999999999949	9.103440455853676
11.429999999999948	9.151952045202853
11.459999999999948	9.200462833575488
11.489999999999947	9.248972829382481
11.519999999999946	9.297482040902809
11.549999999999946	9.345990476286271
11.579999999999945	9.394498143556165
11.609999999999944	9.443005050611891
11.639999999999944	9.491511205231493
11.669999999999943	9.540016615074137
11.699999999999942	9.588521287682518
11.729999999999942	9.637025230485214
11.759999999999941	9.685528450798978
11.789999999999941	9.734030955830972
11.819999999999940	9.782532752680948
11.849999999999939	9.831033848343370
11.879999999999939	9.879534249709492
11.909999999999938	9.928033963569375
11.939999999999937	9.976532996613862
11.969999999999937	10.025031355436509
11.999999999999936	10.073529046535452
12.029999999999935	10.122026076315247
12.059999999999935	10.170522451088663
12.089999999999934	10.219018177078421
12.119999999999933	10.267513260418905
12.149999999999933	10.316007707157825
12.179999999999932	10.364501523257845
12.209999999999932	10.412994714598168
12.239999999999931	10.461487286976096
12.269999999999930	10.509979246108532
12.299999999999930	10.558470597633471
12.329999999999929	10.606961347111445
12.359999999999928	10.655451500026931
12.389999999999928	10.703941061789740
12.419999999999927	10.752430037736362
12.449999999999926	10.800918433131287
12.479999999999926	10.849406253168297
12.509999999999925	10.897893502971726
12.539999999999925	10.946380187597695
12.569999999999924	10.994866312035313
12.599999999999923	11.043351881207865
12.629999999999923	11.091836899973959
12.659999999999922	11.140321373128657
12.689999999999921	11.188805305404578
12.719999999999921	11.237288701472982
12.749999999999920	11.285771565944822
12.779999999999919	11.334253903371780
12.809999999999919	11.382735718247277
12.839999999999918	11.431217015007471
12.869999999999918	11.479697798032220
12.899999999999917	11.528178071646032
12.929999999999916	11.576657840118994
12.959999999999916	11.625137107667685
12.989999999999915	11.673615878456063
13.019999999999914	11.722094156596341
13.049999999999914	11.770571946149840
13.079999999999913	11.819049251127822
13.109999999999912	11.867526075492318
13.139999999999912	11.916002423156922
13.169999999999911	11.964478297987585
13.199999999999910	12.012953703803380
13.229999999999910	12.061428644377260
13.259999999999909	12.109903123436801
13.289999999999909	12.158377144664923
13.319999999999908	12.206850711700600
13.349999999999907	12.255323828139559
13.379999999999907	12.303796497534965
13.409999999999906	12.352268723398085
13.439999999999905	12.400740509198952
13.469999999999905	12.449211858367002
13.499999999999904	12.497682774291707
13.529999999999903	12.546153260323194
13.559999999999903	12.594623319772854
13.589999999999902	12.643092955913934
13.619999999999902	12.691562171982122
13.649999999999901	12.740030971176123
13.679999999999900	12.788499356658216
13.709999999999900	12.836967331554806
13.739999999999899	12.885434898956969
13.769999999999898	12.933902061920977
13.799999999999898	12.982368823468823
13.829999999999897	13.030835186588732
13.859999999999896	13.079301154235658
13.889999999999896	13.127766729331782
13.919999999999895	13.176231914766991
13.949999999999894	13.224696713399355
13.979999999999894	13.273161128055591
14.009999999999893	13.321625161531520
14.039999999999893	13.370088816592517
14.069999999999892	13.418552095973952
14.099999999999891	13.467015002381622
14.129999999999891	13.515477538492176
14.159999999999890	13.563939706953530
14.189999999999889	13.612401510385283
14.219999999999889	13.660862951379112
14.249999999999888	13.709324032499175
14.279999999999887	13.757784756282495
14.309999999999887	13.806245125239343
14.339999999999886	13.854705141853611
14.369999999999886	13.903164808583181
14.399999999999885	13.951624127860294
14.429999999999884	14.000083102091894
14.459999999999884	14.048541733659988
14.489999999999883	14.097000024921982
14.519999999999882	14.145457978211024
14.549999999999882	14.193915595836330
14.579999999999881	14.242372880083519
14.609999999999880	14.290829833214925
14.639999999999880	14.339286457469919
14.669999999999879	14.387742755065213
14.699999999999878	14.436198728195169
14.729999999999878	14.484654379032099
14.759999999999877	14.533109709726554
14.789999999999877	14.581564722407622
14.819999999999876	14.630019419183206
14.849999999999875	14.678473802140307
14.879999999999875	14.726927873345300
14.909999999999874	14.775381634844203
14.939999999999873	14.823835088662948
14.969999999999873	14.872288236807638
14.999999999999872	14.920741081264808
15.029999999999871	14.969193624001678
15.059999999999871	15.017645866966401
15.089999999999870	15.066097812088314
15.119999999999870	15.114549461278173
15.149999999999869	15.163000816428397
15.179999999999868	15.211451879413296
15.209999999999868	15.259902652089307
15.239999999999867	15.308353136295219
15.269999999999866	15.356803333852390
15.299999999999866	15.405253246564978
15.329999999999865	15.453702876220149
15.359999999999864	15.502152224588290
15.389999999999864	15.550601293423222
15.419999999999863	15.599050084462405
15.449999999999863	15.647498599427138
15.479999999999862	15.695946840022764
15.509999999999861	15.744394807938860
15.539999999999861	15.792842504849441
15.569999999999860	15.841289932413138
15.599999999999859	15.889737092273398
15.629999999999859	15.938183986058657
15.659999999999858	15.986630615382536
15.689999999999857	16.035076981844007
15.719999999999857	16.083523087027576
15.749999999999856	16.131968932503462
15.779999999999855	16.180414519827757
15.809999999999855	16.228859850542605
15.839999999999854	16.277304926176363
15.869999999999854	16.325749748243766
15.899999999999853	16.374194318246090
15.929999999999852	16.422638637671309
15.959999999999852	16.471082707994249
15.989999999999851	16.519526530676757
16.019999999999850	16.567970107167827
16.049999999999851	16.616413438903781
16.079999999999853	16.664856527308388
16.109999999999854	16.713299373793028
16.139999999999855	16.761741979756831
16.169999999999856	16.810184346586816
16.199999999999857	16.858626475658031
16.229999999999858	16.907068368333693
16.259999999999859	16.955510025965321
16.289999999999861	17.003951449892867
16.319999999999862	17.052392641444857
16.349999999999863	17.100833601938511
16.379999999999864	17.149274332679877
16.409999999999865	17.197714834963950
16.439999999999866	17.246155110074803
16.469999999999867	17.294595159285709
16.499999999999869	17.343034983859262
16.529999999999870	17.391474585047487
16.559999999999871	17.439913964091971
16.589999999999872	17.488353122223973
16.619999999999873	17.536792060664535
16.649999999999874	17.585230780624599
16.679999999999875	17.633669283305117
16.709999999999877	17.682107569897163
16.739999999999878	17.730545641582037
16.769999999999879	17.778983499531371
16.799999999999880	17.827421144907241
16.829999999999881	17.875858578862264
16.859999999999882	17.924295802539703
16.889999999999883	17.972732817073567
16.919999999999884	18.021169623588712
16.949999999999886	18.069606223200939
16.979999999999887	18.118042617017093
17.009999999999888	18.166478806135153
17.039999999999889	18.214914791644329
17.069999999999890	18.263350574625161
17.099999999999891	18.311786156149601
17.129999999999892	18.360221537281110
17.159999999999894	18.408656719074742
17.189999999999895	18.457091702577245
17.219999999999896	18.505526488827133
17.249999999999897	18.553961078854780
17.279999999999898	18.602395473682506
17.309999999999899	18.650829674324655
17.339999999999900	18.699263681787681
17.369999999999902	18.747697497070231
17.399999999999903	18.796131121163224
17.429999999999904	18.844564555049931
17.459999999999905	18.892997799706055
17.489999999999906	18.941430856099803
17.519999999999907	18.989863725191967
17.549999999999908	19.038296407936002
17.579999999999909	19.086728905278097
17.609999999999911	19.135161218157243
17.639999999999912	19.183593347505322
17.669999999999913	19.232025294247162
17.699999999999914	19.280457059300616
17.729999999999915	19.328888643576633
17.759999999999916	19.377320047979321
17.789999999999917	19.425751273406021
17.819999999999919	19.474182320747374
17.849999999999920	19.522613190887384
17.879999999999921	19.571043884703485
17.909999999999922	19.619474403066608
17.939999999999923	19.667904746841248
17.969999999999924	19.716334916885518
17.999999999999925	19.764764914051216
18.029999999999927	19.813194739183896
18.059999999999928	19.861624393122909
18.089999999999929	19.910053876701486
18.119999999999930	19.958483190746779
18.149999999999931	20.006912336079932
18.179999999999932	20.055341313516131
18.209999999999933	20.103770123864670
18.239999999999934	20.152198767929001
18.269999999999936	20.200627246506787
18.299999999999937	20.249055560389969
18.329999999999938	20.297483710364812
18.359999999999939	20.345911697211964
18.389999999999940	20.394339521706499
18.419999999999941	20.442767184617985
18.449999999999942	20.491194686710525
18.479999999999944	20.539622028742816
18.509999999999945	20.588049211468189
18.539999999999946	20.636476235634674
18.569999999999947	20.684903101985039
18.599999999999948	20.733329811256844
18.629999999999949	20.781756364182485
18.659999999999950	20.830182761489247
18.689999999999952	20.878609003899353
18.719999999999953	20.927035092130001
18.749999999999954	20.975461026893424
18.779999999999955	21.023886808896922
18.809999999999956	21.072312438842921
18.839999999999957	21.120737917429011
18.869999999999958	21.169163245347981
18.899999999999959	21.217588423287882
18.929999999999961	21.266013451932057
18.959999999999962	21.314438331959188
18.989999999999963	21.362863064043339
19.019999999999964	21.411287648853992
19.049999999999965	21.459712087056097
19.079999999999966	21.508136379310105
19.109999999999967	21.556560526272015
19.139999999999969	21.604984528593409
19.169999999999970	21.653408386921498
19.199999999999971	21.701832101899154
19.229999999999972	21.750255674164947
19.259999999999973	21.798679104353194
19.289999999999974	21.847102393093991
19.319999999999975	21.895525541013246
19.349999999999977	21.943948548732724
19.379999999999978	21.992371416870071
19.409999999999979	22.040794146038870
19.439999999999980	22.089216736848655
19.469999999999981	22.137639189904966
19.499999999999982	22.186061505809370
19.529999999999983	22.234483685159496
19.559999999999985	22.282905728549082
19.589999999999986	22.331327636567995
19.619999999999987	22.379749409802272
19.649999999999988	22.428171048834152
19.679999999999989	22.476592554242103
19.709999999999990	22.525013926600863
19.739999999999991	22.573435166481470
19.769999999999992	22.621856274451289
19.799999999999994	22.670277251074051
19.829999999999995	22.718698096909872
19.859999999999996	22.767118812515296
19.889999999999997	22.815539398443320
19.919999999999998	22.863959855243426
19.949999999999999	22.912380183461607
19.980000000000000	22.960800383640400
20.010000000000002	23.009220456318914
20.040000000000003	23.057640402032860
20.070000000000004	23.106060221314575
20.100000000000005	23.154479914693059
20.130000000000006	23.202899482693994
20.160000000000007	23.251318925839772
20.190000000000008	23.299738244649532
20.220000000000010	23.348157439639181
20.250000000000011	23.396576511321410
20.280000000000012	23.444995460205742
20.310000000000013	23.493414286798547
20.340000000000014	23.541832991603059
20.370000000000015	23.590251575119417
20.400000000000016	23.638670037844687
20.430000000000017	23.687088380272876
20.460000000000019	23.735506602894972
20.490000000000020	23.783924706198963
20.520000000000021	23.832342690669858
20.550000000000022	23.880760556789710
20.580000000000023	23.929178305037649
20.610000000000024	23.977595935889894
20.640000000000025	24.026013449819793
20.670000000000027	24.074430847297823
20.700000000000028	24.122848128791638
20.730000000000029	24.171265294766069
20.760000000000030	24.219682345683164
20.790000000000031	24.268099282002204
20.820000000000032	24.316516104179719
20.850000000000033	24.364932812669519
20.880000000000035	24.413349407922709
20.910000000000036	24.461765890387717
20.940000000000037	24.510182260510309
20.970000000000038	24.558598518733614
21.000000000000039	24.607014665498141
21.030000000000040	24.655430701241805
21.060000000000041	24.703846626399944
21.090000000000042	24.752262441405335
21.120000000000044	24.800678146688224
21.150000000000045	24.849093742676338
21.180000000000046	24.897509229794903
21.210000000000047	24.945924608466672
21.240000000000048	24.994339879111944
21.270000000000049	25.042755042148567
21.300000000000050	25.091170097991977
21.330000000000052	25.139585047055203
21.360000000000053	25.187999889748891
21.390000000000054	25.236414626481327
21.420000000000055	25.284829257658444
21.450000000000056	25.333243783683852
21.480000000000057	25.381658204958843
21.510000000000058	25.430072521882419
21.540000000000060	25.478486734851302
21.570000000000061	25.526900844259963
21.600000000000062	25.575314850500622
21.630000000000063	25.623728753963277
21.660000000000064	25.672142555035723
21.690000000000065	25.720556254103560
21.720000000000066	25.768969851550210
21.750000000000068	25.817383347756941
21.780000000000069	25.865796743102877
21.810000000000070	25.914210037965013
21.840000000000071	25.962623232718240
21.870000000000072	26.011036327735347
21.900000000000073	26.059449323387046
21.930000000000074	26.107862220041987
21.960000000000075	26.156275018066768
21.990000000000077	26.204687717825959
22.020000000000078	26.253100319682108
22.050000000000079	26.301512823995761
22.080000000000080	26.349925231125475
22.110000000000081	26.398337541427829
22.140000000000082	26.446749755257446
22.170000000000083	26.495161872967007
22.200000000000085	26.543573894907258
22.230000000000086	26.591985821427027
22.260000000000087	26.640397652873240
22.290000000000088	26.688809389590933
22.320000000000089	26.737221031923269
22.350000000000090	26.785632580211548
22.380000000000091	26.834044034795220
22.410000000000093	26.882455396011899
22.440000000000094	26.930866664197382
22.470000000000095	26.979277839685654
22.500000000000096	27.027688922808903
22.530000000000097	27.076099913897533
22.560000000000098	27.124510813280182
22.590000000000099	27.172921621283724
22.620000000000100	27.221332338233292
22.650000000000102	27.269742964452291
22.680000000000103	27.318153500262397
22.710000000000104	27.366563945983579
22.740000000000105	27.414974301934116
22.770000000000106	27.463384568430595
22.800000000000107	27.511794745787935
22.830000000000108	27.560204834319393
22.860000000000110	27.608614834336578
22.890000000000111	27.657024746149460
22.920000000000112	27.705434570066387
22.950000000000113	27.753844306394090
22.980000000000114	27.802253955437692
23.010000000000115	27.850663517500731
23.040000000000116	27.899072992885159
23.070000000000118	27.947482381891362
23.100000000000119	27.995891684818162
23.130000000000120	28.044300901962835
23.160000000000121	28.092710033621120
23.190000000000122	28.141119080087226
23.220000000000123	28.189528041653848
23.250000000000124	28.237936918612174
23.280000000000125	28.286345711251897
23.310000000000127	28.334754419861223
23.340000000000128	28.383163044726881
23.370000000000129	28.431571586134137
23.400000000000130	28.479980044366798
23.430000000000131	28.528388419707227
23.460000000000132	28.576796712436352
23.490000000000133	28.625204922833674
23.520000000000135	28.673613051177281
23.550000000000136	28.722021097743848
23.580000000000137	28.770429062808656
23.610000000000138	28.818836946645597
23.640000000000139	28.867244749527181
23.670000000000140	28.915652471724556
23.700000000000141	28.964060113507504
23.730000000000143	29.012467675144460
23.760000000000144	29.060875156902512
23.790000000000145	29.109282559047415
23.820000000000146	29.157689881843602
23.850000000000147	29.206097125554187
23.880000000000148	29.254504290440984
23.910000000000149	29.302911376764502
23.940000000000150	29.351318384783962
23.970000000000152	29.399725314757301
24.000000000000153	29.448132166941189
24.030000000000154	29.496538941591030
24.060000000000155	29.544945638960968
24.090000000000156	29.593352259303902
24.120000000000157	29.641758802871493
24.150000000000158	29.690165269914164
24.180000000000160	29.738571660681124
24.210000000000161	29.786977975420356
24.240000000000162	29.835384214378642
24.270000000000163	29.883790377801560
24.300000000000164	29.932196465933501
24.330000000000165	29.980602479017666
24.360000000000166	30.029008417296080
24.390000000000168	30.077414281009602
24.420000000000169	30.125820070397928
24.450000000000170	30.174225785699598
24.480000000000171	30.222631427152002
24.510000000000172	30.271036994991402
24.540000000000173	30.319442489452914
24.570000000000174	30.367847910770539
24.600000000000176	30.416253259177157
24.630000000000177	30.464658534904533
24.660000000000178	30.513063738183334
24.690000000000179	30.561468869243129
24.720000000000180	30.609873928312396
24.750000000000181	30.658278915618531
24.780000000000182	30.706683831387853
24.810000000000183	30.755088675845609
24.840000000000185	30.803493449215992
24.870000000000186	30.851898151722132
24.900000000000187	30.900302783586110
24.930000000000188	30.948707345028968
24.960000000000189	30.997111836270708
24.990000000000190	31.045516257530306
25.020000000000191	31.093920609025712
25.050000000000193	31.142324890973860
25.080000000000194	31.190729103590673
25.110000000000195	31.239133247091068
25.140000000000196	31.287537321688969
25.170000000000197	31.335941327597304
25.200000000000198	31.384345265028017
25.230000000000199	31.432749134192072
25.260000000000201	31.481152935299455
25.290000000000202	31.529556668559191
25.320000000000203	31.577960334179341
25.350000000000204	31.626363932367010
25.380000000000205	31.674767463328351
25.410000000000206	31.723170927268573
25.440000000000207	31.771574324391949
25.470000000000208	31.819977654901820
25.500000000000210	31.868380919000593
25.530000000000211	31.916784116889765
25.560000000000212	31.965187248769904
25.590000000000213	32.013590314840677
25.620000000000214	32.061993315300846
25.650000000000215	32.110396250348266
25.680000000000216	32.158799120179907
25.710000000000218	32.207201924991850
25.740000000000219	32.255604664979280
25.770000000000220	32.304007340336518
25.800000000000221	32.352409951257009
25.830000000000222	32.400812497933330
25.860000000000223	32.449214980557194
25.890000000000224	32.497617399319459
25.920000000000226	32.546019754410132
25.950000000000227	32.594422046018366
25.980000000000228	32.642824274332476
26.010000000000229	32.691226439539946
26.040000000000230	32.739628541827422
26.070000000000231	32.788030581380717
26.100000000000232	32.836432558384836
26.130000000000233	32.884834473023957
26.160000000000235	32.933236325481452
26.190000000000236	32.981638115939880
26.220000000000237	33.030039844580998
26.250000000000238	33.078441511585758
26.280000000000239	33.126843117134335
26.310000000000240	33.175244661406097
26.340000000000241	33.223646144579639
26.370000000000243	33.272047566832775
26.400000000000244	33.320448928342536
26.430000000000245	33.368850229285194
26.460000000000246	33.417251469836245
26.490000000000247	33.465652650170426
26.520000000000248	33.514053770461722
26.550000000000249	33.562454830883354
26.580000000000251	33.610855831607807
26.610000000000252	33.659256772806806
26.640000000000253	33.707657654651349
26.670000000000254	33.756058477311697
26.700000000000255	33.804459240957371
26.730000000000256	33.852859945757167
26.760000000000257	33.901260591879165
26.790000000000258	33.949661179490718
26.820000000000260	33.998061708758463
26.850000000000261	34.046462179848334
26.880000000000262	34.094862592925551
26.910000000000263	34.143262948154636
26.940000000000264	34.191663245699409
26.970000000000265	34.240063485722992
27.000000000000266	34.288463668387820
27.030000000000268	34.336863793855642
27.060000000000269	34.385263862287523
27.090000000000270	34.433663873843841
27.120000000000271	34.482063828684311
27.150000000000272	34.530463726967959
27.180000000000273	34.578863568853158
27.210000000000274	34.627263354497615
27.240000000000276	34.675663084058371
27.270000000000277	34.724062757691811
27.300000000000278	34.772462375553665
27.330000000000279	34.820861937799016
27.360000000000280	34.869261444582300
27.390000000000281	34.917660896057313
27.420000000000282	34.966060292377215
27.450000000000284	35.014459633694514
27.480000000000285	35.062858920161105
27.510000000000286	35.111258151928247
27.540000000000287	35.159657329146569
27.570000000000288	35.208056451966087
27.600000000000289	35.256455520536200
27.630000000000290	35.304854535005681
27.660000000000291	35.353253495522701
27.690000000000293	35.401652402234824
27.720000000000294	35.450051255288997
27.750000000000295	35.498450054831579
27.780000000000296	35.546848801008323
27.810000000000297	35.595247493964393
27.840000000000298	35.643646133844364
27.870000000000299	35.692044720792211
27.900000000000301	35.740443254951330
27.930000000000302	35.788841736464533
27.960000000000303	35.837240165474057
27.990000000000304	35.885638542121562
28.020000000000305	35.934036866548134
28.050000000000306	35.982435138894289
28.080000000000307	36.030833359299976
28.110000000000309	36.079231527904582
28.140000000000310	36.127629644846934
28.170000000000311	36.176027710265302
28.200000000000312	36.224425724297397
28.230000000000313	36.272823687080390
28.260000000000314	36.321221598750888
28.290000000000315	36.369619459444962
28.320000000000316	36.418017269298133
28.350000000000318	36.466415028445390
28.380000000000319	36.514812737021181
28.410000000000320	36.563210395159423
28.440000000000321	36.611608002993499
28.470000000000322	36.660005560656266
28.500000000000323	36.708403068280049
28.530000000000324	36.756800525996653
28.560000000000326	36.805197933937364
28.590000000000327	36.853595292232953
28.620000000000328	36.901992601013674
28.650000000000329	36.950389860409267
28.680000000000330	36.998787070548964
28.710000000000331	37.047184231561488
28.740000000000332	37.095581343575063
28.770000000000334	37.143978406717409
28.800000000000335	37.192375421115742
28.830000000000336	37.240772386896793
28.860000000000337	37.289169304186792
28.890000000000338	37.337566173111476
28.920000000000339	37.385962993796099
28.950000000000340	37.434359766365425
28.980000000000341	37.482756490943736
29.010000000000343	37.531153167654828
29.040000000000344	37.579549796622025
29.070000000000345	37.627946377968179
29.100000000000346	37.676342911815659
29.130000000000347	37.724739398286367
29.160000000000348	37.773135837501734
29.190000000000349	37.821532229582722
29.220000000000351	37.869928574649840
29.250000000000352	37.918324872823128
29.280000000000353	37.966721124222161
29.310000000000354	38.015117328966070
29.340000000000355	38.063513487173523
29.370000000000356	38.111909598962733
29.400000000000357	38.160305664451471
29.430000000000359	38.208701683757056
29.460000000000360	38.257097656996365
29.490000000000361	38.305493584285820
29.520000000000362	38.353889465741418
29.550000000000363	38.402285301478713
29.580000000000364	38.450681091612815
29.610000000000365	38.499076836258403
29.640000000000366	38.547472535529728
29.670000000000368	38.595868189540610
29.700000000000369	38.644263798404431
29.730000000000370	38.692659362234160
29.760000000000371	38.741054881142340
29.790000000000372	38.789450355241094
29.820000000000373	38.837845784642120
29.850000000000374	38.886241169456696
29.880000000000376	38.934636509795695
29.910000000000377	38.983031805769571
29.940000000000378	39.031427057488365
29.970000000000379	39.079822265061715
30.000000000000380	39.128217428598845
