0.000000000000000	0.000000000000000
0.104719755119660	0.104719755119660
0.209439510239320	0.209439510239320
0.314159265358979	0.313012982491084
0.418879020478639	0.414306447922035
0.523598775598299	0.512223120194015
0.628318530717959	0.605725281236901
0.733038285837618	0.693852716117397
0.837758040957278	0.775736436686148
0.942477796076938	0.850607212877366
1.047197551196598	0.917798976137806
1.151917306316258	0.976747634651126
1.256637061435917	1.026986188867159
1.361356816555577	1.068137235300522
1.466076571675237	1.099904003819464
1.570796326794896	1.122061016807313
1.675516081914556	1.134445325033444
1.780235837034216	1.136949101247111
1.884955592153875	1.129514187049796
1.989675347273535	1.112129009320286
2.094395102393195	1.084828116334323
2.199114857512855	1.047694428804556
2.303834612632515	1.000864149430022
2.408554367752175	0.944534115528660
2.513274122871834	0.878971202992939
2.617993877991494	0.804523190529318
2.722713633111154	0.721630273300068
2.827433388230814	0.630836188569278
2.932153143350474	0.532797710643232
3.036872898470134	0.428291130281192
3.141592653589794	0.318214307011399
3.246312408709454	0.203583024397241
3.351032163829114	0.085520727154266
3.455751918948774	-0.034758718053333
3.560471674068434	-0.155974860201162
3.665191429188094	-0.276809907101380
3.769911184307754	-0.395941425202102
3.874630939427413	-0.512076000735096
3.979350694547073	-0.623981155238205
4.084070449666733	-0.730512989921015
4.188790204786392	-0.830637579150693
4.293509959906052	-0.923444933444762
4.398229715025711	-1.008155247753217
4.502949470145371	-1.084117979194451
4.607669225265030	-1.150804935624687
4.712388980384690	-1.207798939932862
4.817108735504349	-1.254779765053005
4.921828490624009	-1.291508958400736
5.026548245743668	-1.317814961893165
5.131268000863328	-1.333579656171610
5.235987755982987	-1.338727172696709
5.340707511102647	-1.333215562348438
5.445427266222306	-1.317031701029938
5.550147021341965	-1.290189651830048
5.654866776461625	-1.252732577991660
5.759586531581284	-1.204738192464893
5.864306286700944	-1.146327615969278
5.969026041820603	-1.077677373838974
6.073745796940263	-0.999034073186207
6.178465552059922	-0.910731053940060
6.283185307179582	-0.813206000261526
6.387905062299241	-0.707018151241049
6.492624817418901	-0.592863404234975
6.597344572538560	-0.471585329951553
6.702064327658220	-0.344180007228933
6.806784082777879	-0.211792736898891
6.911503837897539	-0.075705188607480
7.016223593017198	0.062687602263068
7.120943348136858	0.201909800634910
7.225663103256517	0.340445002681888
7.330382858376177	0.476781029877021
7.435102613495836	0.609455361599749
7.539822368615495	0.737097055072544
7.644542123735155	0.858461450257145
7.749261878854814	0.972454990856360
7.853981633974474	1.078148875608391
7.958701389094133	1.174781684574405
8.063421144213793	1.261752328387397
8.168140899333453	1.338605469143752
8.272860654453114	1.405011910306347
8.377580409572774	1.460746407531296
8.482300164692434	1.505665033284826
8.587019919812095	1.539683770837562
8.691739674931755	1.562759532892553
8.796459430051415	1.574874375012426
8.901179185171076	1.576023344172683
9.005898940290736	1.566206177407289
9.110618695410396	1.545422933337273
9.215338450530057	1.513673577681038
9.320058205649717	1.470961524801473
9.424777960769378	1.417301131391077
9.529497715889038	1.352729115617321
9.634217471008698	1.277319805690907
9.738937226128359	1.191203977224681
9.843656981248019	1.094590794005521
9.948376736367679	0.987792006169556
10.053096491487340	0.871247085545150
10.157816246607000	0.745547422131129
10.262536001726660	0.611457141991307
10.367255756846321	0.469927657269569
10.471975511965981	0.322102887106557
10.576695267085642	0.169312370400044
10.681415022205302	0.013050362922421
10.786134777324962	-0.145059504179050
10.890854532444623	-0.303312480461944
10.995574287564283	-0.459980274258864
11.100294042683943	-0.613372641203695
11.205013797803604	-0.761896766213753
11.309733552923264	-0.904108417533192
11.414453308042924	-1.038750136565651
11.519173063162585	-1.164773781463634
11.623892818282245	-1.281347051527916
11.728612573401906	-1.387845659549287
11.833332328521566	-1.483834222224451
11.938052083641226	-1.569039571463072
12.042771838760887	-1.643320133004148
12.147491593880547	-1.706634484354824
12.252211349000207	-1.759011435500675
12.356931104119868	-1.800523178496279
12.461650859239528	-1.831262360546252
12.566370614359188	-1.851323413289986
12.671090369478849	-1.860788129049301
12.775810124598509	-1.859715291445650
12.880529879718170	-1.848134108167858
12.985249634837830	-1.826041221133998
13.089969389957490	-1.793401151189886
13.194689145077151	-1.750150143517126
13.299408900196811	-1.696203492826543
13.404128655316471	-1.631466522372374
13.508848410436132	-1.555849444543015
13.613568165555792	-1.469286316053906
13.718287920675452	-1.371758185408171
13.823007675795113	-1.263320278701026
13.927727430914773	-1.144132648731951
14.032447186034434	-1.014493102339025
14.137166941154094	-0.874870434607405
14.241886696273754	-0.725935104324130
14.346606451393415	-0.568583628503628
14.451326206513075	-0.403952386456184
14.556045961632735	-0.233416499354352
14.660765716752396	-0.058570274395539
14.765485471872056	0.118812468691180
14.870205226991716	0.296837139542265
14.974924982111377	0.473561949149518
15.079644737231037	0.647079168716699
15.184364492350698	0.815595140325164
15.289084247470358	0.977500027597555
15.393804002590018	1.131420035812175
15.498523757709679	1.276247920610749
15.603243512829339	1.411151181807274
15.707963267948999	1.535560494654259
15.812683023068660	1.649143029607746
15.917402778188320	1.751766144380265
16.022122533307979	1.843456671307779
16.126842288427639	1.924360053953119
16.231562043547299	1.994702325063408
16.336281798666960	2.054756687713814
16.441001553786620	2.104815452048239
16.545721308906280	2.145167360010665
16.650441064025941	2.176079887243274
16.755160819145601	2.197785891875116
16.859880574265262	2.210473920682444
16.964600329384922	2.214281526999910
17.069320084504582	2.209291058096321
17.174039839624243	2.195527502829671
17.278759594743903	2.172958135309182
17.383479349863563	2.141493837504060
17.488199104983224	2.100992128953769
17.592918860102884	2.051262073027703
17.697638615222544	1.992071364480346
17.802358370342205	1.923156027744642
17.907078125461865	1.844233259903993
18.011797880581526	1.755018019395124
18.116517635701186	1.655243963913675
18.221237390820846	1.544689239534558
18.325957145940507	1.423207367105529
18.430676901060167	1.290763004532483
18.535396656179827	1.147471634130012
18.640116411299488	0.993641212515088
18.744836166419148	0.829812572194936
18.849555921538808	0.656794032561440
