0.000000000000000	1.000000000000000
0.094247779607694	1.000000000000000
0.188495559215388	0.991130500427105
0.282743338823081	0.973470227587430
0.376991118430775	0.947251600851545
0.471238898038469	0.912849229801400
0.565486677646163	0.870760745956708
0.659734457253857	0.821581807135562
0.753982236861550	0.765977624987509
0.848230016469244	0.704653544472012
0.942477796076938	0.638327054446021
1.036725575684632	0.567703197188355
1.130973355292326	0.493454774282080
1.225221134900019	0.416208127734946
1.319468914507713	0.336534703306346
1.413716694115407	0.254948141362754
1.507964473723100	0.171906317586405
1.602212253330794	0.087817569185982
1.696460032938488	0.003050268201794
1.790707812546181	-0.082055092632224
1.884955592153875	-0.167172091054202
1.979203371761569	-0.251973579821445
2.073451151369263	-0.336116604674308
2.167698930976957	-0.419227732238009
2.261946710584650	-0.500889519600692
2.356194490192344	-0.580628926862732
2.450442269800038	-0.657908562775311
2.544690049407731	-0.732121735707016
2.638937829015425	-0.802592321308340
2.733185608623119	-0.868580410187203
2.827433388230812	-0.929294516984610
2.921681167838506	-0.983910776621475
3.015928947446200	-1.031599004322844
3.110176727053894	-1.071554768464452
3.204424506661587	-1.103035782289334
3.298672286269281	-1.125400077435576
3.392920065876975	-1.138142736736647
3.487167845484668	-1.140927608091206
3.581415625092362	-1.133610538675042
3.675663404700056	-1.116251325792780
3.769911184307750	-1.089112730748945
3.864158963915443	-1.052646378865847
3.958406743523137	-1.007466916550999
4.052654523130831	-0.954317132706606
4.146902302738525	-0.894027641886430
4.241150082346219	-0.827475042960923
4.335397861953913	-0.755542214439331
4.429645641561607	-0.679083707019607
4.523893421169301	-0.598898235923422
4.618141200776996	-0.515709262876699
4.712388980384690	-0.430153757105811
4.806636759992384	-0.342778540538684
4.900884539600078	-0.254043191747096
4.995132319207772	-0.164328289040708
5.089380098815466	-0.073947764667966
5.183627878423160	0.016835745294502
5.277875658030855	0.107793500234218
5.372123437638549	0.198711972810502
5.466371217246243	0.289373513451455
5.560618996853937	0.379536908887695
5.654866776461631	0.468918375740548
5.749114556069325	0.557173602187048
5.843362335677019	0.643881594906112
5.937610115284714	0.728531287570277
6.031857894892408	0.810512090326067
6.126105674500102	0.889109760295884
6.220353454107796	0.963509087575931
6.314601233715490	1.032804842186943
6.408849013323184	1.096022133659454
6.503096792930879	1.152146729443918
6.597344572538573	1.200164934919595
6.691592352146267	1.239111400803451
6.785840131753961	1.268121831522592
6.880087911361655	1.286486255840787
6.974335690969349	1.293697590562974
7.068583470577043	1.289489979916344
7.162831250184738	1.273862032486675
7.257079029792432	1.247081624983857
7.351326809400126	1.209671187758467
7.445574589007820	1.162374918739031
7.539822368615514	1.106111680092969
7.634070148223208	1.041918954012570
7.728317927830902	0.970893891186877
7.822565707438597	0.894137148167266
7.916813487046291	0.812704079138618
8.011061266653984	0.727566266710329
8.105309046261677	0.639584714945075
8.199556825869371	0.549494585081222
8.293804605477064	0.457900306966370
8.388052385084757	0.365279297602416
8.482300164692450	0.271992316380285
8.576547944300144	0.178298584591021
8.670795723907837	0.084374079600616
8.765043503515530	-0.009668221976810
8.859291283123223	-0.103757012207223
8.953539062730917	-0.197840777183890
9.047786842338610	-0.291865695641243
9.142034621946303	-0.385753495728590
9.236282401553996	-0.479379430368560
9.330530181161690	-0.572550615456847
9.424777960769383	-0.664985165283541
9.519025740377076	-0.756292848511060
9.613273519984769	-0.845958358442044
9.707521299592463	-0.933328709093796
9.801769079200156	-1.017606675369453
9.896016858807849	-1.097852502642707
9.990264638415542	-1.172996199037976
10.084512418023236	-1.241862453591047
10.178760197630929	-1.303209463779463
10.273007977238622	-1.355781627793985
10.367255756846316	-1.398374191890507
10.461503536454009	-1.429905736067464
10.555751316061702	-1.449492211007740
10.649999095669395	-1.456514626728305
10.744246875277089	-1.450671982052887
10.838494654884782	-1.432012000024205
10.932742434492475	-1.400934747446121
11.026990214100168	-1.358167885958872
11.121237993707862	-1.304716373572673
11.215485773315555	-1.241792995920826
11.309733552923248	-1.170738374414867
11.403981332530941	-1.092939671630766
11.498229112138635	-1.009756165791524
11.592476891746328	-0.922457663177675
11.686724671354021	-0.832179017400117
11.780972450961714	-0.739891452223741
11.875220230569408	-0.646389373996306
11.969468010177101	-0.552290099724464
12.063715789784794	-0.458043395120728
12.157963569392487	-0.363947759298260
12.252211349000181	-0.270170806399522
12.346459128607874	-0.176771689306256
12.440706908215567	-0.083724141574156
12.534954687823260	0.009060711767834
12.629202467430954	0.101712153445701
12.723450247038647	0.194378311597089
12.817698026646340	0.287205031863998
12.911945806254034	0.380314856979345
13.006193585861727	0.473785765473511
13.100441365469420	0.567629398149599
13.194689145077113	0.661768679461665
13.288936924684807	0.756015028480497
13.383184704292500	0.850045758655189
13.477432483900193	0.943382787807697
13.571680263507886	1.035374402313004
13.665928043115580	1.125182492648349
13.760175822723273	1.211778304892551
13.854423602330966	1.293950180197363
13.948671381938659	1.370326772212588
14.042919161546353	1.439418602083871
14.137166941154046	1.499679323631996
14.231414720761739	1.549585644310169
14.325662500369432	1.587731633146204
14.419910279977126	1.612929617785531
14.514158059584819	1.624306816286263
14.608405839192512	1.621385218173547
14.702653618800205	1.604132845595573
14.796901398407899	1.572977722806260
14.891149178015592	1.528781247507764
14.985396957623285	1.472774038042878
15.079644737230979	1.406463164490118
15.173892516838672	1.331523528814366
15.268140296446365	1.249687242275730
15.362388076054058	1.162643222622938
15.456635855661752	1.071955697374160
15.550883635269445	0.979006000510340
15.645131414877138	0.884958058359518
15.739379194484831	0.790744979717479
15.833626974092525	0.697072450505153
15.927874753700218	0.604434077375812
16.022122533307911	0.513134119129558
16.116370312915606	0.423313832333115
16.210618092523301	0.334978632785457
16.304865872130996	0.248024226461051
16.399113651738691	0.162260676110963
16.493361431346386	0.077434000088068
16.587609210954081	-0.006754647799828
16.681856990561776	-0.090631866909642
16.776104770169471	-0.174536430362622
16.870352549777166	-0.258804598607434
16.964600329384862	-0.343755643259767
17.058848108992557	-0.429676898738756
17.153095888600252	-0.516807698465462
17.247343668207947	-0.605321635816887
17.341591447815642	-0.695306732301739
17.435839227423337	-0.786743319737951
17.530087007031032	-0.879479779114386
17.624334786638727	-0.973206757644292
17.718582566246422	-1.067431131883873
17.812830345854117	-1.161451802556808
17.907078125461812	-1.254340358600143
18.001325905069507	-1.344930630160219
18.095573684677202	-1.431821968179873
18.189821464284897	-1.513401445221336
18.284069243892592	-1.587889691202554
18.378317023500287	-1.653413377358878
18.472564803107982	-1.708104199386513
18.566812582715677	-1.750219676469497
18.661060362323372	-1.778275779413169
18.755308141931067	-1.791176497178999
18.849555921538762	-1.788322489637038
