0.000000000000000	1.000000000000000
0.110879740714934	1.000000000000000
0.221759481429868	0.987730859322458
0.332639222144802	0.963343264194002
0.443518962859736	0.927279342034042
0.554398703574669	0.880242570099345
0.665278444289603	0.823148731049269
0.776158185004537	0.757064298102922
0.887037925719471	0.683139967175016
0.997917666434405	0.602546950656791
1.108797407149339	0.516422323326951
1.219677147864273	0.425827643793381
1.330556888579206	0.331722818783208
1.441436629294140	0.234955191923464
1.552316370009074	0.136262392219040
1.663196110724008	0.036286636928951
1.774075851438941	-0.064402138237686
1.884955592153875	-0.165276921677327
1.995835332868809	-0.265820453595066
2.106715073583743	-0.365490465239610
2.217594814298677	-0.463685485187688
2.328474555013611	-0.559713467893726
2.439354295728545	-0.652765763835380
2.550234036443479	-0.741899308449570
2.661113777158413	-0.826030221085139
2.771993517873347	-0.903942074765308
2.882873258588281	-0.974311679538160
2.993752999303215	-1.035754080003567
3.104632740018149	-1.086886454657919
3.215512480733083	-1.126407772576590
3.326392221448017	-1.153187759525832
3.437271962162951	-1.166355624444367
3.548151702877885	-1.165376996534240
3.659031443592819	-1.150107490404738
3.769911184307753	-1.120813736855956
3.880790925022687	-1.078157391237802
3.991670665737621	-1.023143603523821
4.102550406452555	-0.957041241546692
4.213430147167489	-0.881286336865134
4.324309887882422	-0.797381835780050
4.435189628597356	-0.706805678614173
4.546069369312289	-0.610936160524177
4.656949110027223	-0.510999531544477
4.767828850742156	-0.408040947319622
4.878708591457090	-0.302916931066537
4.989588332172024	-0.196305754793158
5.100468072886957	-0.088731519118698
5.211347813601891	0.019402091852068
5.322227554316824	0.127771748052577
5.433107295031758	0.236090685747835
5.543987035746691	0.344063108630072
5.654866776461625	0.451338296485882
5.765746517176559	0.557465899468190
5.876626257891492	0.661854231483537
5.987505998606426	0.763734053950813
6.098385739321359	0.862131260811725
6.209265480036293	0.955852848011068
6.320145220751226	1.043491275709156
6.431024961466160	1.123452397880224
6.541904702181093	1.194011069035698
6.652784442896027	1.253395935307326
6.763664183610961	1.299900646324895
6.874543924325894	1.332013173106592
6.985423665040828	1.348549152000616
7.096303405755761	1.348770856683110
7.207183146470695	1.332472342294841
7.318062887185628	1.300014730454359
7.428942627900562	1.252303405050242
7.539822368615495	1.190709343633338
7.650702109330429	1.116947044251108
7.761581850045363	1.032928600781558
7.872461590760296	0.940615651219987
7.983341331475230	0.841888168411288
8.094221072190164	0.738442931149148
8.205100812905098	0.631727258170920
8.315980553620031	0.522907216131447
8.426860294334965	0.412865198981745
8.537740035049898	0.302219770898529
8.648619775764832	0.191360560795427
8.759499516479766	0.080492102937574
8.870379257194699	-0.030317839945942
8.981258997909633	-0.141088262621469
9.092138738624566	-0.251874606805430
9.203018479339500	-0.362718572040583
9.313898220054433	-0.473597959486265
9.424777960769367	-0.584376431591693
9.535657701484300	-0.694753519468038
9.646537442199234	-0.804216134689554
9.757417182914168	-0.911994222701105
9.868296923629101	-1.017024947396909
9.979176664344035	-1.117931709459191
10.090056405058968	-1.213025965162106
10.200936145773902	-1.300340577352970
10.311815886488835	-1.377702448344613
10.422695627203769	-1.442848607168402
10.533575367918703	-1.493583292773552
10.644455108633636	-1.527964343533316
10.755334849348570	-1.544497159624248
10.866214590063503	-1.542306722601527
10.977094330778437	-1.521256156590212
11.087974071493370	-1.481986503067763
11.198853812208304	-1.425866444063769
11.309733552923237	-1.354859042886860
11.420613293638171	-1.271329439167011
11.531493034353105	-1.177827467359458
11.642372775068038	-1.076879795274853
11.753252515782972	-0.970818528602284
11.864132256497905	-0.861661094357134
11.975011997212839	-0.751043983506868
12.085891737927772	-0.640203762474245
12.196771478642706	-0.529993868570215
12.307651219357640	-0.420924662367480
12.418530960072573	-0.313215757845536
12.529410700787507	-0.206852428223384
12.640290441502440	-0.101640858321881
12.751170182217374	0.002740410575704
12.862049922932307	0.106693548764239
12.972929663647241	0.210658403522839
13.083809404362174	0.315071951919143
13.194689145077108	0.420328445490684
13.305568885792042	0.526738388718834
13.416448626506975	0.634484720948659
13.527328367221909	0.743575114845768
13.638208107936842	0.853790240114498
13.749087848651776	0.964629275952641
13.859967589366709	1.075255985042065
13.970847330081643	1.184451296189355
14.081727070796576	1.290581395634298
14.192606811511510	1.391593276072255
14.303486552226444	1.485051560200951
14.414366292941377	1.568229774074674
14.525246033656311	1.638264493153898
14.636125774371244	1.692370821073837
14.747005515086178	1.728102910195295
14.857885255801111	1.743626587377898
14.968764996516045	1.737958058499743
15.079644737230979	1.711119590238119
15.190524477945912	1.664174346149371
15.301404218660846	1.599127175989733
15.412283959375779	1.518708820346063
15.523163700090713	1.426086887583930
15.634043440805646	1.324559081371576
15.744923181520580	1.217279746062325
15.855802922235513	1.107054013663477
15.966682662950447	0.996212634052760
16.077562403665382	0.886562350297588
16.188442144380318	0.779395473029391
16.299321885095253	0.675538454632867
16.410201625810188	0.575420789767938
16.521081366525124	0.479149861633348
16.631961107240059	0.386582282718701
16.742840847954994	0.297386581765718
16.853720588669930	0.211095271677208
16.964600329384865	0.127146393418589
17.075480070099800	0.044915794166954
17.186359810814736	-0.036258056202842
17.297239551529671	-0.117054731776150
17.408119292244606	-0.198156036217793
17.518999032959542	-0.280231826322904
17.629878773674477	-0.363925675505887
17.740758514389412	-0.449838631993214
17.851638255104348	-0.538509349389582
17.962517995819283	-0.630388888620652
18.073397736534218	-0.725808568738932
18.184277477249154	-0.824939475418417
18.295157217964089	-0.927742760442560
18.406036958679024	-1.033910870689028
18.516916699393960	-1.142801552953970
18.627796440108895	-1.253369101874488
18.738676180823830	-1.364100950116631
18.849555921538766	-1.472972153212110
