0.000000000000000	1.000000000000000
0.099208189060730	1.000000000000000
0.198416378121461	0.990173872309292
0.297624567182191	0.970618248982796
0.396832756242921	0.941617917152187
0.496040945303652	0.903630230049845
0.595249134364382	0.857259290913219
0.694457323425112	0.803222637596965
0.793665512485842	0.742313862158040
0.892873701546573	0.675364773215144
0.992081890607303	0.603210379456729
1.091290079668034	0.526659267683966
1.190498268728764	0.446471047206365
1.289706457789494	0.363341613571400
1.388914646850225	0.277896188212841
1.488122835910955	0.190689496855163
1.587331024971685	0.102212079064781
1.686539214032416	0.012901548772006
1.785747403093146	-0.076842401644061
1.884955592153877	-0.166640404806484
1.984163781214607	-0.256114298338230
2.083371970275337	-0.344867488270024
2.182580159336067	-0.432465790319966
2.281788348396797	-0.518419793228813
2.380996537457527	-0.602169894416680
2.480204726518258	-0.683075296056306
2.579412915578988	-0.760408375303287
2.678621104639718	-0.833355893680297
2.777829293700448	-0.901028411723702
2.877037482761178	-0.962478947511921
2.976245671821908	-1.016731299116391
3.075453860882639	-1.062817520579630
3.174662049943369	-1.099822847696431
3.273870239004099	-1.126935052875897
3.373078428064829	-1.143493997053976
3.472286617125559	-1.149036328060864
3.571494806186289	-1.143330126301088
3.670702995247019	-1.126394998204137
3.769911184307750	-1.098504663064397
3.869119373368480	-1.060171249536008
3.968327562429210	-1.012112911043615
4.067535751489940	-0.955208502592261
4.166743940550671	-0.890444513065811
4.265952129611401	-0.818859976318661
4.365160318672132	-0.741494687193932
4.464368507732862	-0.659344931980505
4.563576696793593	-0.573329436634288
4.662784885854323	-0.484266684645957
4.761993074915054	-0.392863430537622
4.861201263975785	-0.299713287660041
4.960409453036515	-0.205303735656740
5.059617642097246	-0.110029721140251
5.158825831157976	-0.014212114423999
5.258034020218707	0.081880477064970
5.357242209279438	0.178007752971823
5.456450398340168	0.273932582077942
5.555658587400899	0.369395473143198
5.654866776461629	0.464089391910012
5.754074965522360	0.557635736401781
5.853283154583091	0.649562480891290
5.952491343643821	0.739285797391685
6.051699532704552	0.826096816375927
6.150907721765282	0.909155521962039
6.250115910826013	0.987493986384761
6.349324099886744	1.060031102622381
6.448532288947474	1.125600530760054
6.547740478008205	1.182992615023246
6.646948667068935	1.231009510921866
6.746156856129666	1.268530774439296
6.845365045190396	1.294584472056032
6.944573234251127	1.308416910110839
7.043781423311858	1.309552894594647
7.142989612372588	1.297838511951400
7.242197801433319	1.273460028829759
7.341405990494049	1.236935519156691
7.440614179554780	1.189079694098633
7.539822368615511	1.130946293157026
7.639030557676241	1.063755414070964
7.738238746736972	0.988814684572859
7.837446935797702	0.907443016838538
7.936655124858433	0.820904096525243
8.035863313919164	0.730354313441332
8.135071502979894	0.636807197946226
8.234279692040625	0.541114130234500
8.333487881101355	0.443959457639063
8.432696070162086	0.345867271095009
8.531904259222816	0.247216862605977
8.631112448283547	0.148264125775802
8.730320637344278	0.049166668445255
8.829528826405008	-0.049988993123675
8.928737015465739	-0.149159220069931
9.027945204526469	-0.248314617969737
9.127153393587200	-0.347411275449325
9.226361582647931	-0.446362021334205
9.325569771708661	-0.545007877403535
9.424777960769392	-0.643090087761874
9.523986149830122	-0.740223478535197
9.623194338890853	-0.835872426940770
9.722402527951584	-0.929331358599031
9.821610717012314	-1.019712371140616
9.920818906073045	-1.105943173764043
10.020027095133775	-1.186778849719410
10.119235284194506	-1.260830754957059
10.218443473255236	-1.326614914021014
10.317651662315967	-1.382620383178726
10.416859851376698	-1.427395216991914
10.516068040437428	-1.459644183687369
10.615276229498159	-1.478328860658362
10.714484418558889	-1.482758123040494
10.813692607619620	-1.472656292451563
10.912900796680351	-1.448198017672440
11.012108985741081	-1.410003337661617
11.111317174801812	-1.359092532583493
11.210525363862542	-1.296806846712152
11.309733552923273	-1.224706334090558
11.408941741984004	-1.144458706646089
11.508149931044734	-1.057732752751742
11.607358120105465	-0.966107121860851
11.706566309166195	-0.871001107981181
11.805774498226926	-0.773629714861160
11.904982687287657	-0.674981690307521
12.004190876348387	-0.575816861806707
12.103399065409118	-0.476678037380520
12.202607254469848	-0.377912707758330
12.301815443530579	-0.279700432450712
12.401023632591309	-0.182082761753642
12.500231821652040	-0.084993573251943
12.599440010712771	0.011711378489129
12.698648199773501	0.108226163628378
12.797856388834232	0.204767560015433
12.897064577894962	0.301548702439254
12.996272766955693	0.398752906513980
13.095480956016424	0.496507049514018
13.194689145077154	0.594854008748743
13.293897334137885	0.693723927525252
13.393105523198615	0.792904516663513
13.492313712259346	0.892011225888889
13.591521901320077	0.990458943126276
13.690730090380807	1.087437877569849
13.789938279441538	1.181897371386440
13.889146468502268	1.272542391993666
13.988354657562999	1.357848097340634
14.087562846623729	1.436097750491423
14.186771035684460	1.505447951557295
14.285979224745191	1.564022308096935
14.385187413805921	1.610030227216992
14.484395602866652	1.641901948068119
14.583603791927382	1.658425347723299
14.682811980988113	1.658866074583938
14.782020170048844	1.643051891193261
14.881228359109574	1.611405810161636
14.980436548170305	1.564920457076789
15.079644737231035	1.505076357777181
15.178852926291766	1.433716759769520
15.278061115352497	1.352898405015624
15.377269304413227	1.264739720851748
15.476477493473958	1.171285201407156
15.575685682534688	1.074398780289591
15.674893871595419	0.975691880094834
15.774102060656150	0.876485488217562
15.873310249716880	0.777801206828930
15.972518438777611	0.680374044838846
16.071726627838341	0.584679412516489
16.170934816899070	0.490967706512931
16.270143005959799	0.399301392304671
16.369351195020528	0.309591115279996
16.468559384081257	0.221628809494170
16.567767573141985	0.135116899842802
16.666975762202714	0.049693495996711
16.766183951263443	-0.035045998962401
16.865392140324172	-0.119530128536457
16.964600329384901	-0.204194566596422
17.063808518445629	-0.289466265119589
17.163016707506358	-0.375747568623833
17.262224896567087	-0.463399319788193
17.361433085627816	-0.552722039621480
17.460641274688545	-0.643934375197758
17.559849463749273	-0.737148197351690
17.659057652810002	-0.832340043254376
17.758265841870731	-0.929319089736056
17.857474030931460	-1.027692572554664
17.956682219992189	-1.126830584157766
18.055890409052918	-1.225833500395269
18.155098598113646	-1.323506839840746
18.254306787174375	-1.418349952848233
18.353514976235104	-1.508566196577859
18.452723165295833	-1.592102604249972
18.551931354356562	-1.666725789844674
18.651139543417290	-1.730137277769564
18.750347732478019	-1.780125322550858
18.849555921538748	-1.814742086665087
