0.000000000000000	0.000000000000000
0.209439510239320	0.209439510239320
0.418879020478639	0.409733875365430
0.628318530717959	0.592391801266834
0.837758040957278	0.750302209020682
1.047197551196598	0.878008108677740
1.256637061435917	0.971672083648575
1.466076571675237	1.028851145930558
1.675516081914556	1.048222717626228
1.884955592153876	1.029374462873959
2.094395102393196	0.972723590341956
2.303834612632515	0.879586230545234
2.513274122871834	0.752376595096131
2.722713633111154	0.594873345186052
2.932153143350473	0.412447071857119
3.141592653589793	0.212113741382968
3.351032163829112	0.002294757148130
3.560471674068431	-0.207751367212719
3.769911184307751	-0.408726222666487
3.979350694547070	-0.592105733819019
4.188790204786390	-0.750747877345567
4.398229715025709	-0.879170520349700
4.607669225265029	-0.973518000035857
4.817108735504349	-1.031334595348958
5.026548245743669	-1.051287727637408
5.235987755982989	-1.032954680254483
5.445427266222309	-0.976739243113495
5.654866776461628	-0.883939479872127
5.864306286700948	-0.756946886359640
6.073745796940268	-0.599514894334125
6.283185307179588	-0.416990818614266
6.492624817418908	-0.216375438903000
6.702064327658228	-0.006088993404185
6.911503837897548	0.204594054727746
7.120943348136867	0.406343903007177
7.330382858376187	0.590595752639986
7.539822368615507	0.750165440613892
7.749261878854827	0.879533717219596
7.958701389094147	0.974815819790099
8.168140899333466	1.033534431493797
8.377580409572785	1.054340003173896
8.587019919812104	1.036793606320254
8.796459430051423	0.981279851179604
9.005898940290741	0.889071959685541
9.215338450530060	0.762530110895338
9.424777960769379	0.605371858880878
9.634217471008698	0.422909227059868
9.843656981248017	0.222116133859906
10.053096491487336	0.011402741509571
10.262536001726655	-0.199944386841230
10.471975511965974	-0.402561721734328
10.681415022205293	-0.587835872213110
10.890854532444612	-0.748529231605255
11.100294042683931	-0.879073241247314
11.309733552923250	-0.975542947901362
11.519173063162569	-1.035430390661266
11.728612573401888	-1.057361981259785
11.938052083641207	-1.040876740390470
12.147491593880526	-0.986334402600493
12.356931104119845	-0.894976674656234
12.566370614359164	-0.769123902556141
12.775810124598483	-0.612447115465864
12.985249634837801	-0.430210881958268
13.194689145077120	-0.229350253554285
13.404128655316439	-0.018255926514215
13.613568165555758	0.193777800732393
13.823007675795077	0.397351739991874
14.032447186034396	0.583796217480489
14.241886696273715	0.745808818433484
14.451326206513034	0.877759258625648
14.660765716752353	0.975671026257679
14.870205226991672	1.036996232993771
15.079644737230991	1.060330044920019
15.289084247470310	1.045183567969231
15.498523757709629	0.991886038765535
15.707963267948948	0.901641109917128
15.917402778188267	0.776720911310635
16.126842288427586	0.620739348736606
16.336281798666906	0.438901247880122
16.545721308906227	0.238090432495146
16.755160819145548	0.026668179212117
16.964600329384869	-0.186068491083626
17.174039839624189	-0.390683346881183
17.383479349863510	-0.578443033662761
17.592918860102831	-0.741968960099470
17.802358370342152	-0.875556473143929
18.011797880581472	-0.975165816605224
18.221237390820793	-1.038199603650080
18.430676901060114	-1.063214366832835
18.640116411299434	-1.049687386994175
18.849555921538755	-0.997911860343912
