0.000000000000000	1.000000000000000
0.269279370307697	0.963853750706276
0.538558740615393	0.859226514002231
0.807838110923090	0.699525110784944
1.077117481230786	0.501407662912298
1.346396851538483	0.280170648727296
1.615676221846179	0.047793262136622
1.884955592153876	-0.186410706517025
2.154234962461572	-0.413668558833038
2.423514332769269	-0.623379974560759
2.692793703076966	-0.801675397605071
2.962073073384662	-0.932090746247974
3.231352443692359	-0.999042665389582
3.500631814000055	-0.993098312986366
3.769911184307752	-0.914971471002306
4.039190554615448	-0.775264396389092
4.308469924923145	-0.590107217427955
4.577749295230841	-0.375873955321606
4.847028665538538	-0.145995167466136
5.116308035846235	0.089348178414968
5.385587406153931	0.321523310879042
5.654866776461628	0.540999615436938
5.924146146769324	0.735338527817906
6.193425517077021	0.888823493708754
6.462704887384717	0.984766816851685
6.731984257692414	1.010356008497936
7.001263628000110	0.961713387836779
7.270542998307807	0.845677694084334
7.539822368615503	0.676863498136149
7.809101738923200	0.472230315410724
8.078381109230897	0.246718743729399
8.347660479538593	0.011761242178708
8.616939849846290	-0.223690908102888
8.886219220153986	-0.450854109363918
9.155498590461683	-0.658735515357637
9.424777960769379	-0.832876034272872
9.694057331077076	-0.956411884943815
9.963336701384772	-1.014009754338538
10.232616071692469	-0.997332151544130
10.501895442000166	-0.908679149577759
10.771174812307862	-0.760014687193208
11.040454182615559	-0.568096395768884
11.309733552923255	-0.349206974828828
11.579012923230952	-0.116327845096760
11.848292293538648	0.120785111285481
12.117571663846345	0.353659236524642
12.386851034154041	0.572575628382707
12.656130404461738	0.764631258167680
12.925409774769435	0.913619470287654
13.194689145077131	1.002731415903782
13.463968515384828	1.019728908453433
13.733247885692524	0.961942891094385
14.002527256000221	0.837540755322814
14.271806626307917	0.662004347936234
14.541085996615614	0.452490476492832
14.810365366923310	0.223665111595109
15.079644737231007	-0.013445709420455
15.348924107538704	-0.250161175837948
15.618203477846400	-0.477694824592928
15.887482848154097	-0.684765386287757
16.156762218461793	-0.856466347265809
16.426041588769490	-0.975606307349627
16.695320959077186	-1.026983600927064
16.964600329384883	-1.003002455732266
17.233879699692579	-0.907066789045862
17.503159070000276	-0.752099054200814
17.772438440307972	-0.555309154977580
18.041717810615669	-0.332931017317214
18.310997180923366	-0.097639079939474
18.580276551231062	0.141116651070014
18.849555921538759	0.374998934929807
