0.000000000000000	1.000000000000000
0.314159265358979	0.950854663386136
0.628318530717959	0.810394461282622
0.942477796076938	0.602081682918064
1.256637061435917	0.352320791024363
1.570796326794897	0.082553934960764
1.884955592153876	-0.191522412232586
2.199114857512855	-0.455923068276943
2.513274122871834	-0.693235683166608
2.827433388230814	-0.879902293514403
3.141592653589793	-0.989299593856936
3.455751918948772	-1.001444169115611
3.769911184307752	-0.913551677024412
4.084070449666731	-0.741871766178143
4.398229715025710	-0.512733208509515
4.712388980384690	-0.251361799828140
5.026548245743669	0.023301931291901
5.340707511102648	0.296993102241415
5.654866776461628	0.555108036943145
5.969026041820607	0.777953755616006
6.283185307179586	0.939814749941488
6.597344572538566	1.014810494368073
6.911503837897545	0.988237274832165
7.225663103256524	0.865027991168642
7.539822368615503	0.666994789310496
7.853981633974483	0.421485563670970
8.168140899333462	0.151692523330639
8.482300164692441	-0.125722643351969
8.796459430051421	-0.397189010811660
9.110618695410400	-0.646773564889062
9.424777960769379	-0.852296218943955
9.738937226128359	-0.986605507812293
10.053096491487338	-1.026094355237276
10.367255756846317	-0.962508164038703
10.681415022205297	-0.808026739235955
10.995574287564276	-0.588277896220380
11.309733552923255	-0.330161858753990
11.623892818282235	-0.054472694241840
11.938052083641214	0.223941067246983
12.252211349000193	0.491467847201150
12.566370614359172	0.730303524691426
12.880529879718152	0.915867338869841
13.194689145077131	1.020573742537095
13.508848410436110	1.024553599516917
13.823007675795090	0.926602901677950
14.137166941154069	0.745118727290504
14.451326206513048	0.507833411258718
14.765485471872028	0.240187087101864
15.079644737231007	-0.039413606485444
15.393804002589986	-0.317348198780950
15.707963267948966	-0.579301242527460
16.022122533307943	-0.805254805507330
16.336281798666924	-0.968590554023628
16.650441064025905	-1.042456752650530
16.964600329384886	-1.011941216698858
17.278759594743867	-0.882902515821358
17.592918860102849	-0.678595474911734
17.907078125461830	-0.427381127432344
18.221237390820811	-0.152658906018515
18.535396656179792	0.129289690950151
18.849555921538773	0.405459107615242
