0.000000000000000	1.000000000000000
0.471238898038469	0.889991463984354
0.942477796076938	0.593336086424630
1.413716694115407	0.201965266141441
1.884955592153876	-0.214691832807261
2.356194490192345	-0.607656183267149
2.827433388230814	-0.910081164933278
3.298672286269283	-1.029638340475830
3.769911184307752	-0.912639940565244
4.241150082346221	-0.606322092336516
4.712388980384690	-0.206509754167790
5.183627878423159	0.217580951019927
5.654866776461628	0.619026604968784
6.126105674500097	0.931531171651620
6.597344572538566	1.059384035663318
7.068583470577035	0.944162261020778
7.539822368615503	0.633655857592410
8.011061266653972	0.227685294731319
8.482300164692440	-0.203392851575003
8.953539062730908	-0.614862138976519
9.424777960769376	-0.942715238371892
9.896016858807844	-1.088480241094672
10.367255756846312	-0.985241696821791
10.838494654884780	-0.676847862732046
11.309733552923248	-0.267230679895285
11.780972450961716	0.170169451781409
12.252211349000184	0.592704413049822
12.723450247038652	0.940745635006503
13.194689145077120	1.114663923677691
13.665928043115589	1.035424702521689
14.137166941154057	0.736940602102810
14.608405839192525	0.326764840017651
15.079644737230993	-0.115926726599661
15.550883635269461	-0.549736224345056
16.022122533307929	-0.921590133895006
16.493361431346397	-1.133735946219797
16.964600329384865	-1.092568515614276
17.435839227423333	-0.814227866831318
17.907078125461801	-0.407700548335219
18.378317023500269	0.038768916001526
18.849555921538737	0.483024691696118
