0.000000000000000	0.000000000000000
0.628318530717959	0.628318530717959
1.256637061435917	1.018617883669718
1.884955592153876	1.052237431093599
2.513274122871834	0.727219840533124
3.141592653589793	0.115555546338911
3.769911184307752	-0.572392378552285
4.398229715025710	-1.045652505897599
5.026548245743669	-1.155212862018308
5.654866776461628	-0.889086541042240
6.283185307179586	-0.296240424210215
6.911503837897545	0.445894368496138
7.539822368615503	1.027117314770554
8.168140899333462	1.247155710483959
8.796459430051421	1.078021848548272
9.424777960769379	0.546721205063127
10.053096491487338	-0.222373707522379
10.681415022205297	-0.928954343481256
11.309733552923255	-1.298884843336183
11.938052083641214	-1.269845333177162
12.566370614359172	-0.854847406990300
13.194689145077131	-0.118040938777156
13.823007675795090	0.703092590175995
14.451326206513048	1.263906797336272
15.079644737231007	1.422265044366832
15.707963267948966	1.182309272205295
16.336281798666924	0.565856125602921
16.964600329384883	-0.298370735340299
17.592918860102841	-1.072004282101778
18.221237390820800	-1.471732843227488
18.849555921538759	-1.462454704584603
