0.000000000000000	0.000000000000000
0.188495559215388	0.188495559215388
0.376991118430775	0.370318512862057
0.565486677646163	0.539185214750801
0.753982236861550	0.689651076964423
0.942477796076938	0.817319836794751
1.130973355292326	0.918880049026209
1.319468914507713	0.992013064803425
1.507964473723101	1.035238920674393
1.696460032938488	1.047763124081844
1.884955592153876	1.029370153728727
2.073451151369264	0.980389252547287
2.261946710584651	0.901739455609598
2.450442269800039	0.795043405439753
2.638937829015426	0.662781330063075
2.827433388230813	0.508437565287845
3.015928947446201	0.336577060800257
3.204424506661588	0.152788543685416
3.392920065876976	-0.036544947611996
3.581415625092363	-0.224637456762966
3.769911184307750	-0.404783546547953
3.958406743523138	-0.570825579314334
4.146902302738526	-0.717502436298813
4.335397861953913	-0.840624298797732
4.523893421169300	-0.937079239750552
4.712388980384688	-1.004722824536906
4.900884539600075	-1.042218528965989
5.089380098815463	-1.048889585884442
5.277875658030850	-1.024624326399789
5.466371217246238	-0.969856907009147
5.654866776461625	-0.885627029331944
5.843362335677012	-0.773704860371360
6.031857894892400	-0.636748878382969
6.220353454107787	-0.478445495605891
6.408849013323175	-0.303566013296095
6.597344572538562	-0.117879593320680
6.785840131753949	0.072109700160005
6.974335690969337	0.259579887160851
7.162831250184724	0.437882105331402
7.351326809400112	0.600994249469129
7.539822368615499	0.743840505316844
7.728317927830886	0.862432572435506
7.916813487046274	0.953848871543828
8.105309046261661	1.016108645954305
8.293804605477050	1.048009232284035
8.482300164692438	1.048984374601974
8.670795723907826	1.019021933614743
8.859291283123214	0.958659370033305
9.047786842338603	0.869057405198707
9.236282401553991	0.752134773297694
9.424777960769379	0.610728196678010
9.613273519984768	0.448723136586999
9.801769079200156	0.271089546934797
9.990264638415544	0.083764159469121
10.178760197630933	-0.106644593275700
10.367255756846321	-0.293295943697820
10.555751316061709	-0.469611450887092
10.744246875277097	-0.629711949454041
10.932742434492486	-0.768706991763432
11.121237993707874	-0.882803810275453
11.309733552923262	-0.969261716763728
11.498229112138651	-1.026253402125213
11.686724671354039	-1.052701106947231
11.875220230569427	-1.048142552217052
12.063715789784816	-1.012661353884222
12.252211349000204	-0.946896962123650
12.440706908215592	-0.852131440421639
12.629202467430980	-0.730432750320579
12.817698026646369	-0.584815154670847
13.006193585861757	-0.419359262212616
13.194689145077145	-0.239225197455433
13.383184704292534	-0.050504066419152
13.571680263507922	0.140107546190825
13.760175822723310	0.325766023002532
13.948671381938698	0.499975295239966
14.137166941154087	0.657004563890630
14.325662500369475	0.792147258787949
14.514158059584863	0.901799324646950
14.702653618800252	0.983391383343720
14.891149178015640	1.035239724836317
15.079644737231028	1.056383157432023
15.268140296446417	1.046457470903715
15.456635855661805	1.005638728896940
15.645131414877193	0.934667261236858
15.833626974092581	0.834946684063655
16.022122533307968	0.708694408531362
16.210618092523355	0.559100827964429
16.399113651738741	0.390436981001233
16.587609210954128	0.208044031009487
16.776104770169514	0.018154119897097
16.964600329384901	-0.172463606264079
17.153095888600287	-0.356977215991699
17.341591447815674	-0.528983095931349
17.530087007031060	-0.682902412680515
17.718582566246447	-0.814209649119400
17.907078125461833	-0.919482007436666
18.095573684677220	-0.996311848310297
18.284069243892606	-1.043149646601003
18.472564803107993	-1.059143047505873
18.661060362323379	-1.044020568726524
18.849555921538766	-0.998047800885368
