0.000000000000000	0.000000000000000
0.471238898038469	0.471238898038469
0.942477796076938	0.840229545154425
1.413716694115407	1.037135582766550
1.884955592153876	1.036715494384366
2.356194490192345	0.839974109376994
2.827433388230814	0.470944801572229
3.298672286269283	-0.008299695864685
3.769911184307752	-0.492583802846803
4.241150082346221	-0.870147259635126
4.712388980384690	-1.070993499139345
5.183627878423159	-1.070857766082342
5.654866776461628	-0.870881220086957
6.126105674500097	-0.494242972390313
6.597344572538566	-0.002599017667693
7.068583470577035	0.496912524430331
7.539822368615503	0.888907527239447
8.011061266653972	1.101306569007050
8.482300164692440	1.109581545690658
8.953539062730908	0.914303434615144
9.424777960769376	0.536603020481363
9.896016858807844	0.035596680101851
10.367255756846312	-0.481289122547098
10.838494654884780	-0.894173666433547
11.309733552923248	-1.126559134998824
11.780972450961716	-1.152232582117663
12.252211349000184	-0.970594145955066
12.723450247038652	-0.599661918685990
13.194689145077120	-0.093682991800954
13.665928043115589	0.441976706822315
14.137166941154057	0.882417262750301
14.608405839192525	1.143944093237776
15.079644737230993	1.196857958631117
15.550883635269461	1.038868560288961
16.022122533307929	0.684119752765240
16.493361431346397	0.179658736052197
16.964600329384865	-0.374442660855716
17.435839227423333	-0.848692677305151
17.907078125461801	-1.149067437388135
18.378317023500269	-1.239887171749208
18.849555921538737	-1.116608538463101
