0.000000000000000	0.000000000000000
0.269279370307697	0.269279370307697
0.538558740615393	0.519179952061814
0.807838110923090	0.732563002176326
1.077117481230786	0.896683700348100
1.346396851538483	1.003377277904910
1.615676221846179	1.048247359415543
1.884955592153876	1.029699737236606
2.154234962461572	0.948426819328491
2.423514332769269	0.807576683995436
2.692793703076966	0.613514441664175
2.962073073384662	0.376765780724795
3.231352443692359	0.112433958378225
3.500631814000055	-0.160655409092857
3.769911184307752	-0.422276648457859
4.039190554615448	-0.653800624270317
4.308469924923145	-0.840512345213365
4.577749295230841	-0.972406100424236
4.847028665538538	-1.043665174828719
5.116308035846235	-1.051644543461481
5.385587406153931	-0.996106270324984
5.654866776461628	-0.879095070242461
5.924146146769324	-0.705492280513151
6.193425517077021	-0.483972281009343
6.462704887384717	-0.227760717216308
6.731984257692414	0.045603084003731
7.001263628000110	0.316018315508805
7.270542998307807	0.563720183860226
7.539822368615503	0.772071076473562
7.809101738923200	0.929043737350967
8.078381109230897	1.027163075708202
8.347660479538593	1.062570454100195
8.616939849846290	1.034064209161355
8.886219220153986	0.942671294197031
9.155498590461683	0.791929991463937
9.424777960769379	0.588742556619288
9.694057331077076	0.344332868081237
9.963336701384772	0.074552089009681
10.232616071692469	-0.201200253393777
10.501895442000166	-0.462515690158644
10.771174812307862	-0.691026918376836
11.040454182615559	-0.872576397672355
11.309733552923255	-0.997781624064915
11.579012923230952	-1.061351278361650
11.848292293538648	-1.061024195909871
12.117571663846345	-0.996853270918934
12.386851034154041	-0.871173815861874
12.656130404461738	-0.689252315365443
12.925409774769435	-0.460295710376127
13.194689145077131	-0.198171583895814
13.463968515384828	0.078981212869774
13.733247885692524	0.350712629073140
14.002527256000221	0.597287741293733
14.271806626307917	0.802429920641967
14.541085996615614	0.954624492867704
14.810365366923310	1.046882691636216
15.079644737231007	1.075718453070797
15.348924107538704	1.040195269755674
15.618203477846400	0.941561382585450
15.887482848154097	0.783616093559136
16.156762218461793	0.573631984506302
16.426041588769490	0.323327801426624
16.695320959077186	0.049097858184107
16.964600329384883	-0.229227000808816
17.233879699692579	-0.491076678237950
17.503159070000276	-0.718233753287947
17.772438440307972	-0.896900247260573
18.041717810615669	-1.018103484659643
18.310997180923366	-1.076897217281569
18.580276551231062	-1.071266593951615
18.849555921538759	-1.001441259397286
