0.000000000000000	0.000000000000000
0.110879740714934	0.110879740714934
0.221759481429868	0.220398035628738
0.332639222144802	0.327221408572525
0.443518962859736	0.430080533459307
0.554398703574669	0.527796324591245
0.665278444289603	0.619299580617241
0.776158185004537	0.703643458009106
0.887037925719471	0.780008900667481
0.997917666434405	0.847703863213814
1.108797407149339	0.906157654192883
1.219677147864273	0.954911970366537
1.330556888579206	0.993610222210411
1.441436629294140	1.021986619347456
1.552316370009074	1.039856255500183
1.663196110724008	1.047107159435055
1.774075851438941	1.043694998374442
1.884955592153875	1.029640852260822
1.995835332868809	1.005032224431657
2.106715073583743	0.970027209738807
2.217594814298677	0.924861493666254
2.328474555013611	0.869857596242479
2.439354295728545	0.805435501191789
2.550234036443479	0.732123535925296
2.661113777158413	0.650568120897944
2.771993517873347	0.561540834319385
2.882873258588281	0.465941199340801
2.993752999303215	0.364793754994672
3.104632740018149	0.259238360175955
3.215512480733083	0.150513302729391
3.326392221448017	0.039931587649483
3.437271962162951	-0.071148355148159
3.548151702877885	-0.181355527773929
3.659031443592819	-0.289340245564737
3.769911184307753	-0.393806344621927
3.880790925022687	-0.493539264684947
3.991670665737621	-0.587428152341158
4.102550406452555	-0.674480944860035
4.213430147167489	-0.753832265711669
4.324309887882422	-0.824744737612114
4.435189628597356	-0.886604893565338
4.546069369312289	-0.938915198049102
4.656949110027223	-0.981283791492196
4.767828850742156	-1.013413489873296
4.878708591457090	-1.035091369998231
4.989588332172024	-1.046180008137329
5.100468072886957	-1.046611158838584
5.211347813601891	-1.036382387106487
5.322227554316824	-1.015556909137732
5.433107295031758	-0.984266650482858
5.543987035746691	-0.942718285386298
5.654866776461625	-0.891201766367765
5.765746517176559	-0.830100583931338
5.876626257891492	-0.759902719317888
5.987505998606426	-0.681210991264995
6.098385739321359	-0.594751291555558
6.209265480036293	-0.501377109489156
6.320145220751226	-0.402068823541288
6.431024961466160	-0.297926539481388
6.541904702181093	-0.190155795877843
6.652784442896027	-0.080046206266085
6.763664183610961	0.031056032057743
6.874543924325894	0.141780004157742
6.985423665040828	0.250763927194542
7.096303405755761	0.356688292852350
7.207183146470695	0.458305714119147
7.318062887185628	0.554465370431872
7.428942627900562	0.644130700455486
7.539822368615495	0.726389862695772
7.650702109330429	0.800459309633500
7.761581850045363	0.865681476882535
7.872461590760296	0.921518009772805
7.983341331475230	0.967540129901772
8.094221072190164	1.003417721590202
8.205100812905098	1.028908552642934
8.315980553620031	1.043848796898978
8.426860294334965	1.048145747520751
8.537740035049898	1.041773331763295
8.648619775764832	1.024770774144441
8.759499516479766	0.997244505359939
8.870379257194699	0.959373170092375
8.981258997909633	0.911415336615023
9.092138738624566	0.853719247014486
9.203018479339500	0.786733670794661
9.313898220054433	0.711018653148586
9.424777960769367	0.627254716603408
9.535657701484300	0.536248932162926
9.646537442199234	0.438936284415187
9.757417182914168	0.336374970908256
9.868296923629101	0.229734731556024
9.979176664344035	0.120277985558098
10.090056405058968	0.009334388763918
10.200936145773902	-0.101729715458241
10.311815886488835	-0.211544755560781
10.422695627203769	-0.318771671434223
10.533575367918703	-0.422133258403994
10.644455108633636	-0.520440793045451
10.755334849348570	-0.612614291827943
10.866214590063503	-0.697695603103446
10.977094330778437	-0.774854393036855
11.087974071493370	-0.843387815191134
11.198853812208304	-0.902715163730985
11.309733552923237	-0.952369075342593
11.420613293638171	-0.991984889570906
11.531493034353105	-1.021289655936225
11.642372775068038	-1.040092051899969
11.753252515782972	-1.048274203702171
11.864132256497905	-1.045786121022689
11.975011997212839	-1.032643186614703
12.085891737927772	-1.008926887949100
12.196771478642706	-0.974788733069663
12.307651219357640	-0.930457046025388
12.418530960072573	-0.876246078551690
12.529410700787507	-0.812566601766251
12.640290441502440	-0.739936865219334
12.751170182217374	-0.658992558399151
12.862049922932307	-0.570494227218149
12.972929663647241	-0.475330543784160
13.083809404362174	-0.374515962247390
13.194689145077108	-0.269181660416227
13.305568885792042	-0.160559271650469
13.416448626506975	-0.049957704042727
13.527328367221909	0.061265786086580
13.638208107936842	0.171738305843961
13.749087848651776	0.280105306670767
13.859967589366709	0.385063124449583
13.970847330081643	0.485387581223922
14.081727070796576	0.579956722509513
14.192606811511510	0.667766569644288
14.303486552226444	0.747939642491621
14.414366292941377	0.819726799097412
14.525246033656311	0.882503535875655
14.636125774371244	0.935762246188242
14.747005515086178	0.979102054985844
14.857885255801111	1.012217778870058
14.968764996516045	1.034889366809321
15.079644737230979	1.046972916334697
15.190524477945912	1.048394078698591
15.301404218660846	1.039144391135711
15.412283959375779	1.019280814740250
15.523163700090713	0.988928509411582
15.634043440805646	0.948286632564255
15.744923181520580	0.897636694699757
15.855802922235513	0.837352736668471
15.966682662950447	0.767912315826330
16.077562403665382	0.689907022480111
16.188442144380318	0.604051033216717
16.299321885095253	0.511186098791615
16.410201625810188	0.412281422868793
16.521081366525124	0.308427166448868
16.631961107240059	0.200820833349704
16.742840847954994	0.090746526252861
16.853720588669930	-0.020452078364661
16.964600329384865	-0.131403346011073
17.075480070099800	-0.240741539188563
17.186359810814736	-0.347140222855535
17.297239551529671	-0.449342595450388
17.408119292244606	-0.546186572054805
17.518999032959542	-0.636623184891042
17.629878773674477	-0.719727736950323
17.740758514389412	-0.794703983639297
17.851638255104348	-0.860882295314707
17.962517995819283	-0.917713199043491
18.073397736534218	-0.964757899967789
18.184277477249154	-1.001677376317414
18.295157217964089	-1.028221486442811
18.406036958679024	-1.044219283635578
18.516916699393960	-1.049571456429812
18.627796440108895	-1.044245532358973
18.738676180823830	-1.028274217437863
18.849555921538766	-1.001756992874369
