0.000000000000000	1.000000000000000
0.942477796076938	0.572124034365604
1.884955592153876	-0.310365027507912
2.827433388230814	-1.091050409276336
3.769911184307752	-1.011506418331747
4.712388980384690	-0.114093469408482
5.654866776461628	0.824262377184007
6.597344572538566	1.433767312688662
7.539822368615503	0.787939574575425
8.482300164692441	-0.136507978022195
9.424777960769379	-1.076959850262994
10.367255756846317	-1.627753316597750
11.309733552923255	-0.809100502660712
12.252211349000193	0.015763269804280
13.194689145077131	0.869256158896532
14.137166941154069	1.744570966883503
15.079644737231007	1.305448510906789
16.022122533307943	0.477537122996999
16.964600329384879	-0.110292270318984
17.907078125461815	-0.817052193005041
18.849555921538752	-1.759063993621437
