0.000000000000000	0.000000000000000
0.942477796076938	0.942477796076938
1.884955592153876	1.122381499097721
2.827433388230814	0.429646076705897
3.769911184307752	-0.783647563457892
4.712388980384690	-1.423471269243404
5.654866776461628	-1.091680793253152
6.597344572538566	0.079292442096575
7.539822368615503	1.395406863401465
8.482300164692441	1.700703804103654
9.424777960769379	1.131658177392244
10.367255756846317	-0.285344803598875
11.309733552923255	-1.694448131535964
12.252211349000193	-2.016266207396747
13.194689145077131	-1.600621092928569
14.137166941154069	-0.337431782872596
15.079644737231007	1.453824152784997
16.022122533307943	2.243083144407774
16.964600329384879	2.345662453996166
17.907078125461815	1.924375453624426
18.849555921538752	0.737663979032763
