0.000000000000000	0.000000000000000
0.104719755119660	0.104719755119660
0.209439510239320	0.208292440823071
0.314159265358979	0.309592029736959
0.418879020478639	0.407540926922480
0.523598775598299	0.501130138515668
0.628318530717959	0.589435015171899
0.733038285837618	0.671625972733215
0.837758040957278	0.746974139526924
0.942477796076938	0.814852360538628
1.047197551196598	0.874732347512528
1.151917306316258	0.926178977803618
1.256637061435917	0.968842819863064
1.361356816555577	1.002451925719300
1.466076571675237	1.026803815500201
1.570796326794896	1.041758419860720
1.675516081914556	1.047232570104003
1.780235837034216	1.043196450190087
1.884955592153875	1.029672257619793
1.989675347273535	1.006735161644662
2.094395102393195	0.974516492773644
2.199114857512855	0.933208940680553
2.303834612632515	0.883073373224328
2.408554367752175	0.824446716591679
2.513274122871834	0.757750161868221
2.617993877991494	0.683496802015648
2.722713633111154	0.602297680167388
2.827433388230814	0.514865177723707
2.932153143350474	0.422012723475422
3.036872898470134	0.324649990976875
3.141592653589794	0.223773081452254
3.246312408709454	0.120449647298065
3.351032163829114	0.015799448126585
3.455751918948774	-0.089028629948094
3.560471674068434	-0.192881612430302
3.665191429188094	-0.294627779180271
3.769911184307754	-0.393180516021105
3.874630939427413	-0.487519076327357
3.979350694547073	-0.576705050856080
4.084070449666733	-0.659893864576385
4.188790204786392	-0.736341170128645
4.293509959906052	-0.805404503174890
4.398229715025711	-0.866540944669692
4.502949470145371	-0.919301771036570
4.607669225265030	-0.963325167827099
4.712388980384690	-0.998328059597093
4.817108735504349	-1.024098002665028
4.921828490624009	-1.040485932712574
5.026548245743668	-1.047400384142212
5.131268000863328	-1.044803621607192
5.235987755982987	-1.032709955419797
5.340707511102647	-1.011186352884708
5.445427266222306	-0.980355302910912
5.550147021341965	-0.940399735139046
5.654866776461625	-0.891569631724460
5.759586531581284	-0.834189798190206
5.864306286700944	-0.768668084479657
5.969026041820603	-0.695503182421426
6.073745796940263	-0.615290994791032
6.178465552059922	-0.528728505539683
6.283185307179582	-0.436614115309527
6.387905062299241	-0.339843570840465
6.492624817418901	-0.239400925497908
6.597344572538560	-0.136344409206719
6.702064327658220	-0.031787615843964
6.806784082777879	0.073123038981175
6.911503837897539	0.177233167965097
7.016223593017198	0.279405843131021
7.120943348136858	0.378545800991183
7.225663103256517	0.473620776948665
7.330382858376177	0.563678695384663
7.435102613495836	0.647859950062164
7.539822368615495	0.725404562286727
7.644542123735155	0.795654513490678
7.749261878854814	0.858051949289092
7.853981633974474	0.912134210578032
7.958701389094133	0.957526762212657
8.063421144213793	0.993935082637322
8.168140899333453	1.021136481944012
8.272860654453114	1.038972666312239
8.377580409572774	1.047343693206879
8.482300164692434	1.046203784491030
8.587019919812095	1.035559294392998
8.691739674931755	1.015468968363474
8.796459430051415	0.986046473793515
8.901179185171076	0.947465028075879
9.005898940290736	0.899963787673458
9.110618695410396	0.843855491250592
9.215338450530057	0.779534674393074
9.320058205649717	0.707485605465001
9.424777960769378	0.628288953822951
9.529497715889038	0.542626123483689
9.634217471008698	0.451280202176380
9.738937226128359	0.355132618752691
9.843656981248019	0.255154888546103
9.948376736367679	0.152395249320999
10.053096491487340	0.047960511222252
10.157816246607000	-0.057006006999368
10.262536001726660	-0.161349095982926
10.367255756846321	-0.263927132882142
10.471975511965981	-0.363636605365571
10.576695267085642	-0.459433995986150
10.681415022205302	-0.550353683844941
10.786134777324962	-0.635521013954930
10.890854532444623	-0.714160237366803
10.995574287564283	-0.785597546575357
11.100294042683943	-0.849259851234129
11.205013797803604	-0.904670220582771
11.309733552923264	-0.951441055137130
11.414453308042924	-0.989266059718055
11.519173063162585	-1.017912005141651
11.623892818282245	-1.037211122314088
11.728612573401906	-1.047054800854829
11.833332328521566	-1.047389086659408
11.938052083641226	-1.038212301105760
12.042771838760887	-1.019574942349486
12.147491593880547	-0.991581873553873
12.252211349000207	-0.954396647905265
12.356931104119868	-0.908247659684248
12.461650859239528	-0.853435641289620
12.566370614359188	-0.790341850648439
12.671090369478849	-0.719436122919970
12.775810124598509	-0.641283815440780
12.880529879718170	-0.556550584925897
12.985249634837830	-0.466003935608205
13.089969389957490	-0.370510598749945
13.194689145077151	-0.271029068107092
13.299408900196811	-0.168597019772369
13.404128655316471	-0.064313854747481
13.508848410436132	0.040680846726222
13.613568165555792	0.145231666447954
13.718287920675452	0.248192827620465
13.823007675795113	0.348453000550214
13.927727430914773	0.444957711368589
14.032447186034434	0.536727943913310
14.137166941154094	0.622874001241535
14.241886696273754	0.702604243528021
14.346606451393415	0.775228851258046
14.451326206513075	0.840159202619337
14.556045961632735	0.896903758410992
14.660765716752396	0.945061505867832
14.765485471872056	0.984314040036347
14.870205226991716	1.014417288737505
14.974924982111377	1.035193750333315
15.079644737231037	1.046525944396102
15.184364492350698	1.048351597443819
15.289084247470358	1.040660912756305
15.393804002590018	1.023496109574366
15.498523757709679	0.996953260686489
15.603243512829339	0.961186302757127
15.707963267948999	0.916412934348667
15.812683023068660	0.862921948540493
15.917402778188320	0.801081371937233
16.022122533307979	0.731346609279968
16.126842288427639	0.654267641946016
16.231562043547299	0.570494227610001
16.336281798666960	0.480778031443435
16.441001553786620	0.385970719932788
16.545721308906280	0.287017289713328
16.650441064025941	0.184944287353803
16.755160819145601	0.080843073306284
16.859880574265262	-0.024151166477695
16.964600329384922	-0.128883439895623
17.069320084504582	-0.232204384864043
17.174039839624243	-0.332995317200994
17.278759594743903	-0.430191135265883
17.383479349863563	-0.522799607898031
17.488199104983224	-0.609916028900078
17.592918860102884	-0.690732766874524
17.697638615222544	-0.764543780376270
17.802358370342205	-0.830744627019244
17.907078125461865	-0.888828822688693
18.011797880581526	-0.938381587724466
18.116517635701186	-0.979072062908502
18.221237390820846	-1.010645018688542
18.325957145940507	-1.032912951886739
18.430676901060167	-1.045749298126753
18.535396656179827	-1.049083310372082
18.640116411299488	-1.042896979458701
18.744836166419148	-1.027224207254455
18.849555921538808	-1.002152285920512
