0.000000000000000	0.000000000000000
0.117809724509617	0.117809724509617
0.235619449019234	0.233986714932689
0.353429173528852	0.346936056395864
0.471238898038469	0.455149209423317
0.589048622548086	0.557238146889660
0.706858347057703	0.651959914469887
0.824668071567321	0.738230795346511
0.942477796076938	0.815130604569942
1.060287520586555	0.881898692411687
1.178097245096172	0.937923882700850
1.295906969605790	0.982730808870864
1.413716694115407	1.015965015002924
1.531526418625024	1.037378874118669
1.649336143134641	1.046819949748189
1.767145867644259	1.044222969990159
1.884955592153876	1.029606140797776
2.002765316663493	1.003072109723191
2.120575041173110	0.964813492949560
2.238384765682727	0.915122476988581
2.356194490192344	0.854403584423807
2.474004214701961	0.783188248278801
2.591813939211578	0.702149396114546
2.709623663721195	0.612113860625016
2.827433388230812	0.514070199190900
2.945243112740429	0.409169531246465
3.063052837250046	0.298717391061685
3.180862561759663	0.184155395841608
3.298672286269280	0.067032703444481
3.416482010778897	-0.051031376957301
3.534291735288514	-0.168390912586636
3.652101459798131	-0.283419300791103
3.769911184307748	-0.394553520738716
3.887720908817365	-0.500332835782682
4.005530633326982	-0.599429006455131
4.123340357836599	-0.690666384381175
4.241150082346216	-0.773031672670324
4.358959806855833	-0.845674381193510
4.476769531365450	-0.907899891198751
4.594579255875067	-0.959157508036938
4.712388980384684	-0.999025960987728
4.830198704894301	-1.027198603882788
4.948008429403918	-1.043470194413717
5.065818153913535	-1.047726682151235
5.183627878423152	-1.039938980832197
5.301437602932769	-1.020161269469382
5.419247327442386	-0.988533960766094
5.537057051952003	-0.945291078200448
5.654866776461621	-0.890771374297309
5.772676500971238	-0.825432089515090
5.890486225480855	-0.749863801677364
6.008295949990472	-0.664804388067975
6.126105674500089	-0.571149789024017
6.243915399009706	-0.469959125195704
6.361725123519323	-0.362451892059993
6.479534848028940	-0.249995520479136
6.597344572538557	-0.134082567176675
6.715154297048174	-0.016298093561206
6.832964021557791	0.101720800365606
6.950773746067408	0.218330084018965
7.068583470577025	0.331924567174280
7.186393195086642	0.440980235283262
7.304202919596259	0.544089620557137
7.422012644105876	0.639987796613861
7.539822368615493	0.727567979602720
7.657632093125110	0.805887091634776
7.775441817634727	0.874162748864224
7.893251542144344	0.931763843101356
8.011061266653961	0.978197175698758
8.128870991163579	1.013092545428147
8.246680715673197	1.036188399063825
8.364490440182815	1.047319735596326
8.482300164692433	1.046409497902578
8.600109889202050	1.033464239210689
8.717919613711668	1.008574432395167
8.835729338221286	0.971919390414915
8.953539062730904	0.923776366382177
9.071348787240522	0.864532982988585
9.189158511750140	0.794701698037347
9.306968236259758	0.714934565415580
9.424777960769376	0.626036151913487
9.542587685278994	0.528972206774389
9.660397409788612	0.424871662422172
9.778207134298230	0.315019877221336
9.896016858807847	0.200841775939515
10.013826583317465	0.083874674787526
10.131636307827083	-0.034268045645712
10.249446032336701	-0.151939882046488
10.367255756846319	-0.267507153870589
10.485065481355937	-0.379393830214773
10.602875205865555	-0.486121297960764
10.720684930375173	-0.586339962798786
10.838494654884791	-0.678850849468181
10.956304379394409	-0.762616790698310
11.074114103904027	-0.836764079234001
11.191923828413644	-0.900576403005396
11.309733552923262	-0.953483408144596
11.427543277432880	-0.995046363746369
11.545353001942498	-1.024943229301838
11.663162726452116	-1.042955066132296
11.780972450961734	-1.048955290475553
11.898782175471352	-1.042902808871307
12.016591899980970	-1.024839641033573
12.134401624490588	-0.994893226314045
12.252211349000206	-0.953283212739772
12.370021073509823	-0.900332121446830
12.487830798019441	-0.836478849468784
12.605640522529059	-0.762293524341346
12.723450247038677	-0.678491788074333
12.841259971548295	-0.585946233683228
12.959069696057913	-0.485692543669741
13.076879420567531	-0.378927999022532
13.194689145077149	-0.267000532130313
13.312498869586767	-0.151387416807382
13.430308594096385	-0.033663950072190
13.548118318606003	0.084536107023166
13.665928043115620	0.201565277411191
13.783737767625238	0.315808390801662
13.901547492134856	0.425725744058473
14.019357216644474	0.529889737450528
14.137166941154092	0.627012379586966
14.254976665663710	0.715962431699804
14.372786390173328	0.795772359764068
14.490596114682946	0.865636422854139
14.608405839192564	0.924901996449151
14.726215563702182	0.973056577656381
14.844025288211800	1.009712905796716
14.961835012721417	1.034594364723962
15.079644737231035	1.047522426252889
15.197454461740653	1.048407437660126
15.315264186250271	1.037243605730392
15.433073910759889	1.014108606228197
15.550883635269507	0.979167846082665
15.668693359779125	0.932683007090094
15.786503084288743	0.875024084587255
15.904312808798361	0.806683694087622
16.022122533307979	0.728291968611808
16.139932257817595	0.640629957094924
16.257741982327211	0.544639142209967
16.375551706836827	0.441424632170402
16.493361431346443	0.332249854748514
16.611171155856059	0.218521264459601
16.728980880365675	0.101762655451967
16.846790604875292	-0.016419970360488
16.964600329384908	-0.134380632563370
17.082410053894524	-0.250479210194407
17.200219778404140	-0.363126788464048
17.318029502913756	-0.470826490398619
17.435839227423372	-0.572206515595455
17.553648951932988	-0.666043337996505
17.671458676442604	-0.751274439447416
17.789268400952221	-0.827001281003070
17.907078125461837	-0.892484221490616
18.024887849971453	-0.947131682567455
18.142697574481069	-0.990486043182218
18.260507298990685	-1.022208610524627
18.378317023500301	-1.042065674541889
18.496126748009917	-1.049917215428289
18.613936472519534	-1.045709374491414
18.731746197029150	-1.029471358616031
18.849555921538766	-1.001317035864951
