0.000000000000000	1.000000000000000
0.157079632679490	0.987675674062705
0.314159265358979	0.951154023466529
0.471238898038469	0.892161784359294
0.628318530717959	0.813295052305553
0.785398163397448	0.717668609477793
0.942477796076938	0.608558230240733
1.099557428756428	0.489108145537270
1.256637061435917	0.362144542889593
1.413716694115407	0.230103481022475
1.570796326794897	0.095058444927451
1.727875959474386	-0.041178505762369
1.884955592153876	-0.176910508848195
2.042035224833366	-0.310391668593492
2.199114857512855	-0.439670539876021
2.356194490192345	-0.562467556330774
2.513274122871834	-0.676114267864828
2.670353755551324	-0.777581899068995
2.827433388230814	-0.863619728796829
2.984513020910303	-0.931005945880173
3.141592653589793	-0.976884655063572
3.298672286269283	-0.999129464423505
3.455751918948772	-0.996650643475423
3.612831551628262	-0.969564422272062
3.769911184307752	-0.919175653965335
3.926990816987241	-0.847778566175254
4.084070449666731	-0.758331948794308
4.241150082346221	-0.654093175164365
4.398229715025710	-0.538292086680735
4.555309347705200	-0.413899173079811
4.712388980384690	-0.283508628361648
4.869468613064179	-0.149329180549479
5.026548245743669	-0.013259722094177
5.183627878423159	0.122978611684423
5.340707511102648	0.257681775350590
5.497787143782138	0.388999647579233
5.654866776461628	0.514796165102454
5.811946409141117	0.632560013782182
5.969026041820607	0.739394118057807
6.126105674500097	0.832108449883550
6.283185307179586	0.907427512298720
6.440264939859076	0.962298903686385
6.597344572538566	0.994256361669214
6.754424205218055	1.001761198975625
6.911503837897545	0.984436029304435
7.068583470577035	0.943125184347190
7.225663103256524	0.879763807665730
7.382742735936014	0.797093235412730
7.539822368615503	0.698299838421220
7.696902001294993	0.586663558510143
7.853981633974483	0.465283248321142
8.011061266653972	0.336912890328841
8.168140899333462	0.203911354995995
8.325220532012953	0.068287542841623
8.482300164692443	-0.068186366445139
8.639379797371934	-0.203822052302249
8.796459430051424	-0.336849324636694
8.953539062730915	-0.465263195516805
9.110618695410405	-0.586710315612994
9.267698328089896	-0.698442965497733
9.424777960769386	-0.797367603442729
9.581857593448877	-0.880206141677273
9.738937226128368	-0.943767877779479
9.896016858807858	-0.985299202299512
10.053096491487349	-1.002845316512998
10.210176124166839	-0.995538317576741
10.367255756846330	-0.963733587872662
10.524335389525820	-0.908954714482602
10.681415022205311	-0.833662720418364
10.838494654884801	-0.740914228903164
10.995574287564292	-0.633995343632595
11.152653920243782	-0.516108982566921
11.309733552923273	-0.390163823322538
11.466813185602764	-0.258679266489949
11.623892818282254	-0.123795105239207
11.780972450961745	0.012639006749803
11.938052083641235	0.148922985922490
12.095131716320726	0.283342213561888
12.252211349000216	0.414005785274785
12.409290981679707	0.538713107586310
12.566370614359197	0.654876499091623
12.723450247038688	0.759527999169330
12.880529879718178	0.849433493817168
13.037609512397669	0.921321923037508
13.194689145077160	0.972210216563876
13.351768777756650	0.999770893258132
13.508848410436141	1.002661909528841
13.665928043115631	0.980733380987549
13.823007675795122	0.935052288577156
13.980087308474612	0.867737558722033
14.137166941154103	0.781652709818427
14.294246573833593	0.680038017939179
14.451326206513084	0.566167277333546
14.608405839192574	0.443091011243469
14.765485471872065	0.313493923187838
14.922565104551555	0.179664313819150
15.079644737231046	0.043554599352906
15.236724369910537	-0.093095186331210
15.393804002590027	-0.228599260105618
15.550883635269518	-0.361159782096950
15.707963267949008	-0.488718067146588
15.865042900628499	-0.608850240057346
16.022122533307989	-0.718735769676848
16.179202165987480	-0.815225195254691
16.336281798666970	-0.895022698550866
16.493361431346461	-0.954976692959750
16.650441064025951	-0.992439340036628
16.807520696705442	-1.005623828806015
16.964600329384933	-0.993872192802086
17.121679962064423	-0.957759755706055
17.278759594743914	-0.899005421303674
17.435839227423404	-0.820213691350172
17.592918860102895	-0.724519852492708
17.749998492782385	-0.615226281304296
17.907078125461876	-0.495503841728469
18.064157758141366	-0.368200555969131
18.221237390820857	-0.235766493805895
18.378317023500347	-0.100280077169544
18.535396656179838	0.036450561150910
18.692476288859329	0.172740002283788
18.849555921538819	0.306859013643700
