0.000000000000000	1.000000000000000
0.110879740714934	0.993855990028685
0.221759481429868	0.975536667257061
0.332639222144802	0.945482930978290
0.443518962859736	0.904392554836635
0.554398703574669	0.853168969829778
0.665278444289603	0.792859785928932
0.776158185004537	0.724592735536687
0.887037925719471	0.649516052286880
0.997917666434405	0.568748651669455
1.108797407149339	0.483343379507988
1.219677147864273	0.394264532797065
1.330556888579206	0.302379176045268
1.441436629294140	0.208460626525885
1.552316370009074	0.113201852078382
1.663196110724008	0.017236299961569
1.774075851438941	-0.078836302143033
1.884955592153875	-0.174421512022628
1.995835332868809	-0.268901342508525
2.106715073583743	-0.361607251956032
2.217594814298677	-0.451797246177240
2.328474555013611	-0.538639503450356
2.439354295728545	-0.621205005888640
2.550234036443479	-0.698471543800758
2.661113777158413	-0.769340996959550
2.771993517873347	-0.832670851738953
2.882873258588281	-0.887319428557449
2.993752999303215	-0.932202353905538
3.104632740018149	-0.966355683083422
3.215512480733083	-0.988999204842446
3.326392221448017	-0.999592364801447
3.437271962162951	-0.997875384859722
3.548151702877885	-0.983889728170622
3.659031443592819	-0.957974877635262
3.769911184307753	-0.920741896234893
3.880790925022687	-0.873027635012151
3.991670665737621	-0.815835996733453
4.102550406452555	-0.750273869747165
4.213430147167489	-0.677489132479703
4.324309887882422	-0.598616773770746
4.435189628597356	-0.514737171815234
4.546069369312289	-0.426848447221400
4.656949110027223	-0.335852958348353
4.767828850742156	-0.242556659183051
4.878708591457090	-0.147679232538812
4.989588332172024	-0.051872558401733
5.100468072886957	0.044254969932048
5.211347813601891	0.140110668067206
5.322227554316824	0.235088587740735
5.433107295031758	0.328541562076067
5.543987035746691	0.419756524235396
5.654866776461625	0.507935467882302
5.765746517176559	0.592184522347463
5.876626257891492	0.671513585453595
5.987505998606426	0.744848637716466
6.098385739321359	0.811058102961924
6.209265480036293	0.868993328842324
6.320145220751226	0.917541462426549
6.431024961466160	0.955686890094150
6.541904702181093	0.982575382155467
6.652784442896027	0.997573643264290
6.763664183610961	1.000316622755005
6.874543924325894	0.990735994795698
6.985423665040828	0.969065636827944
7.096303405755761	0.935823277410185
7.207183146470695	0.891771018709125
7.318062887185628	0.837860368043942
7.428942627900562	0.775169135361986
7.539822368615495	0.704837836866244
7.650702109330429	0.628012250091443
7.761581850045363	0.545796931371975
7.872461590760296	0.459222366176451
7.983341331475230	0.369226436331706
8.094221072190164	0.276649345118535
8.205100812905098	0.182240142694328
8.315980553620031	0.086672492619896
8.426860294334965	-0.009432818011281
8.537740035049898	-0.105481056920432
8.648619775764832	-0.200874719603053
8.759499516479766	-0.294984918772942
8.870379257194699	-0.387125219795268
8.981258997909633	-0.476530245888237
9.092138738624566	-0.562341497552490
9.203018479339500	-0.643602867323304
9.313898220054433	-0.719268135995785
9.424777960769367	-0.788222152694061
9.535657701484300	-0.849316307200057
9.646537442199234	-0.901417274033197
9.757417182914168	-0.943465975830309
9.868296923629101	-0.974541598821349
9.979176664344035	-0.993923774287925
10.090056405058968	-1.001145244143731
10.200936145773902	-0.996027858768486
10.311815886488835	-0.978696711571948
10.422695627203769	-0.949570299358643
10.533575367918703	-0.909328161888251
10.644455108633636	-0.858860692441815
10.755334849348570	-0.799208023298746
10.866214590063503	-0.731495697401418
10.977094330778437	-0.656874265473663
11.087974071493370	-0.576468354681112
11.198853812208304	-0.491338662387487
11.309733552923237	-0.402458239829110
11.420613293638171	-0.310702703448401
11.531493034353105	-0.216852813488178
11.642372775068038	-0.121607189687113
11.753252515782972	-0.025602682438375
11.864132256497905	0.070560071857975
11.975011997212839	0.166288263466256
12.085891737927772	0.260967933607297
12.196771478642706	0.353936625685608
12.307651219357640	0.444459945900601
12.418530960072573	0.531714437721725
12.529410700787507	0.614779258415560
12.640290441502440	0.692639054695586
12.751170182217374	0.764200010336059
12.862049922932307	0.828320140045553
12.972929663647241	0.883853463219063
13.083809404362174	0.929705777114657
13.194689145077108	0.964897612794346
13.305568885792042	0.988628028659184
13.416448626506975	1.000331703670099
13.527328367221909	0.999721806531076
13.638208107936842	0.986812566992961
13.749087848651776	0.961918211285912
13.859967589366709	0.925628408402191
13.970847330081643	0.878763828785090
14.081727070796576	0.822318071729642
14.192606811511510	0.757393557813881
14.303486552226444	0.685138886521444
14.414366292941377	0.606693880360293
14.525246033656311	0.523146560540677
14.636125774371244	0.435504155182730
14.747005515086178	0.344678350169218
14.857885255801111	0.251483592573483
14.968764996516045	0.156646402070858
15.079644737230979	0.060823258895443
15.190524477945912	-0.035375428802454
15.301404218660846	-0.131357679102649
15.412283959375779	-0.226520888899609
15.523163700090713	-0.320223599203683
15.634043440805646	-0.411760321562364
15.744923181520580	-0.500341784610210
15.855802922235513	-0.585083072198336
15.966682662950447	-0.665002116310059
16.077562403665382	-0.739030724972477
16.188442144380318	-0.806039614118548
16.299321885095253	-0.864877670423732
16.410201625810188	-0.914423911050667
16.521081366525124	-0.953648507422328
16.631961107240059	-0.981677173292288
16.742840847954994	-0.997851689885695
16.853720588669930	-1.001778867194949
16.964600329384865	-0.993361159516582
17.075480070099800	-0.972804463513130
17.186359810814736	-0.940601923982507
17.297239551529671	-0.897496139368477
17.408119292244606	-0.844425189594960
17.518999032959542	-0.782459769907684
17.629878773674477	-0.712739133699378
17.740758514389412	-0.636412652482331
17.851638255104348	-0.554592014727380
17.962517995819283	-0.468316942467404
18.073397736534218	-0.378535280227333
18.184277477249154	-0.286096713669434
18.295157217964089	-0.191758323351610
18.406036958679024	-0.096199635448087
18.516916699393960	-0.000044667194862
18.627796440108895	0.096111480057208
18.738676180823830	0.191673799767791
18.849555921538766	0.286018558012921
