0.000000000000000	0.000000000000000
0.134639685153848	0.134639685153848
0.269279370307697	0.266843248306778
0.403919055461545	0.394248021420886
0.538558740615393	0.514657215498435
0.673198425769241	0.626100463851412
0.807838110923090	0.726871783021506
0.942477796076938	0.815544606469319
1.077117481230786	0.890967056553044
1.211757166384634	0.952242875472624
1.346396851538483	0.998704299782520
1.481036536692331	1.029882890429021
1.615676221846179	1.045483346706008
1.750315907000028	1.045364040507498
1.884955592153876	1.029526678075147
2.019595277307724	0.998116247437867
2.154234962461572	0.951431236557250
2.288874647615421	0.889942940881983
2.423514332769269	0.814321450122432
2.558154017923117	0.725464605575003
2.692793703076966	0.624524961177628
2.827433388230814	0.512928820833542
2.962073073384662	0.392381145302984
3.096712758538510	0.264850935900435
3.231352443692359	0.132533868659156
3.365992128846207	-0.002207632198451
3.500631814000055	-0.136922624519811
3.635271499153903	-0.269160214887828
3.769911184307752	-0.396558242782050
3.904550869461600	-0.516921807449428
4.039190554615448	-0.628283533233173
4.173830239769297	-0.728941169898570
4.308469924923145	-0.817472250338564
4.443109610076993	-0.892729028709633
4.577749295230841	-0.953819157427869
4.712388980384690	-1.000078403727118
4.847028665538538	-1.031041416240426
4.981668350692386	-1.046415557424398
5.116308035846235	-1.046061520605907
5.250947721000083	-1.029983120264953
5.385587406153931	-0.998327395890686
5.520227091307779	-0.951394997133577
5.654866776461628	-0.889659651045180
5.789506461615476	-0.813794281424940
5.924146146769324	-0.724700049619210
6.058785831923172	-0.623533327355356
6.193425517077021	-0.511724655004208
6.328065202230869	-0.390983469205918
6.462704887384717	-0.263283214532119
6.597344572538566	-0.130823641846949
6.731984257692414	0.004029468176991
6.866623942846262	0.138822837945752
7.001263628000110	0.271104456879438
7.135903313153959	0.398512319634932
7.270542998307807	0.518852857419540
7.405182683461655	0.630160984016695
7.539822368615503	0.730737401628039
7.674462053769352	0.819162944904539
7.809101738923200	0.894293235200838
7.943741424077048	0.955239136604471
8.078381109230897	1.001339329645990
8.213020794384745	1.032131013480181
8.347660479538593	1.047323743090802
8.482300164692441	1.046780106492176
8.616939849846290	1.030505615664233
8.751579535000138	0.998648937157590
8.886219220153986	0.951512416128464
9.020858905307835	0.889571680094735
9.155498590461683	0.813501876271668
9.290138275615531	0.724206793578070
9.424777960769379	0.622845860621801
9.559417645923228	0.510853055910354
9.694057331077076	0.389941504340021
9.828697016230924	0.262088377989448
9.963336701384772	0.129496924901310
10.097976386538621	-0.005464097018772
10.232616071692469	-0.140339212644123
10.367255756846317	-0.272675174461293
10.501895442000166	-0.400109768652255
10.636535127154014	-0.520450191867195
10.771174812307862	-0.631732937561402
10.905814497461710	-0.732260873981274
11.040454182615559	-0.820617336871227
11.175093867769407	-0.895660549465911
11.309733552923255	-0.956503889955588
11.444373238077103	-1.002488336785926
11.579012923230952	-1.033153104845273
11.713652608384800	-1.048209473197364
11.848292293538648	-1.047521499347526
11.982931978692497	-1.031095982615135
12.117571663846345	-0.999082791607923
12.252211349000193	-0.951785498926874
12.386851034154041	-0.889681098319540
12.521490719307890	-0.813446345633044
12.656130404461738	-0.723986960155148
12.790770089615586	-0.622464661706208
12.925409774769435	-0.510316064541931
13.060049459923283	-0.389257191633134
13.194689145077131	-0.261268226475625
13.329328830230979	-0.128555338982981
13.463968515384828	0.006510109831279
13.598608200538676	0.141470577786837
13.733247885692524	0.273871451727657
13.867887570846372	0.401349936335845
14.002527256000221	0.521713418460480
14.137166941154069	0.632999254242701
14.271806626307917	0.733511686377048
14.406446311461766	0.821835747958993
14.541085996615614	0.896831497622710
14.675725681769462	0.957614130420319
14.810365366923310	1.003526308627461
14.945005052077159	1.034108729817654
15.079644737231007	1.049073930399074
15.214284422384855	1.048287013464380
15.348924107538704	1.031755656083805
15.483563792692552	0.999630503557100
15.618203477846400	0.952215886458997
15.752843163000248	0.889989628062511
15.887482848154097	0.813629474659308
16.022122533307943	0.724042374637469
16.156762218461793	0.622391569072009
16.291401903615643	0.510115501645712
16.426041588769493	0.388932300311201
16.560681273923343	0.260824442639318
16.695320959077193	0.128000445982148
16.829960644231043	-0.007166096495508
16.964600329384893	-0.142215700791778
17.099240014538744	-0.274692252650534
17.233879699692594	-0.402231994799099
17.368519384846444	-0.522641921809346
17.503159070000294	-0.633959529240625
17.637798755154144	-0.734489637803764
17.772438440307994	-0.822818171007541
17.907078125461844	-0.897806254772496
18.041717810615694	-0.958570203431902
18.176357495769544	-1.004453749586083
18.310997180923394	-1.034998541543538
18.445636866077244	-1.049917907558374
18.580276551231094	-1.049077573451209
18.714916236384944	-1.032485685032471
18.849555921538794	-1.000293238828034
