0.000000000000000	1.000000000000000
0.094247779607694	0.995560321615417
0.188495559215388	0.982300214979067
0.282743338823081	0.960451627185230
0.376991118430775	0.930386920546968
0.471238898038469	0.892598652509254
0.565486677646163	0.847674231082513
0.659734457253857	0.796267866097952
0.753982236861550	0.739072263809242
0.848230016469244	0.676792245126971
0.942477796076938	0.610121993566623
1.036725575684632	0.539727064012624
1.130973355292326	0.466231706939571
1.225221134900019	0.390211559429227
1.319468914507713	0.312191366662345
1.413716694115407	0.232647137332759
1.507964473723100	0.152011991870150
1.602212253330794	0.070684907457136
1.696460032938488	-0.010958432964401
1.790707812546181	-0.092553449583221
1.884955592153875	-0.173733860663516
1.979203371761569	-0.254118972193280
2.073451151369263	-0.333301773664471
2.167698930976957	-0.410838575255006
2.261946710584650	-0.486240956122998
2.356194490192344	-0.558970819381040
2.450442269800038	-0.628439340059198
2.544690049407731	-0.694010516934063
2.638937829015425	-0.755009866826781
2.733185608623119	-0.810738507789028
2.827433388230812	-0.860492459004716
2.921681167838506	-0.903586459267923
3.015928947446200	-0.939381023122162
3.110176727053894	-0.967310895741748
3.204424506661587	-0.986912637024137
3.298672286269281	-0.997848865893011
3.392920065876975	-0.999926805843333
3.487167845484668	-0.993109219383409
3.581415625092362	-0.977516562077713
3.675663404700056	-0.953420120385513
3.769911184307750	-0.921226870577779
3.864158963915443	-0.881457648191584
3.958406743523137	-0.834720816973936
4.052654523130831	-0.781683899205187
4.146902302738525	-0.723045571038998
4.241150082346219	-0.659510093554541
4.335397861953913	-0.591765737948597
4.429645641561607	-0.520468178432858
4.523893421169301	-0.446229263047065
4.618141200776996	-0.369611097149806
4.712388980384690	-0.291125020632732
4.806636759992384	-0.211234832532021
4.900884539600078	-0.130363499148243
4.995132319207772	-0.048902545713140
5.089380098815466	0.032776654776544
5.183627878423160	0.114310447993146
5.277875658030855	0.195330041088948
5.372123437638549	0.275448928993570
5.466371217246243	0.354251320241387
5.560618996853937	0.431282306521740
5.654866776461631	0.506040554633409
5.749114556069325	0.577974319011090
5.843362335677019	0.646481549356851
5.937610115284714	0.710914769590415
6.031857894892408	0.770591201848099
6.126105674500102	0.824808283004730
6.220353454107796	0.872864270630221
6.314601233715490	0.914083087475464
6.408849013323184	0.947841967781178
6.503096792930879	0.973599933586017
6.597344572538573	0.990924750124105
6.691592352146267	0.999515886175438
6.785840131753961	0.999221204949012
6.880087911361655	0.990045643893776
6.974335690969349	0.972150949033188
7.068583470577043	0.945846490159147
7.162831250184738	0.911572140108689
7.257079029792432	0.869874997778674
7.351326809400126	0.821382251820912
7.445574589007820	0.766772664359278
7.539822368615514	0.706749014784035
7.634070148223208	0.642013452223253
7.728317927830902	0.573247162858227
7.822565707438597	0.501095170359133
7.916813487046291	0.426156542212907
8.011061266653984	0.348979829438553
8.105309046261677	0.270063247591590
8.199556825869371	0.189858911105896
8.293804605477064	0.108780340294689
8.388052385084757	0.027212440710451
8.482300164692450	-0.054476823638773
8.576547944300144	-0.135923806421887
8.670795723907837	-0.216756319805143
8.765043503515530	-0.296581247210150
8.859291283123223	-0.374973350081655
8.953539062730917	-0.451466022285152
9.047786842338610	-0.525544778795085
9.142034621946303	-0.596644276488421
9.236282401553996	-0.664149624657510
9.330530181161690	-0.727402619616764
9.424777960769383	-0.785713303755375
9.519025740377076	-0.838376889080277
9.613273519984769	-0.884695604722933
9.707521299592463	-0.924004462445798
9.801769079200156	-0.955699351644507
9.896016858807849	-0.979265370543683
9.990264638415542	-0.994302979712060
10.084512418023236	-1.000549521637747
10.178760197630929	-0.997893939997023
10.273007977238622	-0.986383146811014
10.367255756846316	-0.966219348179490
10.461503536454009	-0.937748615884026
10.555751316061702	-0.901441921644430
10.649999095669395	-0.857870583167759
10.744246875277089	-0.807678502512058
10.838494654884782	-0.751553670449675
10.932742434492475	-0.690201195517207
11.026990214100168	-0.624319673977094
11.121237993707862	-0.554582152013208
11.215485773315555	-0.481622346868494
11.309733552923248	-0.406026270036698
11.403981332530941	-0.328328982197874
11.498229112138635	-0.249015923822147
11.592476891746328	-0.168528099417341
11.686724671354021	-0.087270323253012
11.780972450961714	-0.005621728890132
11.875220230569408	0.076052227168532
11.969468010177101	0.157387002245623
12.063715789784794	0.238006155683238
12.157963569392487	0.317509197512712
12.252211349000181	0.395460826924732
12.346459128607874	0.471382323749082
12.440706908215567	0.544745886126806
12.534954687823260	0.614972708348835
12.629202467430954	0.681435533896684
12.723450247038647	0.743466268675015
12.817698026646340	0.800368972839619
12.911945806254034	0.851438155742184
13.006193585861727	0.895981790459552
13.100441365469420	0.933347886091574
13.194689145077113	0.962952883377863
13.288936924684807	0.984309672124101
13.383184704292500	0.997052773353750
13.477432483900193	1.000958271174072
13.571680263507886	0.995956458632300
13.665928043115580	0.982135852469890
13.760175822723273	0.959738139803636
13.854423602330966	0.929144600722451
13.948671381938659	0.890855442313296
14.042919161546353	0.845464140757661
14.137166941154046	0.793629231297613
14.231414720761739	0.736045992288887
14.325662500369432	0.673420184894889
14.419910279977126	0.606445524179444
14.514158059584819	0.535785977367354
14.608405839192512	0.462063409408420
14.702653618800205	0.385850597672188
14.796901398407899	0.307669257123126
14.891149178015592	0.227992464680209
14.985396957623285	0.147250733589453
15.079644737230979	0.065840938777610
15.173892516838672	-0.015862699489857
15.268140296446365	-0.097496334035943
15.362388076054058	-0.178693638008291
15.456635855661752	-0.259073089153713
15.550883635269445	-0.338226103573007
15.645131414877138	-0.415706756528046
15.739379194484831	-0.491023862888590
15.833626974092525	-0.563636214983500
15.927874753700218	-0.632951763970620
16.022122533307911	-0.698331451040249
16.116370312915606	-0.759098216211911
16.210618092523301	-0.814551412649574
16.304865872130996	-0.863986427928750
16.399113651738691	-0.906718781240064
16.493361431346386	-0.942111379665265
16.587609210954081	-0.969603060850285
16.681856990561776	-0.988736127363912
16.776104770169471	-0.999180393305768
16.870352549777166	-1.000751392804423
16.964600329384862	-0.993420866667380
17.058848108992557	-0.977318403338024
17.153095888600252	-0.952724053756908
17.247343668207947	-0.920052713618354
17.341591447815642	-0.879831910289089
17.435839227423337	-0.832675215659212
17.530087007031032	-0.779253760150962
17.624334786638727	-0.720268246347095
17.718582566246422	-0.656423512984845
17.812830345854117	-0.588407178627600
17.907078125461812	-0.516873306231129
18.001325905069507	-0.442431468241364
18.095573684677202	-0.365641121559690
18.189821464284897	-0.287010854726679
18.284069243892592	-0.207001849083835
18.378317023500287	-0.126034783874281
18.472564803107982	-0.044499383354411
18.566812582715677	0.037234179965306
18.661060362323372	0.118802776978503
18.755308141931067	0.199837428540725
18.849555921538762	0.279950733987582
