0.000000000000000	1.000000000000000
0.376991118430775	0.929358908641299
0.753982236861550	0.731613137042625
1.130973355292325	0.451116465919296
1.507964473723101	0.130632707943175
1.884955592153876	-0.199853396545171
2.261946710584651	-0.515925597444295
2.638937829015426	-0.785952172531127
3.015928947446202	-0.965886129130329
3.392920065876977	-1.012734599880009
3.769911184307752	-0.912244200945121
4.146902302738527	-0.691035830614278
4.523893421169302	-0.396187578813408
4.900884539600077	-0.068498855355455
5.277875658030852	0.264388983775882
5.654866776461627	0.578108895428981
6.031857894892402	0.838692253021559
6.408849013323176	0.999847705663923
6.785840131753951	1.020584114037273
7.162831250184726	0.893817193711282
7.539822368615501	0.652936675516813
7.916813487046276	0.346483739276500
8.293804605477051	0.013067122880789
8.670795723907826	-0.321611897342350
9.047786842338601	-0.632863201950879
9.424777960769376	-0.884377939113149
9.801769079200151	-1.028064365830964
10.178760197630925	-1.025399929708147
10.555751316061700	-0.876052116143083
10.932742434492475	-0.618901418397470
11.309733552923250	-0.303072821677662
11.686724671354025	0.034990174928813
12.063715789784800	0.371147797627385
12.440706908215574	0.680175746426970
12.817698026646349	0.923559516908022
13.194689145077124	1.051789697372683
13.571680263507899	1.028936340607155
13.948671381938674	0.860689936054034
14.325662500369448	0.590269884152936
14.702653618800223	0.266856816089164
15.079644737230998	-0.075083403064602
15.456635855661773	-0.412660509134810
15.833626974092548	-0.720061901955579
16.210618092523323	-0.956804689106592
16.587609210954099	-1.072230874868870
16.964600329384876	-1.032783930799327
17.341591447815652	-0.849233837899476
17.718582566246429	-0.568175425740973
18.095573684677206	-0.238615618966105
18.472564803107982	0.106672074090024
18.849555921538759	0.445819147640445
