0.000000000000000	1.000000000000000
0.104719755119660	0.994519391478286
0.209439510239320	0.978167294104777
0.314159265358979	0.951295557915188
0.418879020478639	0.914464125819479
0.523598775598299	0.868404033591461
0.628318530717959	0.813972239458137
0.733038285837618	0.752103430357297
0.837758040957278	0.683763698778526
0.942477796076938	0.609910075948903
1.047197551196598	0.531458630243247
1.151917306316258	0.449262489542260
1.256637061435917	0.364099954444933
1.361356816555577	0.276671968537076
1.466076571675237	0.187607637456051
1.570796326794896	0.097476202164598
1.675516081914556	0.006803794758226
1.780235837034216	-0.083906653086524
1.884955592153875	-0.174153899156492
1.989675347273535	-0.263416768842201
2.094395102393195	-0.351133908446480
2.199114857512855	-0.436686449532454
2.303834612632515	-0.519385198143296
2.408554367752175	-0.598464013926369
2.513274122871834	-0.673080990997866
2.617993877991494	-0.742328805400680
2.722713633111154	-0.805255071369723
2.827433388230814	-0.860892703792764
2.932153143350474	-0.908299138169541
3.036872898470134	-0.946601926827443
3.141592653589794	-0.975046925990376
3.246312408709454	-0.993044299572173
3.351032163829114	-1.000207185271654
3.455751918948774	-0.996378303662104
3.560471674068434	-0.981641075747860
3.665191429188094	-0.956313767772661
3.769911184307754	-0.920927436164026
3.874630939427413	-0.876190544409412
3.979350694547073	-0.822944656382704
4.084070449666733	-0.762116326825634
4.188790204786392	-0.694670174165647
4.293509959906052	-0.621567293050875
4.398229715025711	-0.543731921223164
4.502949470145371	-0.462027917623296
4.607669225265030	-0.377245380680959
4.712388980384690	-0.290096786057060
4.817108735504349	-0.201221400307903
4.921828490624009	-0.111196401794506
5.026548245743668	-0.020553037718089
5.131268000863328	0.070203823927705
5.235987755982987	0.160574309848946
5.340707511102647	0.250041822007540
5.445427266222306	0.338052466374328
5.550147021341965	0.423997155613786
5.654866776461625	0.507197988349498
5.759586531581284	0.586900567904794
5.864306286700944	0.662273892184924
5.969026041820603	0.732419234915650
6.073745796940263	0.796388962007610
6.178465552059922	0.853215431269464
6.283185307179582	0.901949017622944
6.387905062299241	0.941702988848307
6.492624817418901	0.971701629363018
6.597344572538560	0.991326951417828
6.702064327658220	1.000158842516848
6.806784082777879	0.998003801495273
6.911503837897539	0.984908578533845
7.016223593017198	0.961156908035119
7.120943348136858	0.927249763043877
7.225663103256517	0.883871714242707
7.330382858376177	0.831847618504327
7.435102613495836	0.772094710971918
7.539822368615495	0.705575162243298
7.644542123735155	0.633253422486979
7.749261878854814	0.556061473192519
7.853981633974474	0.474873747527489
7.958701389094133	0.390492219083642
8.063421144213793	0.303641160489533
8.168140899333453	0.214970400806734
8.272860654453114	0.125065544336427
8.377580409572774	0.034463483202439
8.482300164692434	-0.056328447979767
8.587019919812095	-0.146811250554302
8.691739674931755	-0.236472478371809
8.796459430051415	-0.324765373961055
8.901179185171076	-0.411090440581403
9.005898940290736	-0.494781041017208
9.110618695410396	-0.575094681569906
9.215338450530057	-0.651211628586633
9.320058205649717	-0.722242327363851
9.424777960769378	-0.787244662314294
9.529497715889038	-0.845251351882344
9.634217471008698	-0.895306708587766
9.738937226128359	-0.936510697959521
9.843656981248019	-0.968066885731836
9.948376736367679	-0.989329741494125
10.053096491487340	-0.999846170158273
10.157816246607000	-0.999386314537161
10.262536001726660	-0.987959707944177
10.367255756846321	-0.965814640203936
10.471975511965981	-0.933420814700557
10.576695267085642	-0.891437574304592
10.681415022205302	-0.840671719981075
10.786134777324962	-0.782029927959384
10.890854532444623	-0.716470887117059
10.995574287564283	-0.644961634220290
11.100294042683943	-0.568441413024819
11.205013797803604	-0.487795027589385
11.309733552923264	-0.403836369097983
11.414453308042924	-0.317301749295282
11.519173063162585	-0.228851950088989
11.623892818282245	-0.139081489151871
11.728612573401906	-0.048533440740891
11.833332328521566	0.042281849292684
11.938052083641226	0.132865742805457
12.042771838760887	0.222709496616226
12.147491593880547	0.311273139055477
12.252211349000207	0.397966543415866
12.356931104119868	0.482134276996713
12.461650859239528	0.563045877695551
12.566370614359188	0.639893217187387
12.671090369478849	0.711796464473865
12.775810124598509	0.777819777216523
12.880529879718170	0.836997153587257
12.985249634837830	0.888367859885606
13.089969389957490	0.931019577950101
13.194689145077151	0.964136061659743
13.299408900196811	0.987044914242480
13.404128655316471	0.999260399698690
13.508848410436132	1.000516242470840
13.613568165555792	0.990784273283236
13.718287920675452	0.970276465217726
13.823007675795113	0.939430081415257
13.927727430914773	0.898877891592758
14.032447186034434	0.849407258352971
14.137166941154094	0.791913008824078
14.241886696273754	0.727349255597920
14.346606451393415	0.656684790261424
14.451326206513075	0.580865578817483
14.556045961632735	0.500786543314119
14.660765716752396	0.417273496993261
14.765485471872056	0.331075007337558
14.870205226991716	0.242863185857109
14.974924982111377	0.153241948083059
15.079644737231037	0.062761093670597
15.184364492350698	-0.028065462263224
15.289084247470358	-0.118738908624667
15.393804002590018	-0.208753732211034
15.498523757709679	-0.297576368604353
15.603243512829339	-0.384625810037705
15.707963267948999	-0.469257736605991
15.812683023068660	-0.550753814455424
15.917402778188320	-0.628317827933298
16.022122533307979	-0.701080197836333
16.126842288427639	-0.768112094988446
16.231562043547299	-0.828449714712822
16.336281798666960	-0.881128308249092
16.441001553786620	-0.925224325998054
16.545721308906280	-0.959902668900076
16.650441064025941	-0.984464817224214
16.755160819145601	-0.998392811336447
16.859880574265262	-1.001383970135107
16.964600329384922	-0.993372000981314
17.069320084504582	-0.974531734003264
17.174039839624243	-0.945266842552616
17.278759594743903	-0.906182172035322
17.383479349863563	-0.858044233793970
17.488199104983224	-0.801734666194891
17.592918860102884	-0.738201850024468
17.697638615222544	-0.668415435387448
17.802358370342205	-0.593327509350493
17.907078125461865	-0.513842806373574
18.011797880581526	-0.430799025083713
18.116517635701186	-0.344957176867819
18.221237390820846	-0.257001063513994
18.325957145940507	-0.167544477970323
18.430676901060167	-0.077144493138676
18.535396656179827	0.013680836156993
18.640116411299488	0.104431973672671
18.744836166419148	0.194606139373637
18.849555921538808	0.283675769672731
