0.000000000000000	0.000000000000000
0.099208189060730	0.099045516913358
0.198416378121461	0.197119377993656
0.297624567182191	0.293268746341606
0.396832756242921	0.386577250948826
0.496040945303652	0.476180432927960
0.595249134364382	0.561278205938966
0.694457323425112	0.641143866204540
0.793665512485842	0.715129526901502
0.892873701546573	0.782668164555892
0.992081890607303	0.843272716342514
1.091290079668034	0.896532837965283
1.190498268728764	0.942110019071374
1.289706457789494	0.979731766354415
1.388914646850225	1.009185520378616
1.488122835910955	1.030312889713947
1.587331024971685	1.043004682536188
1.686539214032416	1.047197104675039
1.785747403093146	1.042869382493931
1.884955592153877	1.030042962558364
1.984163781214607	1.008782337677423
2.083371970275337	0.979197448128365
2.182580159336067	0.941447504452540
2.281788348396797	0.895745971710416
2.380996537457527	0.842366344435094
2.480204726518258	0.781648230397490
2.579412915578988	0.714003158077014
2.678621104639718	0.639919440754481
2.777829293700448	0.559965386782709
2.877037482761178	0.474790159850907
2.976245671821908	0.385121681615648
3.075453860882639	0.291761141189037
3.174662049943369	0.195573928419604
3.273870239004099	0.097477121478520
3.373078428064829	-0.001576001275736
3.472286617125559	-0.100613636749041
3.571494806186289	-0.198664284007312
3.670702995247019	-0.294775552215711
3.769911184307750	-0.388031781459084
3.869119373368480	-0.477569446884020
3.968327562429210	-0.562589567042702
4.067535751489940	-0.642366657198585
4.166743940550671	-0.716254107669643
4.265952129611401	-0.783686179381975
4.365160318672132	-0.844177058904071
4.464368507732862	-0.897317584665811
4.563576696793593	-0.942770342066060
4.662784885854323	-0.980263837321159
4.761993074915054	-1.009586415026073
4.861201263975785	-1.030580501497805
4.960409453036515	-1.043137652320574
5.059617642097246	-1.047194771299065
5.158825831157976	-1.042731757476148
5.258034020218707	-1.029770730518076
5.357242209279438	-1.008376882446820
5.456450398340168	-0.978660902923539
5.555658587400899	-0.940782822815532
5.654866776461629	-0.894957014204960
5.754074965522360	-0.841457974301465
5.853283154583091	-0.780626409641464
5.952491343643821	-0.712875033958191
6.051699532704552	-0.638693411598861
6.150907721765282	-0.558651135771139
6.250115910826013	-0.473398646224314
6.349324099886744	-0.383665080809147
6.448532288947474	-0.290252728818566
6.547740478008205	-0.194027907622049
6.646948667068935	-0.095908398409298
6.746156856129666	0.003152083626884
6.845365045190396	0.102181591649894
6.944573234251127	0.200208783097352
7.043781423311858	0.296281717691890
7.142989612372588	0.389485450553990
7.242197801433319	0.478957394055621
7.341405990494049	0.563899673962574
7.440614179554780	0.643588025997703
7.539822368615511	0.717377118182896
7.639030557676241	0.784702495661829
7.738238746736972	0.845079593622864
7.837446935797702	0.898100432032658
7.936655124858433	0.943428690616469
8.035863313919164	0.980793873620057
8.135071502979894	1.009985228255217
8.234279692040625	1.030845997372807
8.333487881101355	1.043268483046538
8.432696070162086	1.047190286497171
8.531904259222816	1.042591979287264
8.631112448283547	1.029496354436686
8.730320637344278	1.007969303833851
8.829528826405008	0.978122267540256
8.928737015465739	0.940116098063589
9.027945204526469	0.894166076026966
9.127153393587200	0.840547702918913
9.226361582647931	0.779602785578278
9.325569771708661	0.711745224293663
9.424777960769392	0.637465835363121
9.523986149830122	0.557335497137656
9.623194338890853	0.472005924962276
9.722402527951584	0.382207471551169
9.821610717012314	0.288743524131567
9.920818906073045	0.192481324462299
10.020027095133775	0.094339352852596
10.119235284194506	-0.004728243137366
10.218443473255236	-0.103749377700138
10.317651662315967	-0.201752871423213
10.416859851376698	-0.297787239073377
10.516068040437428	-0.390938254739012
10.615276229498159	-0.480344271196118
10.714484418558889	-0.565208523731410
10.813692607619620	-0.644807969931771
10.912900796680351	-0.718498556072969
11.012108985741081	-0.785717111323066
11.111317174801812	-0.845980318708381
11.210525363862542	-0.898881378537886
11.309733552923273	-0.944085063435422
11.408941741984004	-0.981321874182886
11.508149931044734	-1.010381959197133
11.607358120105465	-1.031109376653574
11.706566309166195	-1.043397174201647
11.805774498226926	-1.047183649925315
11.904982687287657	-1.042450047753574
12.004190876348387	-1.029219834319322
12.103399065409118	-1.007559602037167
12.202607254469848	-0.977581542390806
12.301815443530579	-0.939447330846949
12.401023632591309	-0.893373158091436
12.500231821652040	-0.839635531494372
12.599440010712771	-0.778577359731761
12.698648199773501	-0.710613730944062
12.797856388834232	-0.636236714256584
12.897064577894962	-0.556018473441371
12.996272766955693	-0.470611998961698
13.095480956016424	-0.380748857049915
13.194689145077154	-0.287233530606255
13.293897334137885	-0.190934182633621
13.393105523198615	-0.092769988650550
13.492313712259346	0.006304475889871
13.591521901320077	0.105316990983985
13.690730090380807	0.203296545145493
13.789938279441538	0.299292112665607
13.889146468502268	0.392390190522682
13.988354657562999	0.481730075062588
14.087562846623729	0.566516113386197
14.186771035684460	0.646026486335051
14.285979224745191	0.719618418975991
14.385187413805921	0.786730024297597
14.484395602866652	0.846879232374182
14.583603791927382	0.899660422657338
14.682811980988113	0.944739459239214
14.782020170048844	0.981847837944598
14.881228359109574	1.010776606985826
14.980436548170305	1.031370638657469
15.079644737231035	1.043523725276115
15.178852926291766	1.047174861242113
15.278061115352497	1.042305962704143
15.377269304413227	1.028941170174094
15.476477493473958	1.007147777258715
15.575685682534688	0.977038727891167
15.674893871595419	0.938776521819986
15.774102060656150	0.892578261317984
15.873310249716880	0.838721461239856
15.972518438777611	0.777550133631238
16.071726627838341	0.709480555775826
16.170934816899070	0.635006050494543
16.270143005959799	0.554700067247330
16.369351195020528	0.469216871125168
16.468559384081257	0.379289240518774
16.567767573141985	0.285722751725306
16.666975762202714	0.189386485832795
16.766183951263443	0.091200309647711
16.865392140324172	-0.007880777965875
16.964600329384901	-0.106884427585653
17.063808518445629	-0.204839800425957
17.163016707506358	-0.300796334776226
17.262224896567087	-0.393841254416612
17.361433085627816	-0.483114802415842
17.460641274688545	-0.567822439968088
17.559849463749273	-0.647243572546187
17.659057652810002	-0.720736704532504
17.758265841870731	-0.787741232521634
17.857474030931460	-0.847776332837903
17.956682219992189	-0.900437562870643
18.055890409052918	-0.945391876747608
18.155098598113646	-0.982371763843318
18.254306787174375	-1.011169170758225
18.353514976235104	-1.031629782704597
18.452723165295833	-1.043648135762807
18.551931354356562	-1.047163920108836
18.651139543417290	-1.042159723970805
18.750347732478019	-1.028660362012102
18.849555921538748	-1.006733829703741
