0.000000000000000	0.000000000000000
0.171359599286716	0.170521987901289
0.342719198573432	0.336084773166070
0.514078797860148	0.492006835365417
0.685438397146864	0.634113218473596
0.856797996433580	0.758882801349656
1.028157595720296	0.863504901061954
1.199517195007012	0.945858626162054
1.370876794293728	1.004442274205688
1.542236393580444	1.038283834089774
1.713595992867160	1.046859831213235
1.884955592153876	1.030042129503323
2.056315191440592	0.988083741602096
2.227674790727308	0.921646389750880
2.399034390014025	0.831864414568091
2.570393989300741	0.720431201213108
2.741753588587457	0.589685822531611
2.913113187874173	0.442670822103582
3.084472787160889	0.283130292257768
3.255832386447605	0.115424321992534
3.427191985734321	-0.055647022389242
3.598551585021037	-0.225093096690123
3.769911184307753	-0.388015986518518
3.941270783594469	-0.539877158570184
4.112630382881185	-0.676702395657243
4.283989982167901	-0.795199390427101
4.455349581454617	-0.892786895331710
4.626709180741333	-0.967554476551657
4.798068780028049	-1.018182433915888
4.969428379314765	-1.043852353333191
5.140787978601481	-1.044173298910499
5.312147577888197	-1.019140488059617
5.483507177174913	-0.969134759277322
5.654866776461629	-0.894962935063628
5.826226375748345	-0.797930981538192
5.997585975035062	-0.679933338277766
6.168945574321778	-0.543533596966305
6.340305173608494	-0.392006137800074
6.511664772895210	-0.229309029440771
6.683024372181926	-0.059968751002992
6.854383971468642	0.111122755975350
7.025743570755358	0.278973678456274
7.197103170042074	0.438775851926196
7.368462769328790	0.586155574041294
7.539822368615506	0.717351787183227
7.711181967902222	0.829303918141693
7.882541567188938	0.919655667046638
8.053901166475654	0.986698361510271
8.225260765762370	1.029284665379701
8.396620365049085	1.046741840878214
8.567979964335800	1.038807066958398
8.739339563622515	1.005598861198827
8.910699162909230	0.947630216067115
9.082058762195945	0.865860912659121
9.253418361482661	0.761778175096517
9.424777960769376	0.637486264492046
9.596137560056091	0.495777935018286
9.767497159342806	0.340156710001414
9.938856758629521	0.174782468741309
10.110216357916237	0.004326454814083
10.281575957202952	-0.166255920361219
10.452935556489667	-0.332002024279428
10.624295155776382	-0.488220249812879
10.795654755063097	-0.630720680425554
10.967014354349812	-0.755964637691928
11.138373953636528	-0.861123489324766
11.309733552923243	-0.944059655245583
11.481093152209958	-1.003256883512365
11.652452751496673	-1.037730870009673
11.823812350783388	-1.046947618025653
11.995171950070104	-1.030769364154947
12.166531549356819	-0.989439336444969
12.337891148643534	-0.923608292987393
12.509250747930249	-0.834397645905003
12.680610347216964	-0.723485557134362
12.851969946503679	-0.593193909690414
13.023329545790395	-0.446547203529844
13.194689145077110	-0.287272482926771
13.366048744363825	-0.119716069239681
13.537408343650540	0.051330278768654
13.708767942937255	0.220877317307267
13.880127542223970	0.384021374046863
14.051487141510686	0.536212027522743
14.222846740797401	0.673459012621298
14.394206340084116	0.792452131112442
14.565565939370831	0.890592466095863
14.736925538657546	0.965953547372625
14.908285137944262	1.017201891361019
15.079644737230977	1.043507453547810
15.251004336517692	1.044469184687109
15.422363935804407	1.020072750481507
15.593723535091122	0.970688935605694
15.765083134377837	0.897113039123098
15.936442733664553	0.800637373568417
16.107802332951270	0.683140458148610
16.279161932237987	0.547168272487767
16.450521531524704	0.395977260403567
16.621881130811420	0.233509264998419
16.793240730098137	0.064278567127523
16.964600329384854	-0.106829056531615
17.135959928671571	-0.274820831344359
17.307319527958288	-0.434880681540902
17.478679127245005	-0.582621431234866
17.650038726531722	-0.714265138747212
17.821398325818439	-0.826733227989039
17.992757925105156	-0.917652159155887
18.164117524391873	-0.985297939297905
18.335477123678590	-1.028510201495287
18.506836722965307	-1.046605170144482
18.678196322252024	-1.039310216443987
18.849555921538741	-1.006734267968188
