0.000000000000000	1.000000000000000
0.376991118430775	0.930555906561852
0.753982236861550	0.739737061590022
1.130973355292325	0.467441758127552
1.507964473723101	0.153655251842421
1.884955592153876	-0.171784931466007
2.261946710584651	-0.484116617336573
2.638937829015426	-0.752955086029985
3.015928947446202	-0.937884631998541
3.392920065876977	-0.999654305265143
3.769911184307752	-0.922656402838397
4.146902302738527	-0.726150954257915
4.523893421169302	-0.450584791123148
4.900884539600077	-0.135475200543745
5.277875658030852	0.189863409435506
5.654866776461627	0.500628736303781
6.031857894892402	0.765874995387480
6.408849013323176	0.944795674365856
6.785840131753951	0.998861051032348
7.162831250184726	0.914352459643197
7.539822368615501	0.712277488660189
7.916813487046276	0.433557103937033
8.293804605477051	0.117210553350076
8.670795723907826	-0.207951121670663
9.047786842338601	-0.517048617204311
9.424777960769376	-0.778559269749791
9.801769079200151	-0.951324544011441
10.178760197630925	-0.997616824450668
10.555751316061700	-0.905647146032372
10.932742434492475	-0.698122321403446
11.309733552923250	-0.416363642415788
11.686724671354025	-0.098865357363783
12.063715789784800	0.226043031259831
12.440706908215574	0.533368283063515
12.817698026646349	0.790997317160288
13.194689145077124	0.957462044420297
13.571680263507899	0.995918618888422
13.948671381938674	0.896543850810748
14.325662500369448	0.683691196042550
14.702653618800223	0.399009331220751
15.079644737230998	0.080443694688816
15.456635855661773	-0.244133932112359
15.833626974092548	-0.549579501593082
16.210618092523323	-0.803178405973698
16.587609210954099	-0.963199165247241
16.964600329384876	-0.993763843108609
17.341591447815652	-0.887046273149138
17.718582566246429	-0.668989932345627
18.095573684677206	-0.381499072289271
18.472564803107982	-0.061949688947431
18.849555921538759	0.262218439829190
