0.000000000000000	1.000000000000000
0.157079632679490	0.987713368796512
0.314159265358979	0.951446645906646
0.471238898038469	0.892887976126721
0.628318530717959	0.814574595774313
0.785398163397448	0.719557229980851
0.942477796076938	0.611055775919783
1.099557428756428	0.492174759295617
1.256637061435917	0.365718689432886
1.413716694115407	0.234117152326432
1.570796326794897	0.099447098280753
1.727875959474386	-0.036471857184290
1.884955592153876	-0.171936577959581
2.042035224833366	-0.305200720902939
2.199114857512855	-0.434321913071049
2.356194490192345	-0.557041915255027
2.513274122871834	-0.670727127119188
2.670353755551324	-0.772395920358061
2.827433388230814	-0.858852015231543
2.984513020910303	-0.926925751830005
3.141592653589793	-0.973797689895536
3.298672286269283	-0.997348089942767
3.455751918948772	-0.996454329265783
3.612831551628262	-0.971159735013143
3.769911184307752	-0.922666927265118
3.926990816987241	-0.853157565141166
4.084070449666731	-0.765488390987529
4.241150082346221	-0.662841157093935
4.398229715025710	-0.548403455688391
4.555309347705200	-0.425134795148737
4.712388980384690	-0.295641259306017
4.869468613064179	-0.162155265378824
5.026548245743669	-0.026600368353665
5.183627878423159	0.109285598728244
5.340707511102648	0.243796338912842
5.497787143782138	0.375097902461857
5.654866776461628	0.501090222760964
5.811946409141117	0.619316198815288
5.969026041820607	0.726945733398282
6.126105674500097	0.820858392024282
6.283185307179586	0.897835965823940
6.440264939859076	0.954853088162979
6.597344572538566	0.989423497180592
6.754424205218055	0.999931852768762
6.911503837897545	0.985870444705784
7.068583470577035	0.947916877007478
7.225663103256524	0.887830734967049
7.382742735936014	0.808198383120935
7.539822368615503	0.712094021925373
7.696902001294993	0.602737690403177
7.853981633974483	0.483217010458129
8.011061266653972	0.356310507779071
8.168140899333462	0.224420383710490
8.325220532012953	0.089600994477184
8.482300164692443	-0.046341614024170
8.639379797371934	-0.181706603159418
8.796459430051424	-0.314738294412490
8.953539062730915	-0.443474848569483
9.110618695410405	-0.565631879137787
9.267698328089896	-0.678548409769226
9.424777960769386	-0.779221403962536
9.581857593448877	-0.864447190772436
9.738937226128368	-0.931069948889588
9.896016858807858	-0.976309432509129
10.053096491487349	-0.998109436517167
10.210176124166839	-0.995428253834982
10.367255756846330	-0.968395829635101
10.524335389525820	-0.918293800591143
10.681415022205311	-0.847364094281004
10.838494654884801	-0.758498858749861
10.995574287564292	-0.654890216571029
11.152653920243782	-0.539715817255186
11.309733552923273	-0.415912382919142
11.466813185602764	-0.286058380084547
11.623892818282254	-0.152360757558210
11.780972450961745	-0.016724915666463
11.938052083641235	0.119118995323821
12.095131716320726	0.253460663895902
12.252211349000216	0.384451061481279
12.409290981679707	0.509966511496876
12.566370614359197	0.627522301665169
12.723450247038688	0.734263176476220
12.880529879718178	0.827053812528310
13.037609512397669	0.902679240620655
13.194689145077160	0.958141311297442
13.351768777756650	0.991006526445776
13.508848410436141	0.999733632751734
13.665928043115631	0.983900549943392
13.823007675795122	0.944269037269179
13.980087308474612	0.882668764171020
14.137166941154103	0.801733413902846
14.294246573833593	0.704558836268342
14.451326206513084	0.594363729146464
14.608405839192574	0.474217871924556
14.765485471872065	0.346873451863821
14.922565104551555	0.214705439528436
15.079644737231046	0.079746127787118
15.236724369910537	-0.056211244757685
15.393804002590027	-0.191467282639531
15.550883635269518	-0.324256160127000
15.707963267949008	-0.452595940558749
15.865042900628499	-0.574175786130141
16.022122533307989	-0.686307510441641
16.179202165987480	-0.785967408129690
16.336281798666970	-0.869945737577983
16.493361431346461	-0.935102274722344
16.650441064025951	-0.978697853070575
16.807520696705442	-0.998741386472836
16.964600329384933	-0.994272955597354
17.121679962064423	-0.965509040433051
17.278759594743914	-0.913809283069596
17.435839227423404	-0.841474225694852
17.592918860102895	-0.751429550968456
17.749998492782385	-0.646876073687126
17.907078125461876	-0.530980295164287
18.064157758141366	-0.406655529306035
18.221237390820857	-0.276452557533987
18.378317023500347	-0.142553234299491
18.535396656179838	-0.006845478273564
18.692476288859329	0.128947414291022
18.849555921538819	0.263110268797442
