0.000000000000000	1.000000000000000
0.104719755119660	0.994526876244079
0.209439510239320	0.978226372212269
0.314159265358979	0.951446732622899
0.418879020478639	0.914741824367274
0.523598775598299	0.868834911410798
0.628318530717959	0.814574395587837
0.733038285837618	0.752886511833344
0.837758040957278	0.684729741348592
0.942477796076938	0.611054849184948
1.047197551196598	0.532773232148631
1.151917306316258	0.450734959335655
1.256637061435917	0.365716724571568
1.361356816555577	0.278419039422421
1.466076571675237	0.189471416445293
1.570796326794896	0.099443992947583
1.675516081914556	0.008863952627630
1.780235837034216	-0.081764870031809
1.884955592153875	-0.171940748275157
1.989675347273535	-0.261142676898635
2.094395102393195	-0.348810328484177
2.199114857512855	-0.434326884624645
2.303834612632515	-0.517006344825587
2.408554367752175	-0.596086957135274
2.513274122871834	-0.670732351961255
2.617993877991494	-0.740041708013035
2.722713633111154	-0.803069759208776
2.827433388230814	-0.858856621234369
2.932153143350474	-0.906466299365166
3.036872898470134	-0.945031448079172
3.141592653589794	-0.973800695124436
3.246312408709454	-0.992183891938965
3.351032163829114	-0.999790286109465
3.455751918948774	-0.996455024847079
3.560471674068434	-0.982250623454950
3.665191429188094	-0.957481899802692
3.769911184307754	-0.922665039973680
3.874630939427413	-0.878493491754478
3.979350694547073	-0.825794889870000
4.084070449666733	-0.765483954577297
4.188790204786392	-0.698516228043473
4.293509959906052	-0.625846760213542
4.398229715025711	-0.548396683521938
4.502949470145371	-0.467029308347936
4.607669225265030	-0.382536167162654
4.712388980384690	-0.295632485673860
4.817108735504349	-0.206960920059115
4.921828490624009	-0.117102050215065
5.026548245743668	-0.026589992395454
5.131268000863328	0.064068494793702
5.235987755982987	0.154372970477775
5.340707511102647	0.243807837316569
5.445427266222306	0.331821916842043
5.550147021341965	0.417810594861918
5.654866776461625	0.501102126142600
5.759586531581284	0.580949739912015
5.864306286700944	0.656531152090449
5.969026041820603	0.726956881469205
6.073745796940263	0.791288304132884
6.178465552059922	0.848565611533909
6.283185307179582	0.897844770801271
6.387905062299241	0.938241315295132
6.492624817418901	0.968977508929129
6.597344572538560	0.989428394142442
6.702064327658220	0.999161733735476
6.806784082777879	0.997967109160340
6.911503837897539	0.985870511128906
7.016223593017198	0.963132522503097
7.120943348136858	0.930230332303692
7.225663103256517	0.887825910857398
7.330382858376177	0.836724310869326
7.435102613495836	0.777826957376292
7.539822368615495	0.712084865755426
7.644542123735155	0.640456088597837
7.749261878854814	0.563870579242645
7.853981633974474	0.483204357699794
7.958701389094133	0.399263625599232
8.063421144213793	0.312778470212224
8.168140899333453	0.224405097284261
8.272860654453114	0.134735130824302
8.377580409572774	0.044310354447077
8.482300164692434	-0.046358740585097
8.587019919812095	-0.136772174174970
8.691739674931755	-0.226418971699220
8.796459430051415	-0.314756416445488
8.901179185171076	-0.401191569965774
9.005898940290736	-0.485066635536483
9.110618695410396	-0.565649800438053
9.215338450530057	-0.642133180790887
9.320058205649717	-0.713639324644469
9.424777960769378	-0.779237321197019
9.529497715889038	-0.837968856617787
9.634217471008698	-0.888883543933136
9.738937226128359	-0.931081611692102
9.843656981248019	-0.963760735307931
9.948376736367679	-0.986262689542472
10.053096491487340	-0.998114876083168
10.157816246607000	-0.999061874421848
10.262536001726660	-0.989083080784816
10.367255756846321	-0.968394148695595
10.471975511965981	-0.937432041813256
10.576695267085642	-0.896825644563616
10.681415022205302	-0.847355627462159
10.786134777324962	-0.789908319403783
10.890854532444623	-0.725428573119595
10.995574287564283	-0.654876095439990
11.100294042683943	-0.579188671491356
11.205013797803604	-0.499254425055720
11.309733552923264	-0.415893989608335
11.414453308042924	-0.329852403775894
11.519173063162585	-0.241799783180397
11.623892818282245	-0.152339364194860
11.728612573401906	-0.062021311314792
11.833332328521566	0.028639352879165
11.938052083641226	0.119142282778461
12.042771838760887	0.208980329040620
12.147491593880547	0.297618525690236
12.252211349000207	0.384475045621091
12.356931104119868	0.468905685557180
12.461650859239528	0.550193507639651
12.566370614359188	0.627545273245548
12.671090369478849	0.700096173979247
12.775810124598509	0.766924009682064
12.880529879718170	0.827073317060505
12.985249634837830	0.879588996188416
13.089969389957490	0.923557773816042
13.194689145077151	0.958154535109974
13.299408900196811	0.982689389393092
13.404128655316471	0.996650595458027
13.508848410436132	0.999738412320400
13.613568165555792	0.991885697655989
13.718287920675452	0.973262598657985
13.823007675795113	0.944264719247048
13.927727430914773	0.905486309646382
14.032447186034434	0.857681880136716
14.137166941154094	0.801720848563345
14.241886696273754	0.738540225754049
14.346606451393415	0.669099960949855
14.451326206513075	0.594344608441410
14.556045961632735	0.515173715120189
14.660765716752396	0.432422039548615
14.765485471872056	0.346849601681780
14.870205226991716	0.259140739280167
14.974924982111377	0.169910833659473
15.079644737231037	0.079719120133293
15.184364492350698	-0.010914060800609
15.289084247470358	-0.101487172699814
15.393804002590018	-0.191496083972118
15.498523757709679	-0.280412846836824
15.603243512829339	-0.367666147600875
15.707963267948999	-0.452624975470843
15.812683023068660	-0.534587126376670
15.917402778188320	-0.612774183982433
16.022122533307979	-0.686334523439095
16.126842288427639	-0.754355578421306
16.231562043547299	-0.815886026086293
16.336281798666960	-0.869967647073407
16.441001553786620	-0.915675449628281
16.545721308906280	-0.952163342447965
16.650441064025941	-0.978711425284658
16.755160819145601	-0.994770120870196
16.859880574265262	-0.999996163460461
16.964600329384922	-0.994276053654826
17.069320084504582	-0.977733975594002
17.174039839624243	-0.950723138571468
17.278759594743903	-0.913801677582857
17.383479349863563	-0.867696194214705
17.488199104983224	-0.813257373024683
17.592918860102884	-0.751412665343276
17.697638615222544	-0.683120790693922
17.802358370342205	-0.609331937629888
17.907078125461865	-0.530956320342521
18.011797880581526	-0.448842444822985
18.116517635701186	-0.363765280399922
18.221237390820846	-0.276423648800943
18.325957145940507	-0.187445570775528
18.430676901060167	-0.097400016490390
18.535396656179827	-0.006813416687008
18.640116411299488	0.083810679154469
18.744836166419148	0.173970341746977
18.849555921538808	0.263143889716386
