0.000000000000000	0.000000000000000
0.104719755119660	0.104528445792226
0.209439510239320	0.207914767213307
0.314159265358979	0.309041441327971
0.418879020478639	0.406838446599223
0.523598775598299	0.500302989502073
0.628318530717959	0.588514974860357
0.733038285837618	0.670647638373789
0.837758040957278	0.745973276857158
0.942477796076938	0.813864470087470
1.047197551196598	0.873791535240843
1.151917306316258	0.925317167551815
1.256637061435917	0.968089302754212
1.361356816555577	1.001833210532249
1.466076571675237	1.026343724938144
1.570796326794896	1.041478368966836
1.675516081914556	1.047151961899751
1.780235837034216	1.043333126766332
1.884955592153875	1.030042949693917
1.989675347273535	1.007355884161395
2.094395102393195	0.975402837635474
2.199114857512855	0.934376220325488
2.303834612632515	0.884536571646275
2.408554367752175	0.826220209424338
2.513274122871834	0.759847176716544
2.617993877991494	0.685928606698905
2.722713633111154	0.605072511561563
2.827433388230814	0.517986957399909
2.932153143350474	0.425479645673315
3.036872898470134	0.328453107885624
3.141592653589794	0.227895041847579
3.246312408709454	0.124863757741448
3.351032163829114	0.020469213205316
3.455751918948774	-0.084149373735173
3.560471674068434	-0.187847921819100
3.665191429188094	-0.289502222704538
3.769911184307754	-0.388031300635282
3.874630939427413	-0.482417859156313
3.979350694547073	-0.571724645620569
4.084070449666733	-0.655106050272638
4.188790204786392	-0.731814776849242
4.293509959906052	-0.801203896498739
4.398229715025711	-0.862724968414895
4.502949470145371	-0.915923149968974
4.607669225265030	-0.960430325286671
4.712388980384690	-0.995957273725658
4.817108735504349	-1.022285808905845
4.921828490624009	-1.039261676813967
5.026548245743668	-1.046788835167152
5.131268000863328	-1.044825564562501
5.235987755982987	-1.033382694965298
5.340707511102647	-1.012524071174180
5.445427266222306	-0.982369225148274
5.550147021341965	-0.943098066181294
5.654866776461625	-0.894957237184810
5.759586531581284	-0.838267615751952
5.864306286700944	-0.773432267506342
5.969026041820603	-0.700944000112718
6.073745796940263	-0.621391541744443
6.178465552059922	-0.535463307488019
6.283185307179582	-0.443947753386132
6.387905062299241	-0.347729477672259
6.492624817418901	-0.247780524419318
6.597344572538560	-0.145146764359814
6.702064327658220	-0.040929729760147
6.806784082777879	0.063735203345608
6.911503837897539	0.167702945484291
7.016223593017198	0.269843500360016
7.120943348136858	0.369065723012154
7.225663103256517	0.464338441577419
7.330382858376177	0.554707689751496
7.435102613495836	0.639309266340084
7.539822368615495	0.717376358457859
7.644542123735155	0.788242454045684
7.749261878854814	0.851340164375255
7.853981633974474	0.906196843321860
7.958701389094133	0.952428021363631
8.063421144213793	0.989729684802564
8.168140899333453	1.017870353609997
8.272860654453114	1.036683776850304
8.377580409572774	1.046062901264623
8.482300164692434	1.045955596922491
8.587019919812095	1.036362455562006
8.691739674931755	1.017336816045976
8.796459430051415	0.988987015179350
8.901179185171076	0.951480705888042
9.005898940290736	0.905050923411734
9.110618695410396	0.850003411731532
9.215338450530057	0.786724550804394
9.320058205649717	0.715689062196335
9.424777960769378	0.637466537215125
9.529497715889038	0.552725756216519
9.634217471008698	0.462235782685660
9.738937226128359	0.366862949811231
9.843656981248019	0.267563126463758
9.948376736367679	0.165369047115855
10.053096491487340	0.061372980850494
10.157816246607000	-0.043294465428968
10.262536001726660	-0.147488147327403
10.367255756846321	-0.250073193421228
10.471975511965981	-0.349949100604212
10.576695267085642	-0.446071482596579
10.681415022205302	-0.537470140257552
10.786134777324962	-0.623262571634154
10.890854532444623	-0.702662556675999
10.995574287564283	-0.774983952468428
11.100294042683943	-0.839640251911619
11.205013797803604	-0.896140751397437
11.309733552923264	-0.944084329881987
11.414453308042924	-0.983151875454759
11.519173063162585	-1.013098333378839
11.623892818282245	-1.033745223907812
11.728612573401906	-1.044974318569076
11.833332328521566	-1.046722992356415
11.938052083641226	-1.038981599809306
12.042771838760887	-1.021793060396112
12.147491593880547	-0.995254681804021
12.252211349000207	-0.959522093946421
12.356931104119868	-0.914815006441596
12.461650859239528	-0.861424335185051
12.566370614359188	-0.799720071957348
12.671090369478849	-0.730159104976642
12.775810124598509	-0.653292057008044
12.880529879718170	-0.569768118359827
12.985249634837830	-0.480336846862148
13.089969389957490	-0.385846015942584
13.194689145077151	-0.287234834397896
13.299408900196811	-0.185522235823867
13.404128655316471	-0.081790412295588
13.508848410436132	0.022835712792838
13.613568165555792	0.127211893546755
13.718287920675452	0.230199309247606
13.823007675795113	0.330688933883859
13.927727430914773	0.427623860063867
14.032447186034434	0.520018173260483
14.137166941154094	0.606971398457696
14.241886696273754	0.687678051834493
14.346606451393415	0.761432340229881
14.451326206513075	0.827628488727306
14.556045961632735	0.885757495418364
14.660765716752396	0.935401295432854
14.765485471872056	0.976225372265535
14.870205226991716	1.007970808527232
14.974924982111377	1.030446652503910
15.079644737231037	1.043523321904886
15.184364492350698	1.047127595871799
15.289084247470358	1.041239575865824
15.393804002590018	1.025891832070396
15.498523757709679	1.001170794310504
15.603243512829339	0.967220290939009
15.707963267948999	0.924246980258152
15.812683023068660	0.872527253302026
15.917402778188320	0.812415015479433
16.022122533307979	0.744349586222288
16.126842288427639	0.668862807734550
16.231562043547299	0.586584352043626
16.336281798666960	0.498244191343046
16.441001553786620	0.404671281302220
16.545721308906280	0.306787722758737
16.650441064025941	0.205598017179912
16.755160819145601	0.102173491670625
16.859880574265262	-0.002367513127893
16.964600329384922	-0.106882600802365
17.069320084504582	-0.210229937745435
17.174039839624243	-0.311292832481452
17.278759594743903	-0.409002580819391
17.383479349863563	-0.502358106395255
17.488199104983224	-0.590441326058934
17.592918860102884	-0.672427670387193
17.697638615222544	-0.747591706105481
17.802358370342205	-0.815308263531835
17.907078125461865	-0.875049816346315
18.011797880581526	-0.926381070554967
18.116517635701186	-0.968951798696503
18.221237390820846	-1.002488926909293
18.325957145940507	-1.026788777841606
18.430676901060167	-1.041710222920459
18.535396656179827	-1.047169328700549
18.640116411299488	-1.043135910818912
18.744836166419148	-1.029632243667688
18.849555921538808	-1.006734015267355
