0.000000000000000	0.000000000000000
0.471238898038469	0.453958797609523
0.942477796076938	0.813544200661320
1.413716694115407	1.014952623942698
1.884955592153876	1.029852880646966
2.356194490192345	0.856412893854065
2.827433388230814	0.518275835688592
3.298672286269283	0.073443346969859
3.769911184307752	-0.387023732313806
4.241150082346221	-0.766375188056423
4.712388980384690	-0.995048253621288
5.183627878423159	-1.039723175152428
5.654866776461628	-0.894857965929701
6.126105674500097	-0.579644868364375
6.597344572538566	-0.146243105820715
7.068583470577035	0.318286350966516
7.539822368615503	0.715635187395889
8.011061266653972	0.970700593248147
8.482300164692440	1.044928702420581
8.953539062730908	0.928989093373811
9.424777960769376	0.637872988794967
9.896016858807844	0.218016312429755
10.367255756846312	-0.248109101474512
10.838494654884780	-0.661557076336437
11.309733552923248	-0.942020777208618
11.780972450961716	-1.045495113253568
12.252211349000184	-0.958730755189909
12.723450247038652	-0.692731259609567
13.194689145077120	-0.288394797532453
13.665928043115589	0.176864657226494
14.137166941154057	0.604393786402338
14.608405839192525	0.909134992034177
15.079644737230993	1.041460568777222
15.550883635269461	0.984027109112953
16.022122533307929	0.744018531814542
16.493361431346397	0.357028521067305
16.964600329384865	-0.104932410873755
17.435839227423333	-0.544417907272557
17.907078125461801	-0.872185296366961
18.378317023500269	-1.032875375103614
18.849555921538737	-1.004840212707719
