0.000000000000000	1.000000000000000
0.209439510239320	0.978225882007263
0.418879020478639	0.914741386075989
0.628318530717959	0.814574730617433
0.837758040957278	0.684731631182831
1.047197551196598	0.532777341900945
1.256637061435917	0.365723490300629
1.466076571675237	0.189481031914984
1.675516081914556	0.008876408555164
1.884955592153876	-0.171925638884493
2.094395102393196	-0.348792958388247
2.303834612632515	-0.516987390640921
2.513274122871834	-0.670712854090151
2.722713633111154	-0.803051121840071
2.932153143350473	-0.906450139937806
3.141592653589793	-0.973788559376360
3.351032163829112	-0.999783364731580
3.560471674068431	-0.982249630229740
3.769911184307751	-0.922670277305962
3.979350694547070	-0.825806378594666
4.188790204786390	-0.698533786604099
4.398229715025709	-0.548419956597965
4.607669225265029	-0.382564658569633
4.817108735504349	-0.206994044050086
5.026548245743669	-0.026627105783350
5.235987755982989	0.154332600202704
5.445427266222309	0.331779223761567
5.654866776461628	0.501058412854796
5.864306286700948	0.656488239205282
6.073745796940268	0.791248552526188
6.283185307179588	0.897810877338082
6.492624817418908	0.968952078290665
6.702064327658228	0.999146789394701
6.911503837897548	0.985867182608294
7.120943348136867	0.930238835583801
7.330382858376187	0.836744137850379
7.539822368615507	0.712115027309468
7.749261878854827	0.563909820686396
7.958701389094147	0.399310603786917
8.168140899333466	0.224458506642541
8.377580409572785	0.044368967704218
8.587019919812104	-0.136709578447678
8.796459430051423	-0.314691236091387
9.005898940290741	-0.485000692064953
9.215338450530060	-0.642068939354545
9.424777960769379	-0.779177949179931
9.634217471008698	-0.888832680923732
9.843656981248017	-0.963721957322461
10.053096491487336	-0.998091029756115
10.262536001726655	-0.989075786303691
10.471975511965974	-0.937441567572408
10.681415022205293	-0.847381102221123
10.890854532444612	-0.725468357544686
11.100294042683931	-0.579240739059855
11.309733552923250	-0.415956242915262
11.519173063162569	-0.241870262142263
11.728612573401888	-0.062098256669465
11.938052083641207	0.119060526356286
12.147491593880526	0.297533747219713
12.356931104119845	0.468820125352085
12.566370614359164	0.627461911794187
12.775810124598483	0.766846673287128
12.985249634837801	0.879522125922267
13.194689145077120	0.958102577684457
13.404128655316439	0.996617191629284
13.613568165555758	0.991873012703995
13.823007675795077	0.944273197147061
14.032447186034396	0.857710444878656
14.241886696273715	0.738586745747834
14.451326206513034	0.594406418597006
14.660765716752353	0.432496388253866
14.870205226991672	0.259225083285139
15.079644737230991	0.079811223202958
15.289084247470310	-0.101389345631648
15.498523757709629	-0.280311407771684
15.707963267948948	-0.452522490118058
15.917402778188267	-0.612674025675112
16.126842288427586	-0.754262088287117
16.336281798666906	-0.869885923338215
16.545721308906227	-0.952098590382142
16.755160819145548	-0.994726727851886
16.964600329384869	-0.994256763892846
17.174039839624189	-0.950728678024537
17.383479349863510	-0.867725431495029
17.592918860102831	-0.751463133758071
17.802358370342152	-0.609400471736632
18.011797880581472	-0.448925746039413
18.221237390820793	-0.276518668413806
18.430676901060114	-0.097504099850730
18.640116411299434	0.083699892857868
18.849555921538755	0.263028771052318
