0.000000000000000	1.000000000000000
0.099208189060730	0.995086917192043
0.198416378121461	0.980443532287575
0.297624567182191	0.956351373524384
0.396832756242921	0.923260322496974
0.496040945303652	0.881761973100811
0.595249134364382	0.832556622035980
0.694457323425112	0.776417294973616
0.793665512485842	0.714154166727892
0.892873701546573	0.646582264541725
0.992081890607303	0.574494599206556
1.091290079668034	0.498642017477692
1.190498268728764	0.419720258248284
1.289706457789494	0.338364024914234
1.388914646850225	0.255147404377720
1.488122835910955	0.170589669616967
1.587331024971685	0.085165366023560
1.686539214032416	-0.000682445942006
1.785747403093146	-0.086526888046241
1.884955592153877	-0.171940951150948
1.984163781214607	-0.256481190128815
2.083371970275337	-0.339672445571812
2.182580159336067	-0.420994642596202
2.281788348396797	-0.499872763730495
2.380996537457527	-0.575671123483472
2.480204726518258	-0.647693043206081
2.579412915578988	-0.715186885993308
2.678621104639718	-0.777359115041604
2.777829293700448	-0.833394553795250
2.877037482761178	-0.882483353438354
2.976245671821908	-0.923853360723656
3.075453860882639	-0.956805728320766
3.174662049943369	-0.980750868528617
3.273870239004099	-0.995241387647957
3.373078428064829	-0.999998600170741
3.472286617125559	-0.994929689377339
3.571494806186289	-0.980133530650171
3.670702995247019	-0.955894489909724
3.769911184307750	-0.922664929178432
3.869119373368480	-0.881038439457889
3.968327562429210	-0.831716757024290
4.067535751489940	-0.775473770370140
4.166743940550671	-0.713119971660386
4.265952129611401	-0.645470231691353
4.365160318672132	-0.573317029949088
4.464368507732862	-0.497410419694334
4.563576696793593	-0.418445198597080
4.662784885854323	-0.337055088170902
4.761993074915054	-0.253813246369744
4.861201263975785	-0.169238146991040
4.960409453036515	-0.083803724930896
5.059617642097246	0.002047339994544
5.158825831157976	0.087888296210620
5.258034020218707	0.173291999470657
5.357242209279438	0.257814616080142
5.456450398340168	0.340980369282746
5.555658587400899	0.422268379799024
5.654866776461629	0.501102698216897
5.754074965522360	0.576846656964241
5.853283154583091	0.648802639265418
5.952491343643821	0.716218221462889
6.051699532704552	0.778299345936457
6.150907721765282	0.834230693673268
6.250115910826013	0.883202750031024
6.349324099886744	0.924444243129273
6.448532288947474	0.957257783982087
6.547740478008205	0.981055799239560
6.646948667068935	0.995393389579489
6.746156856129666	0.999994716294106
6.845365045190396	0.994769994198236
6.944573234251127	0.979821125550251
7.043781423311858	0.955435309646795
7.142989612372588	0.922067382252355
7.242197801433319	0.880312923159275
7.341405990494049	0.830875099141840
7.440614179554780	0.774528652527713
7.539822368615511	0.712084384672225
7.639030557676241	0.644357003134440
7.738238746736972	0.572138451001334
7.837446935797702	0.496177984764004
7.936655124858433	0.417169459365160
8.035863313919164	0.335745614534070
8.135071502979894	0.252478680734391
8.234279692040625	0.167886335124643
8.333487881101355	0.082441905448703
8.432696070162086	-0.003412305251559
8.531904259222816	-0.089249667926473
8.631112448283547	-0.174642899079144
8.730320637344278	-0.259147772555157
8.829528826405008	-0.342287890872477
8.928737015465739	-0.423541567773451
9.027945204526469	-0.502331920406922
9.127153393587200	-0.578021298988857
9.226361582647931	-0.649911150103323
9.325569771708661	-0.717248266619555
9.424777960769392	-0.779238075225871
9.523986149830122	-0.835065121304549
9.623194338890853	-0.883920232639062
9.722402527951584	-0.925033027821350
9.821610717012314	-0.957707585430273
9.920818906073045	-0.981358354941969
10.020027095133775	-0.995542938268185
10.119235284194506	-0.999988347985573
10.218443473255236	-0.994607832042329
10.317651662315967	-0.979506318105819
10.416859851376698	-0.954973834499268
10.516068040437428	-0.921467684010358
10.615276229498159	-0.879585426886875
10.714484418558889	-0.830031651317155
10.813692607619620	-0.773581944484648
10.912900796680351	-0.711047408791862
11.012108985741081	-0.643242581794187
11.111317174801812	-0.570958865113744
11.210525363862542	-0.494944715225450
11.309733552923273	-0.415893042867496
11.408941741984004	-0.334435606106507
11.508149931044734	-0.251143709393394
11.607358120105465	-0.166534235804843
11.706566309166195	-0.081079909286609
11.805774498226926	0.004777340016993
11.904982687287657	0.090611001444880
12.004190876348387	0.175993648109683
12.103399065409118	0.260480657510042
12.202607254469848	0.343595008070849
12.301815443530579	0.424814203988430
12.401023632591309	0.503560427493456
12.500231821652040	0.579195046482852
12.599440010712771	0.651018572414230
12.698648199773501	0.718277017992559
12.797856388834232	0.780175299369282
12.897064577894962	0.835897833200204
12.996272766955693	0.884635797966031
13.095480956016424	0.925619711845700
13.194689145077154	0.958155130199240
13.293897334137885	0.981658533785604
13.393105523198615	0.995690032575822
13.492313712259346	0.999979494872952
13.591521901320077	0.994443203309374
13.690730090380807	0.979189109446130
13.789938279441538	0.954510066240520
13.889146468502268	0.920865836751779
13.988354657562999	0.878855953328104
14.087562846623729	0.829186416482047
14.186771035684460	0.772633649280496
14.285979224745191	0.710009047047270
14.385187413805921	0.642126970591993
14.484395602866652	0.569778275034095
14.583603791927382	0.493710613614320
14.682811980988113	0.414615951415928
14.782020170048844	0.333125064988166
14.881228359109574	0.249808334266264
14.980436548170305	0.165181850817302
15.079644737231035	0.079717738153801
15.178852926291766	-0.006142442594189
15.278061115352497	-0.091972295015264
15.377269304413227	-0.177344244692880
15.476477493473958	-0.261813268897408
15.575685682534688	-0.344901718603429
15.674893871595419	-0.426086285908180
15.774102060656150	-0.504788216664553
15.873310249716880	-0.580367896367244
15.972518438777611	-0.652124902888833
16.071726627838341	-0.719304472108685
16.170934816899070	-0.781111014825391
16.270143005959799	-0.836728825872726
16.369351195020528	-0.885349442719256
16.468559384081257	-0.926204292254341
16.567767573141985	-0.958600415831401
16.666975762202714	-0.981956333930629
16.766183951263443	-0.995834671375907
16.865392140324172	-0.999968156596388
16.964600329384901	-0.994276108411284
17.063808518445629	-0.978869500711670
17.163016707506358	-0.954044006653610
17.262224896567087	-0.920261842783647
17.361433085627816	-0.878124505175854
17.460641274688545	-0.828339397571581
17.559849463749273	-0.771683769956026
17.659057652810002	-0.708969302465914
17.758265841870731	-0.641010172447444
17.857474030931460	-0.568596683507485
17.956682219992189	-0.492475682463153
18.055890409052918	-0.413338187319163
18.155098598113646	-0.331813993276193
18.254306787174375	-0.248472557270309
18.353514976235104	-0.163829181946290
18.452723165295833	-0.078355393759031
18.551931354356562	0.007507611285878
18.651139543417290	0.093333546885374
18.750347732478019	0.178694686956652
18.849555921538748	0.263145604666282
