0.000000000000000	1.000000000000000
0.188495559215388	0.982338843902530
0.376991118430775	0.930571587369521
0.565486677646163	0.848082614271674
0.753982236861550	0.739742769132772
0.942477796076938	0.611056832953708
1.130973355292326	0.467408141897992
1.319468914507713	0.313574822185670
1.507964473723101	0.153566304988166
1.696460032938488	-0.009265697568768
1.884955592153876	-0.171931105081848
2.073451151369264	-0.331417297195427
2.261946710584651	-0.484310184687196
2.450442269800039	-0.626514220573032
2.638937829015426	-0.753168502157063
2.827433388230813	-0.858845629003817
3.015928947446201	-0.938070997564062
3.204424506661588	-0.986100319552009
3.392920065876976	-0.999767158277533
3.581415625092363	-0.978128540202685
3.769911184307750	-0.922668807037128
3.958406743523138	-0.836981093182570
4.146902302738526	-0.726051406610058
4.335397861953913	-0.595404706870099
4.523893421169300	-0.450373950598090
4.712388980384688	-0.295652437160794
4.900884539600075	-0.135165033047087
5.089380098815463	0.027794979682233
5.277875658030850	0.190254990476875
5.466371217246238	0.349174848931120
5.654866776461625	0.501074382451961
5.843362335677012	0.641770767997319
6.031857894892400	0.766322863162323
6.220353454107787	0.869265970974487
6.408849013323175	0.945165887169922
6.597344572538562	0.989416082737258
6.785840131753949	0.999076618417757
6.974335690969337	0.973479665212012
7.162831250184724	0.914374226321698
7.351326809400112	0.825552681427035
7.539822368615499	0.712104914883961
7.728317927830886	0.579566474511075
7.916813487046274	0.433214133870814
8.105309046261661	0.277654764432599
8.293804605477050	0.116730527616922
8.482300164692438	-0.046319617938658
8.670795723907826	-0.208535431513267
8.859291283123214	-0.366844330310066
9.047786842338603	-0.517696563188476
9.236282401553991	-0.656821212757259
9.424777960769379	-0.779199879288546
9.613273519984768	-0.879337786518684
9.801769079200156	-0.951851631188857
9.990264638415544	-0.992283780757260
10.178760197630933	-0.997928878997401
10.367255756846321	-0.968396196121524
10.555751316061709	-0.905694436814936
10.744246875277097	-0.813805324524403
10.932742434492486	-0.697911366028189
11.121237993707874	-0.563549462950245
11.309733552923262	-0.415934885325253
11.498229112138651	-0.259586920032637
11.686724671354039	-0.098267202826719
11.875220230569427	0.064835349091822
12.063715789784816	0.226767726999956
12.252211349000204	0.384420110027160
12.440706908215592	0.534169912404756
12.629202467430980	0.671657685920425
12.817698026646369	0.791791235516059
13.006193585861757	0.889053376790155
13.194689145077145	0.958122446291869
13.383184704292534	0.994700691957344
13.571680263507922	0.996324855878198
13.760175822723310	0.962882462833779
13.948671381938698	0.896636252306447
14.137166941154087	0.801747041978907
14.325662500369475	0.683478785089520
14.514158059584863	0.547360883125027
14.702653618800252	0.398542267972091
14.891149178015640	0.241453918351540
15.079644737231028	0.079779427372479
15.268140296446417	-0.083337887911907
15.456635855661805	-0.244947090310783
15.645131414877193	-0.401896427547071
15.833626974092581	-0.550487478977418
16.022122533307968	-0.686272225652020
16.210618092523355	-0.804088623827137
16.399113651738741	-0.898405191855086
16.587609210954128	-0.963972844848906
16.776104770169514	-0.996664492091573
16.964600329384901	-0.994265879498236
17.153095888600287	-0.956943135792005
17.341591447815674	-0.887206691968305
17.530087007031060	-0.789385911521430
17.718582566246447	-0.668815139382085
17.907078125461833	-0.531007825522698
18.095573684677220	-0.381042215562923
18.284069243892606	-0.223260677422528
18.472564803107993	-0.061271531880343
18.661060362323379	0.101822919487781
18.849555921538766	0.263068643081419
