0.000000000000000	1.000000000000000
0.471238898038469	0.892830298564550
0.942477796076938	0.611057999822346
1.413716694115407	0.234283638968611
1.884955592153876	-0.171577964956831
2.356194490192345	-0.556524079117687
2.827433388230814	-0.858296731323098
3.298672286269283	-0.996945596598658
3.769911184307752	-0.922551245107407
4.241150082346221	-0.663077949514360
4.712388980384690	-0.296234729779141
5.183627878423159	0.108384828931789
5.654866776461628	0.499966931882436
6.126105674500097	0.819702106991657
6.597344572538566	0.988548205070827
7.068583470577035	0.947572742902322
7.539822368615503	0.712355353445520
8.011061266653972	0.357119587041849
8.482300164692440	-0.045096938237985
8.953539062730908	-0.441914360852830
9.424777960769376	-0.777561937168126
9.896016858807844	-0.974941775172176
10.367255756846312	-0.967690374770966
10.838494654884780	-0.758591364471273
11.309733552923248	-0.416729015836299
11.780972450961716	-0.018111147901069
12.252211349000184	0.382636749059595
12.723450247038652	0.732232746746525
13.194689145077120	0.956311317495504
13.665928043115589	0.982743505071563
14.137166941154057	0.801486002646409
14.608405839192525	0.474840564559795
15.079644737230993	0.081069907261133
15.550883635269461	-0.322382190958741
16.022122533307929	-0.684066553073429
16.493361431346397	-0.932886769331273
16.964600329384865	-0.992620505589153
17.435839227423333	-0.840743944348925
17.907078125461801	-0.531217888802225
18.378317023500269	-0.143611252711579
18.849555921538737	0.261377927208839
