0.000000000000000	1.000000000000000
0.117809724509617	0.993076422702289
0.235619449019234	0.972495509247741
0.353429173528852	0.938809921038734
0.471238898038469	0.892887983215286
0.589048622548086	0.835843421431545
0.706858347057703	0.768952593158680
0.824668071567321	0.693570442752675
0.942477796076938	0.611054999187837
1.060287520586555	0.522707431991188
1.178097245096172	0.429731383320206
1.295906969605790	0.333212274048078
1.413716694115407	0.234115005235181
1.531526418625024	0.133297078666057
1.649336143134641	0.031533526176499
1.767145867644259	-0.070450078823476
1.884955592153876	-0.171940123263005
2.002765316663493	-0.272196409364307
2.120575041173110	-0.370415956555058
2.238384765682727	-0.465702641684372
2.356194490192344	-0.557046336573056
2.474004214701961	-0.643315268482454
2.591813939211578	-0.723265047710311
2.709623663721195	-0.795566905536726
2.827433388230812	-0.858855955016651
2.945243112740429	-0.911797693775272
3.063052837250046	-0.953167768278782
3.180862561759663	-0.981936806566815
3.298672286269280	-0.997349751109234
3.416482010778897	-0.998988454854101
3.534291735288514	-0.986807893006866
3.652101459798131	-0.961140126721147
3.769911184307748	-0.922665364930762
3.887720908817365	-0.872354843537438
4.005530633326982	-0.811394455396820
4.123340357836599	-0.741100205381497
4.241150082346216	-0.662836399329757
4.358959806855833	-0.577945431393433
4.476769531365450	-0.487694937314000
4.594579255875067	-0.393244812839803
4.712388980384684	-0.295633824159661
4.830198704894301	-0.195783596371076
4.948008429403918	-0.094516683249142
5.065818153913535	0.007414982358968
5.183627878423152	0.109294949612772
5.301437602932769	0.210403951738667
5.419247327442386	0.309981854098111
5.537057051952003	0.407193264149034
5.654866776461621	0.501100357668835
5.772676500971238	0.590646629745255
5.890486225480855	0.674655244705228
6.008295949990472	0.751845172220379
6.126105674500089	0.820867096945253
6.243915399009706	0.880359019260375
6.361725123519323	0.929018591257963
6.479534848028940	0.965685940122238
6.597344572538557	0.989427730085919
6.715154297048174	0.999611397306294
6.832964021557791	0.995958648835041
6.950773746067408	0.978569790889918
7.068583470577025	0.947914905067861
7.186393195086642	0.904793326676261
7.304202919596259	0.850267952880381
7.422012644105876	0.785584404936110
7.539822368615493	0.712086317117657
7.657632093125110	0.631137062618426
7.775441817634727	0.544055672655247
7.893251542144344	0.452071445767170
8.011061266653961	0.356298603724507
8.128870991163579	0.257729874439994
8.246680715673197	0.157246279766908
8.364490440182815	0.055639610842977
8.482300164692433	-0.046356140100327
8.600109889202050	-0.148028027348008
8.717919613711668	-0.248645548678750
8.835729338221286	-0.347423582986783
8.953539062730904	-0.443490326098575
9.071348787240522	-0.535863845439515
9.189158511750140	-0.623440984725543
9.306968236259758	-0.705002175476648
9.424777960769376	-0.779234980659288
9.542587685278994	-0.844777672804043
9.660397409788612	-0.900281748673002
9.778207134298230	-0.944489185010576
9.896016858807847	-0.976316960505210
10.013826583317465	-0.994938712921645
10.131636307827083	-0.999852260884656
10.249446032336701	-0.990922754795513
10.367255756846319	-0.968394530548936
10.485065481355937	-0.932869714145948
10.602875205865555	-0.885257085130576
10.720684930375173	-0.826699299168433
10.838494654884791	-0.758489249379563
10.956304379394409	-0.681986708841551
11.074114103904027	-0.598544731211841
11.191923828413644	-0.509452355450437
11.309733552923262	-0.415896861500569
11.427543277432880	-0.318945891072217
11.545353001942498	-0.219547597683792
11.663162726452116	-0.118545715026871
11.780972450961734	-0.016705890899673
11.898782175471352	0.085250430152943
12.016591899980970	0.186608145719395
12.134401624490588	0.286620080087776
12.252211349000206	0.384471414263428
12.370021073509823	0.479250475835234
12.487830798019441	0.569929568859936
12.605640522529059	0.655359556542563
12.723450247038677	0.734281554585769
12.841259971548295	0.805358081689377
12.959069696057913	0.867224153836178
13.076879420567531	0.918556103664066
13.194689145077149	0.958152660112437
13.312498869586767	0.985019676186876
13.430308594096385	0.998447715091049
13.548118318606003	0.998071342334192
13.665928043115620	0.983900900867556
13.783737767625238	0.956321600416857
13.901547492134856	0.916060071236485
14.019357216644474	0.864123814125211
14.137166941154092	0.801722933702973
14.254976665663710	0.730185344687843
14.372786390173328	0.650876162658295
14.490596114682946	0.565129737134121
14.608405839192564	0.474199610942669
14.726215563702182	0.379228459516073
14.844025288211800	0.281237399576401
14.961835012721417	0.181132245112977
15.079644737231035	0.079723318930902
15.197454461740653	-0.022244898698979
15.315264186250271	-0.124057956837301
15.433073910759889	-0.224992961736831
15.550883635269507	-0.324280842975752
15.668693359779125	-0.421072787485681
15.786503084288743	-0.514414421195641
15.904312808798361	-0.603231459330814
16.022122533307979	-0.686330463464242
16.139932257817595	-0.762417767818881
16.257741982327211	-0.830138316768311
16.375551706836827	-0.888133957988909
16.493361431346443	-0.935117769295155
16.611171155856059	-0.969957696768440
16.728980880365675	-0.991759896226880
16.846790604875292	-0.999940598031867
16.964600329384908	-0.994275802086224
17.082410053894524	-0.974920909970233
17.200219778404140	-0.942397072166458
17.318029502913756	-0.897546497126694
17.435839227423372	-0.841463879464238
17.553648951932988	-0.775414299538999
17.671458676442604	-0.700748854920466
17.789268400952221	-0.618828041796681
17.907078125461837	-0.530960190964772
18.024887849971453	-0.438358974852525
18.142697574481069	-0.342120932198431
18.260507298990685	-0.243221602616147
18.378317023500301	-0.142527387376123
18.496126748009917	-0.040819558299716
18.613936472519534	0.061173315342742
18.731746197029150	0.162738133313494
18.849555921538766	0.263138674836199
