0.000000000000000	1.000000000000000
0.269279370307697	0.964173482037284
0.538558740615393	0.861572344920975
0.807838110923090	0.704810228419964
1.077117481230786	0.509692609022762
1.346396851538483	0.291026150967737
1.615676221846179	0.060693708942065
1.884955592153876	-0.171898773408474
2.154234962461572	-0.397932122005811
2.423514332769269	-0.606986887915866
2.692793703076966	-0.785703659513818
2.962073073384662	-0.918395972011644
3.231352443692359	-0.990178254731646
3.500631814000055	-0.991672774963379
3.769911184307752	-0.922673940316370
4.039190554615448	-0.792234102902964
4.308469924923145	-0.615107511476800
4.577749295230841	-0.407026271670083
4.847028665538538	-0.181475151435409
5.116308035846235	0.051021218170644
5.385587406153931	0.281618631756607
5.654866776461628	0.500978632900515
5.924146146769324	0.697343570508640
6.193425517077021	0.856008317700248
6.462704887384717	0.961138454376959
6.731984257692414	0.999891731635699
7.001263628000110	0.967010184883474
7.270542998307807	0.866974317375159
7.539822368615503	0.712158002051368
7.809101738923200	0.518328035189650
8.078381109230897	0.300388376483484
8.347660479538593	0.070348186022437
8.616939849846290	-0.162314982113492
8.886219220153986	-0.388802404988712
9.155498590461683	-0.598797124047278
9.424777960769379	-0.779066409770081
9.694057331077076	-0.913975819628954
9.963336701384772	-0.988518039255499
10.232616071692469	-0.992997487697328
10.501895442000166	-0.926797636059949
10.771174812307862	-0.798638185045776
11.040454182615559	-0.623132388734128
11.309733552923255	-0.416051419431032
11.579012923230952	-0.191003887894589
11.848292293538648	0.041378006826736
12.117571663846345	0.272220921604692
12.386851034154041	0.492250182533522
12.656130404461738	0.689832095308400
12.925409774769435	0.850366044092770
13.194689145077131	0.957995984687119
13.463968515384828	0.999659631223388
13.733247885692524	0.969717661889075
14.002527256000221	0.872257362961194
14.271806626307917	0.719405755635652
14.541085996615614	0.526883522091908
14.810365366923310	0.309687955245899
15.079644737231007	0.079954683837376
15.348924107538704	-0.152764133761196
15.618203477846400	-0.379686213864309
15.887482848154097	-0.590594048065536
16.156762218461793	-0.772381748807036
16.426041588769490	-0.909471905296228
16.695320959077186	-0.986744392429142
16.964600329384883	-0.994194097022256
17.233879699692579	-0.930795928772804
17.503159070000276	-0.804932204367284
17.772438440307972	-0.631067314997054
18.041717810615669	-0.425005479979922
18.310997180923366	-0.200477256067861
18.580276551231062	0.031775865345787
18.849555921538759	0.262847704933177
