0.000000000000000	0.000000000000000
0.376991118430775	0.368114097084613
0.753982236861550	0.686162082247324
1.130973355292325	0.915577090696370
1.507964473723101	1.033424991775745
1.884955592153876	1.029982400997046
2.261946710584651	0.905512366589955
2.638937829015426	0.670379034156039
3.015928947446202	0.348373901639981
3.392920065876977	-0.021091887884714
3.769911184307752	-0.387617012890617
4.146902302738527	-0.701541371775236
4.523893421169302	-0.925147377669759
4.900884539600077	-1.036340345355806
5.277875658030852	-1.026021539874041
5.654866776461627	-0.894978356021492
6.031857894892402	-0.654224601795286
6.408849013323176	-0.328410408722309
6.785840131753951	0.042235058183253
7.162831250184726	0.407007250684815
7.539822368615501	0.716676533228329
7.916813487046276	0.934387971384478
8.293804605477051	1.038878700464343
8.670795723907826	1.021665743534782
9.047786842338601	0.884063789550324
9.424777960769376	0.637750406701556
9.801769079200151	0.308244735945105
10.178760197630925	-0.063419879805125
10.555751316061700	-0.426275186665642
10.932742434492475	-0.731559723216531
11.309733552923250	-0.943293082161510
11.686724671354025	-1.041035926750044
12.063715789784800	-1.016912523119176
12.440706908215574	-0.872768594302047
12.817698026646349	-0.620959945290134
13.194689145077124	-0.287884274399214
13.571680263507899	0.084636565790905
13.948671381938674	0.445411187205702
14.325662500369448	0.746183164638128
14.702653618800223	0.951856993446375
15.079644737230998	1.042807965550608
15.456635855661773	1.011759499270371
15.833626974092548	0.861092890922694
16.210618092523323	0.603856989828614
16.587609210954099	0.267336685165353
16.964600329384876	-0.105875181267358
17.341591447815652	-0.464405616454783
17.718582566246429	-0.760539149953711
18.095573684677206	-0.960074062660965
18.472564803107982	-1.044190831805414
18.849555921538759	-1.006204407222089
