0.059529947856051
0.000793628377422
0.014856155454412
0.013360038926153
0.000958510363135
0.005144897561966
0.008365061887328
0.019902548445374
0.008266289161327
0.011282887958160
0.011088685806088
0.018628228240036
0.012874300841993
0.008333724573852
0.013683785481969
0.007693653171833
0.019940901909818
0.009775774996336
0.020827105582070
0.000893770774720
0.004486714246974
0.006592649486737
0.001667716840601
0.004071429325378
0.021219763936347
0.004225968766503
0.007271040383934
0.000530665665874
0.003838974945355
0.001162526597365
0.005158282907762
0.015856208405351
0.001113622378083
0.001213063388447
0.005944445025335
0.008117824623467
0.000300022705197
0.000119326675805
0.003093741325039
0.002847681895499
0.002640347414217
0.004083167265387
0.005196818997740
0.001654250689932
0.001200299388038
0.009712402883640
0.004561906146992
0.010212562840400
0.009577707418612
0.003806261874827
0.007092472705013
0.002055940516161
0.002938966225738
0.007783497172307
0.003305480883736
0.008504968213819
0.006266261095689
0.004589086304482
0.004581622501148
0.002183431328862
0.004476460337369
0.001216474233619
0.001263120923905
0.001263443636269
0.005588751826547
0.004094005470585
0.001536338947545
0.005918851325188
0.002008576500492
0.000303941667763
0.002241172074346
0.001055200888770
0.003622953332599
0.008368072325072
0.004131795202650
0.004757790878070
0.008070361913265
0.007987134596605
0.001888552107647
0.001280332515750
0.004885542743668
0.006485340946417
0.006886476065482
0.004787573509413
0.004271935227417
0.000053038248978
0.003184519690076
0.004808289097459
0.006266935922814
0.001256997748953
0.004200871049595
0.002768813212716
0.001069495470639
0.005679675135470
0.001050383944053
0.003807236042498
0.003780326739282
0.004467752506286
0.006348417835110
0.001569678166900
0.001964490613522
0.000391571284072
0.003013339403750
0.003962310916065
0.002012712861696
0.000345914708977
0.004355485476807
0.002026292240478
0.001984946273164
0.001017630566222
0.000714631230008
0.006224856732827
0.006900233421907
0.001560723833092
0.002070464528680
0.003453852953285
0.003516872590915
0.004754670919333
0.000834438656855
0.004583485477082
0.001528635948773
0.002968684791536
0.006434890751945
0.002794594040008
0.002849906768647
0.000323071598120
0.004893153724315
0.000912533974896
0.000774416505180
0.001159755584117
0.002453704276151
0.000733662279778
0.001473820706189
0.001081519674403
0.001382025520602
0.002076652808464
0.004803562991101
0.001473856159084
0.002041745798769
0.004995918775026
0.002628699525686
0.001067953294387
0.000455414971304
0.001020816030177
0.004831606176590
0.003141149754294
0.003412190274958
0.001917475524630
0.006214379028163
0.002830748037853
0.004046267216564
0.000463950049517
0.002847628055058
0.000387798079731
0.004648574156250
0.001418299189208
0.000673633275653
0.003502708026438
0.000154395319512
0.003482857342491
0.002070816705601
0.000219486230871
0.000176460831313
0.002207661584666
0.002596755461062
0.002096724119341
0.001871718999888
0.001127953078244
0.001429876060085
0.000778346547650
0.000211582718805
0.004408963510995
0.004928314046724
0.002517832490915
0.001336288637915
0.001220060022502
0.001579487353998
0.001080882390062
0.002292142970848
0.000088047869450
0.003204720054147
0.001148263926412
0.000682263139633
0.001058802049339
0.002510608388125
0.004661644374555
0.000708981494815
0.002710650375736
0.000923069390803
0.002802868064495
0.000260982739889
0.002803002646760
0.001002071824048
0.001123530526591
0.000066050258188
0.002586077256021
0.000446884656901
0.001581443149266
0.002932466842616
0.007376264439340
0.003591496263213
0.000305873706642
0.000308210504767
0.000332799528242
0.001705511049136
0.000428298182399
0.003027490577714
0.000210437903115
0.001958102917081
0.000493238590405
0.001779970700059
0.002821510556840
0.001445117003095
0.002991900146327
0.003251777863411
0.000958091585777
0.001113014073760
0.000529389420929
0.000611058458847
0.004722269417040
0.000262949052365
0.000493776524786
0.002717150697124
0.000818987468609
0.000181831095017
0.002072821479205
0.000827021683705
0.000230856340715
0.003356159626356
0.001156630471400
0.000441033268028
0.001375517095270
0.003294322719796
0.000732935661029
0.001199190938413
0.002071280112142
0.001807373789953
0.001152073334532
0.000881466039809
0.001302540127207
0.002749568882776
0.004172514120725
0.003657285199793
0.001450524594655
0.001332483603190
0.001217094876556
0.005723902151911
0.000043235597155
0.004321167720483
0.000323701714219
0.000203636324919
0.001116538647476
0.001046539601455
0.001209716113708
0.002907454699972
0.000087233788904
0.002545084180754
0.001735450905481
0.001751015160898
0.000898439362773
0.001483270700129
0.000182354612388
0.001806507752589
0.002955441652100
0.000731395646244
0.002711592506371
0.003173904944579
0.000473708247483
0.004088880132215
0.002091139599785
0.001716962031032
0.002677252199606
0.004376672198523
0.001043828414713
0.003810890233734
0.001777307289766
0.000226565658147
0.002693514680427
0.000789099283234
0.004318188000335
0.003759255782468
0.004263672283221
0.002190535749356
0.001933705967963
0.000839870476920
0.002120975359723
0.001296927236902
0.003319628961567
0.001606563002781
0.000445955369966
0.001015741261613
0.000036940531951
0.000821983551209
0.002377358863805
0.001554546199884
0.000743407484233
0.001757351405868
0.002052162609866
0.001038979210352
0.000846366566076
0.000368811940049
0.001246585757178
0.001648012948860
0.002129671266088
0.000650680201285
0.001830590932914
0.002365059178127
0.000894826458092
0.000535327832758
0.000030187843833
0.003812273448136
0.001944458954045
0.004141924006703
0.001015184495339
0.000038450036692
0.001878191207411
0.000434120101821
0.001909034313326
0.002611054737056
0.005980295915950
0.001952059281857
0.001182171875055
0.000257064084989
0.001842107498215
0.002423288068507
0.000009249964447
0.000998607880745
0.003858776525332
0.002176906619762
0.000203037096638
0.002843348754764
0.001112307067085
0.000099492685734
0.000770133338606
0.001448727937438
0.002140622755410
0.004821056177532
0.002308787515479
0.000465598212080
0.002273206662530
0.006180281872532
0.003948208999243
0.002730444970803
0.002218941477947
0.000594701320575
0.000427694744606
0.000232970701477
0.000870286786915
0.001981148904024
0.000232163988877
0.002056502955100
0.002364706290181
0.000013936722376
0.000902335300866
0.003678281390060
0.000298128186775
0.000119845168838
0.002713558246944
0.003238727353682
0.003132266470226
0.000961391475827
0.000278893831684
0.002425809403291
0.002822741835056
0.002496430917593
0.001979449753906
0.001902296763138
0.000509519276118
0.001207672616025
0.002415369032007
0.000670570648646
0.000665786959613
0.001948294934096
0.000568333958085
0.003190848137985
0.001813787321435
0.000139159871478
0.000267474100548
0.001121921684425
0.000115528125603
0.002190803532543
0.000714482075883
0.001386758110195
0.001529746691230
0.001829999597613
0.001405060492542
0.000296404825200
0.001251402065298
0.000191625022314
0.002914272563345
0.000321379590157
0.002317374110181
0.002505752827875
0.000328648146264
0.001142012661312
0.001444473669598
0.001880427922071
0.000806357945983
0.001895860666572
0.001123411277749
0.000966293823862
0.001822397931234
0.001740909360059
0.001630302967757
0.003321222128691
0.001126233799179
0.001082589224648
0.001427058000528
0.002658864101103
0.001747046441190
0.001564966877993
0.002630400492646
0.002486436534155
0.001781444261136
0.001923455507243
0.000392037598218
0.001286341455336
0.000680602180078
0.002907732150119
0.002051174340775
0.003931635929437
0.002407408075399
0.000974584689792
0.000937470022562
0.001001414117355
0.000453803206415
0.000770148242813
0.000844920061397
0.001014728594808
0.001182523325831
0.000239951287361
0.000619035049505
0.000389330579214
0.001899473601892
0.001610816895182
0.003262587472615
0.001160341600368
0.002995003407856
0.000727109403229
0.001584290870126
0.000162166640584
0.000031072619940
0.002024799448571
0.001676945071803
0.001610525943965
0.001729860358903
0.001972418611995
0.000928560039874
0.002328650068990
0.000776630965587
0.000300317186266
0.001330456095719
0.001661569036445
0.002038494477436
0.002621972923136
0.000317291329836
0.002581783763488
0.001520834812499
0.001138345976509
0.001068486254005
0.000713699393290
0.000915004863801
0.001278823984485
0.000748343461952
0.000238828012597
0.000458991968562
0.001292845720383
0.001371196174421
0.000138527612330
0.000236021195462
0.001946168005886
0.001430150239875
0.003326912453481
0.000425581014265
0.000260503619137
0.000471024600732
0.002077750736340
0.000509732851850
0.000132222083689
0.006409464033804
0.001167245540782
0.002629764958910
0.003356205664706
0.001004634916294
0.000039090390558
0.001619163931289
0.001424982471767
0.001294287142901
0.000867247525139
0.002017230208034
0.000360189031128
0.000990613089752
0.001420408424893
0.002276980518459
0.001924360352311
0.004026800554785
0.000035222078102
0.002459864844140
0.000566434536395
0.002508563442902
0.000433312607597
0.004035982862804
0.002921279595468
0.000593755803686
0.002214354778539
0.000343460407126
0.000065076940623
0.004857152922301
0.004281410819810
0.001462146082421
0.001814836311419
0.000987752559781
0.001977318303960
0.000578846918658
0.001521627165162
0.000535171844043
0.001250900899974
0.001485120372441
0.000174368009858
0.001971010527974
0.002674129593872
0.002926927799176
0.002563534548952
0.000026927007124
0.001029962253040
0.002780995197324
0.002417112894661
0.001994808565572
0.002235293459824
0.003468280629719
0.003176096348676
0.000836584827332
0.002031202763862
0.002015052112667
0.000087908632702
0.002552261693135
0.001198180525523
0.001100315157804
0.000484766411631
0.001123439591776
0.001295775119096
0.000288967174854
0.000898185313870
0.001479565533089
0.002147789302165
0.000169641992933
0.000822515928985
0.003296001808501
0.001297176744761
0.001769035294578
0.000144439245657
0.002447368549089
0.000354741910811
0.001597137903008
0.000394619351286
0.000292247655737
0.001242839675048
0.001466269818779
0.000180055570213
0.000469407116282
0.001476509384377
0.001290461446283
0.000097776938126
0.002000204492158
0.000160269417718
0.003173795970954
0.001811791361912
0.000566640822349
0.000314454637499
0.000207636473872
0.001327507445470
0.000685407158277
0.001515957623847
0.000650432621344
0.003119739013688
0.001538476332460
0.001804522406925
0.000352622280141
0.001888293982096
0.000248521813271
0.000486050352487
0.000249172702468
0.000695772405309
0.000176849844417
0.003131330738053
0.000298321454885
0.000739778009395
0.000491150756544
0.000349746697210
0.002097130433455
0.001303725676064
0.000124710068613
0.001021760343192
0.001065739489637
0.000203912969201
0.000881359060581
0.001339954601435
0.000942394506242
0.000665998639255
0.000285451821819
0.002244123788624
0.000925357617298
0.002102387312555
0.000435780785268
0.000733519475420
0.004232696085958
0.001302153361310
0.000947775212040
0.000881855026777
0.001220855668766
0.000376628207747
0.001522993422630
0.000563505913107
0.000190495637595
0.001355167955643
0.000898821785835
0.001237200626855
0.000439593026610
0.001302597673799
0.000724048719767
0.000268832604344
0.001663193570689
0.001340200608147
0.000146775169786
0.000587345577929
0.000292412217412
0.000921187508284
0.002914620262299
0.001608660270093
0.000234342359689
0.001140056109732
0.001707431821783
0.001302333008930
0.000986480221210
0.000626244587773
0.001127863231695
0.000986834105246
0.000101937657242
0.000613889812693
0.000542837080117
0.003373907050103
0.000809289438727
0.001482966615146
0.000240564688494
0.000055592915293
0.000007260723776
0.000789707267311
0.001470077575196
0.001398975073388
0.002191460710405
0.000732309125471
0.000812230307178
0.000666067969307
0.001309886185614
0.000006541133046
0.000105426568150
0.002729775965255
0.001347450910181
0.000323625109292
0.002303989619490
0.001414701332097
0.000377820619646
0.001342341864828
0.001851607180686
0.000744130119020
0.002198478665722
0.002006195363334
0.000940002866961
0.000367704963609
0.002877871894740
0.002113822364906
0.000074473498251
0.000487749341408
0.001574626115075
0.000291998905484
0.001326915171619
0.001290618820789
0.000227706740754
0.000080649622528
0.000881795184514
0.000588946551481
0.002114223691841
0.001344708986424
0.002385991140978
0.000312525288940
0.001030001365905
0.001004314774228
0.003396752399116
0.000331714496429
0.001223909575698
0.002655825925885
0.000011144065886
0.002201788049171
0.001445449573295
0.001553355514991
0.000719779061846
0.001811154631374
0.000244573714162
0.000489321130654
0.000483219498585
0.000807530109089
0.001350543054532
0.001890015511836
0.000155172474461
0.000030208679208
0.000421124328679
0.001824525350584
0.000466181897882
0.000517811060140
0.000936518219445
0.000914265058701
0.001971255923358
0.001328680778815
0.002767651327838
0.002762131872422
0.002035751198488
0.000434681615007
0.000026795607329
0.002867155542223
0.000371731319055
0.002885260480296
0.002145986616506
0.000490173119464
0.001307647901037
0.001254042375070
0.002086097667397
0.002252903485765
0.000560914388224
0.001393217312008
0.001195173949299
0.000267314182643
0.002231447739924
0.001068065740146
0.002515834118751
0.000842624527082
0.000663042426732
0.001619017176906
0.000799375061514
0.000015497308226
0.002662214219013
0.000156516936818
0.000869038160830
0.001875985371619
0.000938945648488
0.000759285359536
0.001060384529235
0.000607710313795
0.000784569994483
0.000326668225975
0.000624245752500
0.001130481353944
0.001894424954058
0.000641180025435
0.002185011478216
0.000785411578800
0.000328488932547
0.000133425383854
0.000548818816445
0.000806113722006
0.003230778144562
0.001053949726755
0.000574624427697
0.000104675300513
0.000066238148756
0.000723461310497
0.000422916281934
0.000404372693869
0.000317767495903
0.000655429739219
0.000227535255840
0.002222069845121
0.000580238118297
0.001925437784180
0.000671767834975
0.000715342718541
0.001007293723713
0.001977983902274
0.000971354799149
0.001101054918018
0.000638473659510
0.000241945452159
0.002275613794780
0.000435518560281
0.000942843539298
0.002102793712933
0.000416058817888
0.000739522066868
0.002285841097551
0.001263291640025
0.001456257860278
0.000674370635620
0.000427407128710
0.003573667589273
0.000234821402517
0.000743600446206
0.000758968306557
0.002263249590654
0.001233155691750
0.003513100632820
0.001665327314972
0.000452660590048
0.000253356499909
0.001523351365805
0.000124074849609
0.000349458920973
0.002264773775419
0.000126339494934
0.000309729261403
0.001044518777367
0.000968351945664
0.001938675138009
0.001121879320957
0.001650671031815
0.000841515837351
0.001985289603002
0.000465815683590
0.000107430911001
0.000030977426586
0.001317876601536
0.000553360176929
0.001959862900018
0.001694778570826
0.000099157064679
0.000420296323598
0.001459380570233
0.000660513289404
0.001642237006650
0.000537918988906
0.001932052838620
0.000834295492780
0.002242288873767
0.001116741362710
0.001254064200908
0.000530962944905
0.003029609842986
0.002051725143524
0.001722050843382
0.000696899327751
0.000017210781334
0.000513567315112
0.000454154481129
0.003824026111990
0.003399130480068
0.001694192032494
0.000805617622230
0.001350814896222
0.002038323352791
0.000265936865753
0.000641136704162
0.001073951852877
0.001456945096091
0.000130199651604
0.000762560482527
0.000123006325277
0.001192419482099
0.000567694111052
0.000869068936642
0.000251137025098
0.000032581611721
0.000581309054856
0.000020230546453
0.000472653932240
0.002693835262192
0.000277271181408
0.002897461926487
0.000136448202864
0.001800903169199
0.000002612809431
0.000179958189118
0.000596330232556
0.001678266413143
0.000759977711206
0.001780398500611
0.002034698535768
0.000177714103134
0.000069474554532
0.000703728838933
0.001008898749939
0.000805612583085
0.001349088596931
0.000091507958120
0.001761454100987
0.000073229729922
0.002142371660765
0.000224387159426
0.000532559748955
0.000416067614217
0.002350595982688
0.000621950259120
0.000311999553246
0.000076553542321
0.001654192356563
0.000273037674899
0.000016416357169
0.001346228622688
0.002348773228401
0.000435544978292
0.000606168551405
0.000198224410694
0.001963966983676
0.001824031610967
0.001844550650790
0.001903267561235
0.000489022575626
0.000137500637278
0.000662322950856
0.001230641415373
0.001178599883643
0.000846676008690
0.002451630109222
0.001012396098980
0.001940073774979
0.000793831536332
0.000626797809838
0.001375826112991
0.000539439321966
0.002021521001880
0.001148956618756
0.001497130158215
0.001147335142664
0.000655929872061
0.001726620056717
0.000460231891476
0.000284038179280
0.000195832866552
0.002210601013159
0.002023228768714
0.000754120463717
0.000856262623642
0.001288707249254
0.000372818372448
0.002536846763396
0.000206179360242
0.000544338072361
0.000072456218448
0.001663258926763
0.000700694229870
0.000065655553300
0.000121736491158
0.001234539121805
0.000199188767755
0.000603670415014
0.000381375762376
0.002575405299840
0.000378435828478
0.001761064696854
0.000156757002867
0.001233848102559
0.000001281735279
0.001746901871900
0.001195962958886
0.000053933333223
0.000225652102717
0.000259352653180
0.000917641075529
0.001007138296254
0.000595375300417
0.000220602094284
0.001910067970277
0.001014929748688
0.000128880780279
0.000356916772295
0.002825214970891
0.001008399731123
0.000729078413165
0.001560962975574
0.002571098339898
0.000139959947941
0.000631598123080
0.002815474998318
0.001381607093428
0.000909213996008
0.001176865963269
0.001802770360383
0.000342486465181
0.001110045389266
0.000940768713826
0.000096089514277
0.000227019587990
0.001585088980962
0.002267992253650
0.000616178839376
0.001282206508618
0.000436464335391
0.000875181021088
0.000413664341366
0.001090764260827
0.000205569285400
0.000389049112600
0.000580056459156
0.001002048529738
0.001377105069426
0.000076473939049
0.000973454734138
0.000030734195714
0.000321423472286
0.000816799283733
0.001401249631592
0.000252598901233
0.001374483629813
