0.042641182310913
0.114467903987137
0.053385525726777
0.029465518351973
0.032932051212224
0.010237751933625
0.073002296120947
0.022940151836619
0.056133288391202
0.007617765617248
0.037369606812406
0.043034712562574
0.012131058579113
0.034590957466078
0.073460589541853
0.047190956792465
0.023970615262955
0.018662777730593
0.017965104122664
0.014509482607383
0.020005348378740
0.057064704697436
0.024268188726452
0.042197712680088
0.032793054051337
0.020137358342127
0.014321969492614
0.015119847165333
0.016229632799193
0.021534918732796
0.006331608750459
0.024196371891657
0.012696972858269
0.034463998737179
0.022290131539367
0.012718409700939
0.002694507574976
0.011694241197368
0.028842837468102
0.012205248461510
0.019655150697747
0.005727477594643
0.025064985619923
0.025408863882292
0.021145659171993
0.001236536451988
0.009750239250462
0.000068989662940
0.029406440116147
0.039473759041286
0.024454476680845
0.000354344738239
0.003443031268498
0.013976506899438
0.003758097993466
0.008748241206374
0.011277351900280
0.013518748574368
0.016329130099565
0.033367009816863
0.030840889676921
0.009010589462982
0.027664793384578
0.047754404218181
0.008134183902298
0.001928134029949
0.005743174432476
0.000529123289145
0.012663598916850
0.006856900167847
0.005429424904098
0.030331405060574
0.008605652858750
0.024077746807968
0.017706869775578
0.002141805089234
0.009642254882738
0.025527915233502
0.012681613519916
0.004580672217068
0.007507501124577
0.008378014319484
0.002049564675972
0.011453670060299
0.009472224008872
0.012011746526658
0.005556250736202
0.001831318502673
0.006196088213494
0.024375134855170
0.034764301511577
0.004861313089406
0.022571369205015
0.004081586493917
0.003904416031640
0.013580750062209
0.001498220019339
0.003917401616106
0.005862596134745
0.009979174396431
0.015006195640077
0.012344486832398
0.005959319831728
0.005205557558168
0.001170557578895
0.006404360382254
0.008447058737388
0.011637409338411
0.003004165113999
0.008846678137371
0.002004311308879
0.014942595530920
0.011909946787370
0.001114231718887
0.017650479843914
0.004712081427426
0.013459450476711
0.007811273380640
0.017781043237257
0.017608555116989
0.014328441492049
0.006671331061300
0.016043711618546
0.005675719792891
0.014159854562701
0.008443710684634
0.015500220346552
0.001377480538183
0.015161013439080
0.008731125363085
0.022002633169087
0.019026115713165
0.007051075185811
0.007395969012457
0.003685201745080
0.004525739544443
0.014373536509741
0.014187484650617
0.001684679709439
0.022441881550542
0.011114802567118
0.004341110327828
0.005779686716513
0.007100666170651
0.014053990165050
0.008775295616321
0.004178250223406
0.001774143562588
0.006738809081881
0.008718761039245
0.014401530326662
0.005664154748296
0.014767355463937
0.007966441308130
0.004733205875951
0.011393689500452
0.007162997566843
0.009015391252342
0.003111567527415
0.002243858798007
0.000666998029267
0.000557418202902
0.003073668129093
0.003166207751134
0.000920084331887
0.006103787097989
0.002882419684456
0.016039846321909
0.005718769986099
0.004167430393186
0.006887492441224
0.014621988462229
0.001574441920120
0.004847272222350
0.010953374789058
0.008804414701432
0.002001556772787
0.001759271737868
0.014347442404338
0.004521712767804
0.010529652722581
0.012157292708638
0.024577354610844
0.011760508046674
0.017502719081984
0.016903922650763
0.001565868798265
0.022847646826549
0.014682358384463
0.000502674238640
0.013286144000094
0.008410352279558
0.004857048758817
0.013819147219854
0.011805940587868
0.015917713845234
0.007686054384842
0.002274581847382
0.001392780754426
0.013011371806616
0.004933340909561
0.015731292505922
0.004471277443277
0.002594874553368
0.009476059014275
0.017134850667328
0.008191110531068
0.019923031511209
0.001070853808947
0.010913585701502
0.001944226075167
0.006149849740762
0.002742692281379
0.010418198067217
0.011769118461466
0.003350325952212
0.013779369772791
0.010451341430641
0.015004046883812
0.009559097193382
0.003594970233946
0.000901925210546
0.004797406852723
0.004975906592384
0.010366576895052
0.008532912895766
0.003255845050515
0.001907272576453
0.002913379945642
0.001993782887455
0.006918905928202
0.002331187793787
0.009638007696142
0.011683517801852
0.002860936000887
0.001129263357487
0.001826953454887
0.000222767988697
0.013342908084013
0.012118310663683
0.000290025727062
0.003674815876306
0.022983774285209
0.009874207741997
0.002490063695828
0.010142713270042
0.008033724212187
0.002234280119162
0.005566161621553
0.004386561201623
0.010983877734956
0.005739511864277
0.004706219528486
0.007493144710760
0.003714484335017
0.006507454589296
0.001775257795840
0.001470773558289
0.005202814719058
0.008058452291977
0.005910271062217
0.003930431848750
0.003140568429660
0.000742977481486
0.011816274158267
0.003092534290404
0.013318639064863
0.002091188916490
0.006655471675723
0.008862366818820
0.008078036553319
0.003233280215670
0.002074098370719
0.013852249089023
0.001865945531281
0.001647014702484
0.000359031413950
0.009404993124458
0.005441084355759
0.006882698015544
0.008650251329998
0.001227182393668
0.000559215973276
0.006925682363298
0.002653572985971
0.000278396701618
0.009531260526824
0.004194500429465
0.013744859530806
0.013520400895217
0.007640484450322
0.002158390076590
0.004941325736478
0.004896553480935
0.002447926075307
0.016331027023612
0.011005300914837
0.011340877571058
0.011447159695909
0.009390352561495
0.003530358547104
0.003497531323924
0.005497156129937
0.007358871938168
0.002975960310063
0.016865327681462
0.005596697046537
0.000543661645237
0.008944974866295
0.001297387082713
0.003780879396747
0.001409466616961
0.004094808494014
0.019802861658633
0.006501118924168
0.003149883643700
0.004173797552223
0.012664878558390
0.010319671078963
0.008727637559938
0.006589374294877
0.002940113899196
0.004567609270304
0.003689914574225
0.004166911972851
0.005590996393907
0.002617278768345
0.005829280402033
0.018127911116827
0.008202621236876
0.003245226658755
0.009534675634736
0.001332072515753
0.003668446106784
0.003993809840031
0.007599822274905
0.015940519034764
0.000819900083480
0.005356502135333
0.006569726859654
0.000637922834396
0.003052746747259
0.005667415328825
0.012696246004643
0.010680194317680
0.016234936634861
0.005880396273499
0.000339297556500
0.003751628695602
0.013181992264700
0.000095739584535
0.011978840234119
0.003139800524692
0.002137013235521
0.004566057743663
0.004252570413712
0.001384761134692
0.009543244864837
0.003854704188825
0.002318878192375
0.009989127291848
0.003084849155252
0.009168127832228
0.002224557836290
0.004972626597458
0.000166491114458
0.004438058408204
0.010557840021690
0.004662360907842
0.005251965750215
0.003767289026019
0.015616756551974
0.015888255417641
0.011403145655581
0.010205452137925
0.014382649611315
0.009115750284665
0.002441779489221
0.009151486799098
0.002679741159886
0.004568156941046
0.006970681204038
0.010850936319314
0.015222698192459
0.001021485600464
0.010178844675907
0.000163001625963
0.010866738073606
0.003915867330934
0.009252727946493
0.006177639167608
0.000606601893046
0.000211631513514
0.014191043946873
0.003529051010437
0.012818656127979
0.003541157154958
0.004068322963672
0.011920544640407
0.003655008258015
0.006217957640596
0.007593226991546
0.000491681504629
0.007014933238731
0.002532926145409
0.005946698325399
0.006303251451001
0.004160819217027
0.000067747562589
0.003397538802005
0.004293473953908
0.004860407246379
0.003739283651291
0.000159225851737
0.001611419559711
0.002680200634210
0.001111000148164
0.003947183355671
0.006623490890133
0.001895025180072
0.006867427151767
0.004255257258784
0.010537419546368
0.003724523895549
0.005301597234271
0.004182154170866
0.006077927413626
0.001309353708623
0.010979460949442
0.000336695301487
0.001510821784527
0.004012627158698
0.004142554528060
0.004629834059854
0.005061624818615
0.007696019917859
0.001821960955013
0.003066230277718
0.003441659257078
0.006270652735388
0.000603550103415
0.001125381629510
0.009250393811050
0.002413635591373
0.001648891102061
0.000185839845072
0.002066370649560
0.002207300842946
0.004510391997922
0.002890132998368
0.007429710660827
0.010042087707804
0.005653390328606
0.001425795607286
0.003313271081443
0.004732467779218
0.010665019746330
0.002795688999460
0.006805077287967
0.002743461822580
0.005218468849550
0.000860395643814
0.006027167344568
0.005333830316471
0.002169383202169
0.000310371731993
0.004023521114392
0.001864953644286
0.004036771227157
0.000963446471344
0.009868286390582
0.006944001957850
0.001745278869498
0.004781593310691
0.000050913924772
0.012711814338510
0.014370113123200
0.003176667516755
0.002572483323747
0.005062044351263
0.000227571378416
0.000845054938881
0.007171832864049
0.005638489498921
0.002377342890956
0.003978881612269
0.000610199087995
0.006957901094346
0.006698519133635
0.003824119406320
0.005904494439295
0.000111992459409
0.008859884512133
0.006575343884364
0.000511162373800
0.004779037141613
0.008382686689169
0.010190261261660
0.002729566970093
0.001141961749750
0.003367221530000
0.001586925306254
0.007311975736913
0.004407858100945
0.011311130838711
0.007146685488893
0.008711176585769
0.008198508040819
0.000576365064417
0.003235884662846
0.001401746787107
0.005613656470803
0.003605150968821
0.003537927131571
0.008093812732703
0.001990654008096
0.010502084977253
0.008076801240600
0.000073763194639
0.001031082925862
0.004738189751065
0.007683651117026
0.000321698449872
0.006446038396451
0.003397515865982
0.000205091791428
0.007544580863632
0.003057457143909
0.002073093526497
0.000329865062216
0.004612764366080
0.000572348723814
0.000029543266499
0.011282158135480
0.005603030081851
0.005217147482730
0.002861485387949
0.005716740156164
0.002305966819223
0.001165672052150
0.001218653463762
0.011512458738601
0.001516250080323
0.004928015285869
0.001894475467167
0.002079294991425
0.011943011329843
0.001592094455328
0.004065623732941
0.013049394400578
0.008252134267772
0.007716991032692
0.003408661592097
0.005558178375052
0.005723143519196
0.000627488270209
0.003447453301453
0.008606921570897
0.002675080721584
0.003016556107574
0.006652807080551
0.005597739725085
0.009145783255002
0.000711265425661
0.005775634971168
0.002183894733060
0.001115663957978
0.006159099401700
0.006724416050239
0.005124182741907
0.006485170238642
0.008609037532489
0.011492170073383
0.000922458809200
0.002974804812116
0.006158045573217
0.001061654462129
0.008308748652278
0.003694374974070
0.009597092288687
0.006715934717979
0.003957018363455
0.000442622146259
0.005209501185206
0.002522495671196
0.004175993489226
0.007112585502648
0.003653639458783
0.002824630884616
0.009355658826393
0.005748153402681
0.002096212206799
0.000350314552239
0.013077513068437
0.001527823243160
0.005563512857136
0.000270913163232
0.003067333366787
0.003985640673401
0.003727848004262
0.008072093187098
0.005953453248468
0.004216965835054
0.006230882494114
0.002534371863850
0.001155277802909
0.001836361271022
0.005115957143577
0.008600251015847
0.000039169864155
0.000301662069136
0.004102945006916
0.005280533066406
0.003265748877208
0.009351217034346
0.003842832847976
0.008398337207123
0.009768259787384
0.005588596393807
0.000769456610619
0.001740625420242
0.004301807257339
0.012741425854318
0.002142152717016
0.007338418448316
0.000212941492251
0.002208779388873
0.007337631123341
0.004383274386110
0.007321293484582
0.004463800215919
0.013337066228467
0.000730448015624
0.001690094589068
0.006609257112435
0.002416780452322
0.014611549632911
0.002164355822446
0.002420813777285
0.001679156345714
0.001206846268493
0.010308615435157
0.002715024920686
0.001006740306611
0.005632547940188
0.000539872886181
0.009380549567202
0.004514612706987
0.002564845350316
0.001911865797402
0.009797959723466
0.000615755122901
0.002490800888139
0.005592940902885
0.008139140090570
0.002210818614210
0.008838129157115
0.001637987181303
0.001076438737510
0.004621939923711
0.009773605960885
0.011346768228313
0.004414625340378
0.001727081475924
0.000043016086967
0.004409315616630
0.003031186640556
0.011619745577473
0.004401832100041
0.002651372145424
0.003482744022195
0.000517788100360
0.001070229202545
0.004491714202835
0.000688678745656
0.000039946848206
0.001121032575937
0.000106895409823
0.002730530243349
0.001649746215738
0.006389995253042
0.001643192187690
0.000333641739508
0.007100320525213
0.002210037368791
0.003933821266733
0.005558671125934
0.001610617833010
0.005618673075030
0.008318347446813
0.005006499008749
0.002675915502891
0.004263760767286
0.004181912624258
0.002723569003843
0.007150899877379
0.003543619426342
0.005033381327761
0.005200262679734
0.005669531386203
0.002529151138495
0.007056650838031
0.003394198350961
0.007063935064499
0.002996473745851
0.000987071238355
0.004112662045485
0.005655328372981
0.002695963004826
0.000969722794186
0.001688208834437
0.001054820442377
0.000970051384612
0.001966413312279
0.002789294630042
0.003713635083270
0.004932628477845
0.001684520890003
0.004192997944539
0.003370505903497
0.001422035201649
0.008204562225739
0.003614373209679
0.000383615173599
0.006500208687320
0.008579975880492
0.005237815483017
0.009195924348731
0.004045048281932
0.001408028433547
0.010275350582160
0.000598824664139
0.004146832882608
0.001735881420284
0.005684537679306
0.003609113542002
0.002813854585940
0.007127066967371
0.004111490723989
0.007321758900772
0.003641859994202
0.005611986361694
0.002905576121251
0.007870449988856
0.003848475943504
0.003912623901229
0.009723393090413
0.001563812711697
0.004351266155908
0.003690730877990
0.005546930399777
0.001694011212594
0.002387510974243
0.001367047793720
0.000783073006317
0.004746985106011
0.007467637520871
0.003832651433330
0.002901686052894
0.008733468131218
0.001288792117403
0.004948506910273
0.006125533521828
0.004578562883484
0.009798422124573
0.006999147911787
0.002096844743495
0.000550934692559
0.004188603119680
0.009861374018896
0.006291690844928
0.002634256807517
0.002021551836699
0.001159404275948
0.006629709124079
0.000473934829315
0.002715199773414
0.000976116617444
0.000390253299607
0.000630196055380
0.007088386104873
0.005881276165876
0.000224935921076
0.001628936830439
0.002630788049521
0.002012634270878
0.001379593971131
0.005919028069266
0.001431872970107
0.003921338851620
0.003874377292938
0.006004826829731
0.002421878309499
0.002682905767471
0.004619343695607
0.006399908522076
0.003892948807827
0.012242019360649
0.010648407760590
0.005523338347344
0.001144497717205
0.002071619709807
0.001613588676781
0.001330865532140
0.004810444364455
0.006628662861095
0.006865101815236
0.001522515233087
0.004386185820485
0.006266896300569
0.002456529050203
0.005160581760169
0.006647454273416
0.001658084118995
0.000060795289694
0.002039381489818
0.014131917420176
0.001242093798959
0.004262478138139
0.000234661950112
0.000865633072288
0.003987656345978
0.001544498498409
0.006896328705703
0.003925973429864
0.001133931880860
0.002804150434781
0.002766888584601
0.003417115976541
0.004046451777241
0.002153471617968
0.006675645113938
0.005864913741362
0.009160205439267
0.007812751309311
0.001763815073464
0.003633720519893
0.002313746984583
0.003210296374975
0.002201666821764
0.001502020235604
0.004875243878396
0.005849182982467
0.001839076371728
0.002357260230119
0.002030198722040
0.001738577432275
0.008141110787736
0.000453829543019
0.000546615499635
0.003231090458937
0.004743743804196
0.002693296022946
0.006283556632005
0.005367210906068
0.002830019415459
0.000359974451314
0.001574412340515
0.001737019094756
0.004585785112805
0.000500226150276
0.004002018347323
0.001115647188047
0.008153308173355
0.003409388385966
0.004227977193019
0.002277271781757
0.001949463828136
0.000963890710681
0.002128426004193
0.002833682931477
0.004515186234157
0.006282483706930
0.004314289483059
0.001855495793978
0.002993697808747
0.001167728034285
0.003015152336029
0.001177302774904
0.005517831661030
0.001990062855977
0.005373894241750
0.000526397147908
0.003697087504611
0.003578899368589
0.005018896187761
0.000024440423932
0.000149520924134
0.006629304656549
0.002969652465186
0.002981011737933
0.000157148216918
0.004818153018119
0.002492918227168
0.001571021825724
0.009419155199604
0.001013570800852
0.000904401707465
0.004084412112418
0.002816345066095
0.004801418244728
0.000579656383899
0.001876971055321
0.004605705331790
0.001443373620081
0.001081993412405
0.006700661900335
0.006098665990590
0.000424250412991
0.000127832890322
0.002837913721582
0.006369976400981
0.007310708492384
0.001777407079456
0.002549061043656
0.000489639798874
0.004593536427708
0.009339718058102
0.007224375778095
0.002531709944437
0.001955471607519
0.003200116415792
0.000997719321756
0.002529619110133
0.004620085490906
0.009474407337666
0.001191814245159
0.001028856607500
0.001802442847736
0.003439018140447
0.002023294843267
0.006151707378078
0.007596690135212
0.005983031788730
0.000414102364826
0.002942287821627
0.007263901996891
0.000171285672836
0.002291690582948
0.000497441654563
0.005303020971255
0.009568960357829
0.004074465998710
0.005527226002159
0.001694019710921
0.003278576804142
0.000830885202367
0.006560911633135
0.003342776230298
0.005704032747570
0.003290116593975
0.000270586262142
0.001413441078394
0.002726773093986
0.000269790876266
0.005767601882978
0.001085158661611
0.010195285275978
0.005729932759838
0.004750429438893
0.009014996819974
0.013127717794427
0.004760286962547
0.004855974959003
0.004473338634489
0.002101915313648
0.002598662853928
0.000134901517145
0.002363213253298
0.001555347428818
0.001164726901008
0.006784106154504
0.001987893471546
0.000618997643605
0.004949530564653
0.002035494605502
0.006877583166092
0.000676761679664
0.004701295835471
0.002253315727643
0.005542571410667
0.003857922782286
0.004894424598603
0.001550833434962
0.001457463247959
0.004494046668641
0.006418306420989
0.003857980300298
0.002108732542282
0.004944124279622
0.005015297709966
0.003392932081113
0.003168414191886
0.005754531115316
0.003619096521225
0.005332550715186
0.005720199289260
0.005427124692333
0.003597140679201
0.001122361967702
