0.000000000000000	1.000000000000000
0.033069396353577	1.000000000000000
0.066138792707154	0.998906415024810
0.099208189060730	0.996719245074430
0.132277585414307	0.993439686076958
0.165346981767884	0.989070129888590
0.198416378121461	0.983614162985771
0.231485774475037	0.977076563849497
0.264555170828614	0.969463299043197
0.297624567182191	0.960781517987061
0.330693963535768	0.951039546433093
0.363763359889344	0.940246878646615
0.396832756242921	0.928414168301346
0.429902152596498	0.915553218096619
0.462971548950075	0.901676968106685
0.496040945303651	0.886799482873454
0.529110341657228	0.870935937255426
0.562179738010805	0.854102601046922
0.595249134364382	0.836316822383082
0.628318530717959	0.817597009947467
0.661387927071535	0.797962614000394
0.694457323425112	0.777434106247483
0.727526719778689	0.756032958569138
0.760596116132266	0.733781620633001
0.793665512485842	0.710703496412624
0.826734908839419	0.686822919636851
0.859804305192996	0.662165128195588
0.892873701546573	0.636756237528793
0.925943097900149	0.610623213026709
0.959012494253726	0.583793841470405
0.992081890607303	0.556296701542832
1.025151286960880	0.528161133441619
1.058220683314457	0.499417207625851
1.091290079668033	0.470095692730073
1.124359476021610	0.440228022679683
1.157428872375187	0.409846263042822
1.190498268728764	0.378983076654701
1.223567665082341	0.347671688551178
1.256637061435918	0.315945850249175
1.289706457789495	0.283839803412273
1.322775854143071	0.251388242940565
1.355845250496648	0.218626279524485
1.388914646850225	0.185589401702985
1.421984043203802	0.152313437467016
1.455053439557379	0.118834515449790
1.488122835910956	0.085189025745830
1.521192232264533	0.051413580401241
1.554261628618109	0.017544973618045
1.587331024971686	-0.016379858284199
1.620400421325263	-0.050323877105982
1.653469817678840	-0.084249983160849
1.686539214032417	-0.118121055779819
1.719608610385994	-0.151899993883045
1.752678006739571	-0.185549756574417
1.785747403093148	-0.219033403714747
1.818816799446724	-0.252314136429137
1.851886195800301	-0.285355337504159
1.884955592153878	-0.318120611630555
1.918024988507455	-0.350573825447266
1.951094384861032	-0.382679147342799
1.984163781214609	-0.414401086970129
2.017233177568186	-0.445704534431606
2.050302573921762	-0.476554799090670
2.083371970275339	-0.506917647967505
2.116441366628916	-0.536759343676200
2.149510762982493	-0.566046681861420
2.182580159336070	-0.594747028093102
2.215649555689647	-0.622828354178245
2.248718952043224	-0.650259273849426
2.281788348396800	-0.677009077790355
2.314857744750377	-0.703047767959425
2.347927141103954	-0.728346091172956
2.380996537457531	-0.752875571910606
2.414065933811108	-0.776608544306210
2.447135330164685	-0.799518183288186
2.480204726518262	-0.821578534834504
2.513274122871838	-0.842764545308187
2.546343519225415	-0.863052089840237
2.579412915578992	-0.882417999727915
2.612482311932569	-0.900840088817337
2.645551708286146	-0.918297178840419
2.678621104639723	-0.934769123677322
2.711690500993300	-0.950236832516686
2.744759897346877	-0.964682291887125
2.777829293700453	-0.978088586534651
2.810898690054030	-0.990439919121938
2.843968086407607	-1.001721628726586
2.877037482761184	-1.011920208116854
2.910106879114761	-1.021023319784623
2.943176275468338	-1.029019810716705
2.976245671821915	-1.035899725886952
3.009315068175491	-1.041654320453026
3.042384464529068	-1.046276070643067
3.075453860882645	-1.049758683318919
3.108523257236222	-1.052097104204015
3.141592653589799	-1.053287524765458
3.174662049943376	-1.053327387741302
3.207731446296953	-1.052215391305508
3.240800842650529	-1.049951491864524
3.273870239004106	-1.046536905480945
3.306939635357683	-1.041974107921184
3.340009031711260	-1.036266833325608
3.373078428064837	-1.029420071501072
3.406147824418414	-1.021440063837324
3.439217220771991	-1.012334297850223
3.472286617125568	-1.002111500356252
3.505356013479144	-0.990781629284283
3.538425409832721	-0.978355864132059
3.571494806186298	-0.964846595076356
3.604564202539875	-0.950267410747249
3.637633598893452	-0.934633084678403
3.670702995247029	-0.917959560446752
3.703772391600606	-0.900263935516380
3.736841787954182	-0.881564443802872
3.769911184307759	-0.861880436975779
3.802980580661336	-0.841232364518280
3.836049977014913	-0.819641752564495
3.869119373368490	-0.797131181536229
3.902188769722067	-0.773724262602320
3.935258166075644	-0.749445612985027
3.968327562429220	-0.724320830139213
4.001396958782797	-0.698376464831316
4.034466355136374	-0.671639993146362
4.067535751489951	-0.644139787452442
4.100605147843527	-0.615905086353281
4.133674544197104	-0.586965963660640
4.166743940550681	-0.557353296419419
4.199813336904258	-0.527098732019392
4.232882733257835	-0.496234654428527
4.265952129611412	-0.464794149583885
4.299021525964989	-0.432810969976990
4.332090922318566	-0.400319498471555
4.365160318672142	-0.367354711392255
4.398229715025719	-0.333952140924152
4.431299111379296	-0.300147836863104
4.464368507732873	-0.265978327758310
4.497437904086450	-0.231480581488786
4.530507300440027	-0.196691965316299
4.563576696793604	-0.161650205457849
4.596646093147180	-0.126393346221387
4.629715489500757	-0.090959708749001
4.662784885854334	-0.055387849412223
4.695854282207911	-0.019716517904609
4.728923678561488	0.016015384922930
4.761993074915065	0.051768849438213
4.795062471268642	0.087504799769171
4.828131867622218	0.123184136464202
4.861201263975795	0.158767779224948
4.894270660329372	0.194216709664875
4.927340056682949	0.229492014046897
4.960409453036526	0.264554925953298
4.993478849390103	0.299366868841213
5.026548245743680	0.333889498436992
5.059617642097257	0.368084744922936
5.092687038450833	0.401914854870016
5.125756434804410	0.435342432870452
5.158825831157987	0.468330482824297
5.191895227511564	0.500842448834491
5.224964623865141	0.532842255665246
5.258034020218718	0.564294348719017
5.291103416572295	0.595163733487847
5.324172812925871	0.625416014435334
5.357242209279448	0.655017433266100
5.390311605633025	0.683934906540236
5.423381001986602	0.712136062590865
5.456450398340179	0.739589277703693
5.489519794693756	0.766263711518182
5.522589191047333	0.792129341610762
5.555658587400909	0.817156997221392
5.588727983754486	0.841318392085630
5.621797380108063	0.864586156335335
5.654866776461640	0.886933867432104
5.687936172815217	0.908336080098548
5.721005569168794	0.928768355213581
5.754074965522371	0.948207287638995
5.787144361875947	0.966630532945715
5.820213758229524	0.984016833009308
5.853283154583101	1.000346040445512
5.886352550936678	1.015599141857803
5.919421947290255	1.029758279870272
5.952491343643832	1.042806773920389
5.985560739997409	1.054729139787562
6.018630136350986	1.065511107834751
6.051699532704562	1.075139639941772
6.084768929058139	1.083602945110367
6.117838325411716	1.090890493722491
6.150907721765293	1.096993030434770
6.183977118118870	1.101902585693537
6.217046514472447	1.105612485856333
6.250115910826024	1.108117361907291
6.283185307179600	1.109413156755334
