0.000000000000000	0.000000000000000
0.033069396353577	0.033069396353577
0.066138792707154	0.066138792707154
0.099208189060730	0.099172024865739
0.132277585414307	0.132132928634344
0.165346981767884	0.164985379366595
0.198416378121461	0.197693331513365
0.231485774475037	0.230220858128133
0.264555170828614	0.262532190285863
0.297624567182191	0.294591756372169
0.330693963535768	0.326364221199674
0.363763359889344	0.357814524908596
0.396832756242921	0.388907921608774
0.429902152596498	0.419610017720607
0.462971548950075	0.449886809972637
0.496040945303651	0.479704723013849
0.529110341657228	0.509030646599138
0.562179738010805	0.537831972306811
0.595249134364382	0.566076629747453
0.628318530717959	0.593733122224003
0.661387927071535	0.620770561803455
0.694457323425112	0.647158703761170
0.727526719778689	0.672867980359457
0.760596116132266	0.697869533922747
0.793665512485842	0.722135249172430
0.826734908839419	0.745637784785172
0.859804305192996	0.768350604139363
0.892873701546573	0.790248005215180
0.925943097900149	0.811305149614632
0.959012494253726	0.831498090668907
0.992081890607303	0.850803800601269
1.025151286960880	0.869200196714776
1.058220683314457	0.886666166575112
1.091290079668033	0.903181592159887
1.124359476021610	0.918727372946887
1.157428872375187	0.933285447914833
1.190498268728764	0.946838816431429
1.223567665082341	0.959371558004621
1.256637061435918	0.970868850874237
1.289706457789495	0.981316989422395
1.322775854143071	0.990703400382356
1.355845250496648	0.999016657826787
1.388914646850225	1.006246496917690
1.421984043203802	1.012383826401630
1.455053439557379	1.017420739835202
1.488122835910956	1.021350525527096
1.521192232264533	1.024167675184460
1.554261628618109	1.025867891252705
1.587331024971686	1.026448092939294
1.620400421325263	1.025906420913478
1.653469817678840	1.024242240675412
1.686539214032417	1.021456144589483
1.719608610385994	1.017549952578198
1.752678006739571	1.012526711474373
1.785747403093148	1.006390693030904
1.818816799446724	0.999147390588788
1.851886195800301	0.990803514405603
1.884955592153878	0.981366985648069
1.918024988507455	0.970846929053816
1.951094384861032	0.959253664268911
1.984163781214609	0.946598695869183
2.017233177568186	0.932894702074815
2.050302573921762	0.918155522169110
2.083371970275339	0.902396142633781
2.116441366628916	0.885632682014521
2.149510762982493	0.867882374532007
2.182580159336070	0.849163552454904
2.215649555689647	0.829495627252782
2.248718952043224	0.808899069548215
2.281788348396800	0.787395387888700
2.314857744750377	0.765007106360281
2.347927141103954	0.741757741066133
2.380996537457531	0.717671775494557
2.414065933811108	0.692774634802119
2.447135330164685	0.667092659038882
2.480204726518262	0.640653075343834
2.513274122871838	0.613483969139801
2.546343519225415	0.585614254358262
2.579412915578992	0.557073642725553
2.612482311932569	0.527892612143020
2.645551708286146	0.498102374194728
2.678621104639723	0.467734840817283
2.711690500993300	0.436822590167312
2.744759897346877	0.405398831723050
2.777829293700453	0.373497370657358
2.810898690054030	0.341152571520334
2.843968086407607	0.308399321270486
2.877037482761184	0.275272991694176
2.910106879114761	0.241809401253766
2.943176275468338	0.208044776405564
2.976245671821915	0.174015712429290
3.009315068175491	0.139759133811373
3.042384464529068	0.105312254224897
3.075453860882645	0.070712536149538
3.108523257236222	0.035997650175256
3.141592653589799	0.001205434033883
3.174662049943376	-0.033626148596864
3.207731446296953	-0.068459049472159
3.240800842650529	-0.103255177296574
3.273870239004106	-0.137976439333071
3.306939635357683	-0.172584783059067
3.340009031711260	-0.207042237824077
3.373078428064837	-0.241310956463387
3.406147824418414	-0.275353256822183
3.439217220771991	-0.309131663144643
3.472286617125568	-0.342608947282572
3.505356013479144	-0.375748169678330
3.538425409832721	-0.408512720076974
3.571494806186298	-0.440866357922804
3.604564202539875	-0.472773252395783
3.637633598893452	-0.504198022043670
3.670702995247029	-0.535105773966067
3.703772391600606	-0.565462142507036
3.736841787954182	-0.595233327413458
3.769911184307759	-0.624386131416795
3.802980580661336	-0.652887997196541
3.836049977014913	-0.680707043684253
3.869119373368490	-0.707812101667748
3.902188769722067	-0.734172748655765
3.935258166075644	-0.759759342964140
3.968327562429220	-0.784543056985391
4.001396958782797	-0.808495909604417
4.034466355136374	-0.831590797723933
4.067535751489951	-0.853801526864204
4.100605147843527	-0.875102840802577
4.133674544197104	-0.895470450219378
4.166743940550681	-0.914881060317731
4.199813336904258	-0.933312397385997
4.232882733257835	-0.950743234272614
4.265952129611412	-0.967153414744291
4.299021525964989	-0.982523876699705
4.332090922318566	-0.996836674212050
4.365160318672142	-1.010074998375071
4.398229715025719	-1.022223196928455
4.431299111379296	-1.033266792639801
4.464368507732873	-1.043192500421696
4.497437904086450	-1.051988243163797
4.530507300440027	-1.059643166261206
4.563576696793604	-1.066147650821814
4.596646093147180	-1.071493325536737
4.629715489500757	-1.075673077199387
4.662784885854334	-1.078681059860214
4.695854282207911	-1.080512702605599
4.728923678561488	-1.081164715950899
4.761993074915065	-1.080635096839127
4.795062471268642	-1.078923132238286
4.828131867622218	-1.076029401331879
4.861201263975795	-1.071955776298671
4.894270660329372	-1.066705421679304
4.927340056682949	-1.060282792328909
4.960409453036526	-1.052693629956411
4.993478849390103	-1.043944958252771
5.026548245743680	-1.034045076611931
5.059617642097257	-1.023003552449822
5.092687038450833	-1.010831212128260
5.125756434804410	-0.997540130492173
5.158825831157987	-0.983143619030049
5.191895227511564	-0.967656212669071
5.224964623865141	-0.951093655217867
5.258034020218718	-0.933472883471339
5.291103416572295	-0.914812009993466
5.324172812925871	-0.895130304595482
5.357242209279448	-0.874448174528246
5.390311605633025	-0.852787143409067
5.423381001986602	-0.830169828904641
5.456450398340179	-0.806619919193148
5.489519794693756	-0.782162148229909
5.522589191047333	-0.756822269842352
5.555658587400909	-0.730627030681328
5.588727983754486	-0.703604142057115
5.621797380108063	-0.675782250689681
5.654866776461640	-0.647190908404013
5.687936172815217	-0.617860540802490
5.721005569168794	-0.587822414947456
5.754074965522371	-0.557108606088239
5.787144361875947	-0.525751963467955
5.820213758229524	-0.493786075246504
5.853283154583101	-0.461245232577128
5.886352550936678	-0.428164392874904
5.919421947290255	-0.394579142316456
5.952491343643832	-0.360525657611048
5.985560739997409	-0.326040667084080
6.018630136350986	-0.291161411114778
6.051699532704562	-0.255925601970652
6.084768929058139	-0.220371383081976
6.117838325411716	-0.184537287800218
6.150907721765293	-0.148462197684960
6.183977118118870	-0.112185300364401
6.217046514472447	-0.075746047015071
6.250115910826024	-0.039184109506824
6.283185307179600	-0.002539337259632
