0.000000000000000	0.000000000000000
0.033069396353577	0.033069396353577
0.066138792707154	0.066102628512163
0.099208189060730	0.099063561942232
0.132277585414307	0.131916141185875
0.165346981767884	0.164624429301308
0.198416378121461	0.197152647173752
0.231485774475037	0.229465212653683
0.264555170828614	0.261526779479630
0.297624567182191	0.293302275942954
0.330693963535768	0.324756943252312
0.363763359889344	0.355856373555833
0.396832756242921	0.386566547579419
0.429902152596498	0.416853871840002
0.462971548950075	0.446685215393042
0.496040945303651	0.476027946074074
0.529110341657228	0.504849966194659
0.562179738010805	0.533119747653689
0.595249134364382	0.560806366425643
0.628318530717959	0.587879536388062
0.661387927071535	0.614309642451242
0.694457323425112	0.640067772953910
0.727526719778689	0.665125751289431
0.760596116132266	0.689456166727972
0.793665512485842	0.713032404400883
0.826734908839419	0.735828674414517
0.859804305192996	0.757820040061626
0.892873701546573	0.778982445099479
0.925943097900149	0.799292740064864
0.959012494253726	0.818728707597188
0.992081890607303	0.837269086741965
1.025151286960880	0.854893596208124
1.058220683314457	0.871582956553676
1.091290079668033	0.887318911275492
1.124359476021610	0.902084246780098
1.157428872375187	0.915862811213666
1.190498268728764	0.928639532130580
1.223567665082341	0.940400432981272
1.256637061435918	0.951132648401266
1.289706457789495	0.960824438284730
1.322775854143071	0.969465200627126
1.355845250496648	0.977045483122911
1.388914646850225	0.983556993505607
1.421984043203802	0.988992608618926
1.455053439557379	0.993346382209024
1.488122835910956	0.996613551429367
1.521192232264533	0.998790542051084
1.554261628618109	0.999874972373114
1.587331024971686	0.999865655827870
1.620400421325263	0.998762602279561
1.653469817678840	0.996567018013760
1.686539214032417	0.993281304418224
1.719608610385994	0.988909055356415
1.752678006739571	0.983455053236583
1.785747403093148	0.976925263780726
1.818816799446724	0.969326829499131
1.851886195800301	0.960668061877655
1.884955592153878	0.950958432286267
1.918024988507455	0.940208561618818
1.951094384861032	0.928430208675361
1.984163781214609	0.915636257299725
2.017233177568186	0.901840702286423
2.050302573921762	0.887058634072304
2.083371970275339	0.871306222229692
2.116441366628916	0.854600697779074
2.149510762982493	0.836960334340679
2.182580159336070	0.818404428145573
2.215649555689647	0.798953276928123
2.248718952043224	0.778628157722932
2.281788348396800	0.757451303590528
2.314857744750377	0.735445879297256
2.347927141103954	0.712635955975995
2.380996537457531	0.689046484795401
2.414065933811108	0.664703269666487
2.447135330164685	0.639632939016392
2.480204726518262	0.613862916660223
2.513274122871838	0.587421391802817
2.546343519225415	0.560337288203253
2.579412915578992	0.532640232535834
2.612482311932569	0.504360521982156
2.645551708286146	0.475529091089704
2.678621104639723	0.446177477933240
2.711690500993300	0.416337789615990
2.744759897346877	0.386042667148367
2.777829293700453	0.355325249742653
2.810898690054030	0.324219138562696
2.843968086407607	0.292758359968276
2.877037482761184	0.260977328294338
2.910106879114761	0.228910808205826
2.943176275468338	0.196593876669271
2.976245671821915	0.164061884582760
3.009315068175491	0.131350418106232
3.042384464529068	0.098495259734424
3.075453860882645	0.065532349155029
3.108523257236222	0.032497743934897
3.141592653589799	-0.000572419922725
3.174662049943376	-0.033641967506760
3.207731446296953	-0.066674724569451
3.240800842650529	-0.099634557096785
3.273870239004106	-0.132485410834923
3.306939635357683	-0.165191350729399
3.340009031711260	-0.197716600233930
3.373078428064837	-0.230025580445854
3.406147824418414	-0.262082949025385
3.439217220771991	-0.293853638856094
3.472286617125568	-0.325302896404354
3.505356013479144	-0.356396319735765
3.538425409832721	-0.387099896146981
3.571494806186298	-0.417380039371781
3.604564202539875	-0.447203626320668
3.637633598893452	-0.476538033313832
3.670702995247029	-0.505351171767811
3.703772391600606	-0.533611523296845
3.736841787954182	-0.561288174190496
3.769911184307759	-0.588350849229847
3.802980580661336	-0.614769944805266
3.836049977014913	-0.640516561299520
3.869119373368490	-0.665562534700813
3.902188769722067	-0.689880467411170
3.935258166075644	-0.713443758216454
3.968327562429220	-0.736226631385252
4.001396958782797	-0.758204164864773
4.034466355136374	-0.779352317542942
4.067535751489951	-0.799647955546851
4.100605147843527	-0.819068877548798
4.133674544197104	-0.837593839052248
4.166743940550681	-0.855202575631128
4.199813336904258	-0.871875825097052
4.232882733257835	-0.887595348570221
4.265952129611412	-0.902343950430946
4.299021525964989	-0.916105497129971
4.332090922318566	-0.928864934837026
4.365160318672142	-0.940608305908285
4.398229715025719	-0.951322764154746
4.431299111379296	-0.960996588894796
4.464368507732873	-0.969619197775615
4.497437904086450	-0.977181158349385
4.530507300440027	-0.983674198391636
4.563576696793604	-0.989091214950441
4.596646093147180	-0.993426282116582
4.629715489500757	-0.996674657506147
4.662784885854334	-0.998832787448510
4.695854282207911	-0.999898310873985
4.728923678561488	-0.999870061896922
4.761993074915065	-0.998748071091405
4.795062471268642	-0.996533565458166
4.828131867622218	-0.993228967082750
4.861201263975795	-0.988837890486386
4.894270660329372	-0.983365138672481
4.927340056682949	-0.976816697873043
4.960409453036526	-0.969199731000796
4.993478849390103	-0.960522569814135
5.026548245743680	-0.950794705803497
5.059617642097257	-0.940026779809119
5.092687038450833	-0.928230570381540
5.125756434804410	-0.915418980897570
5.158825831157987	-0.901606025445831
5.191895227511564	-0.886806813497304
5.224964623865141	-0.871037533377646
5.258034020218718	-0.854315434559362
5.291103416572295	-0.836658808793207
5.324172812925871	-0.818086970099437
5.357242209279448	-0.798620233640823
5.390311605633025	-0.778279893500518
5.423381001986602	-0.757088199389094
5.456450398340179	-0.735068332306227
5.489519794693756	-0.712244379183649
5.522589191047333	-0.688641306537114
5.555658587400909	-0.664284933156188
5.588727983754486	-0.639201901861746
5.621797380108063	-0.613419650362061
5.654866776461640	-0.586966381239375
5.687936172815217	-0.559871031099775
5.721005569168794	-0.532163238920123
5.754074965522371	-0.503873313626666
5.787144361875947	-0.475032200940784
5.820213758229524	-0.445671449528159
5.853283154583101	-0.415823176488370
5.886352550936678	-0.385520032222685
5.919421947290255	-0.354795164718471
5.952491343643832	-0.323682183289292
5.985560739997409	-0.292215121810354
6.018630136350986	-0.260428401489526
6.051699532704562	-0.228356793214648
6.084768929058139	-0.196035379518318
6.117838325411716	-0.163499516201764
6.150907721765293	-0.130784793659786
6.183977118118870	-0.097926997949062
6.217046514472447	-0.064962071642414
6.250115910826024	-0.031926074511848
6.283185307179600	0.001144855916613
