0.000000000000000	0.000000000000000
0.031415926535898	0.031415926535898
0.062831853071796	0.062800846795116
0.094247779607694	0.094123777452449
0.125663706143592	0.125353796371530
0.157079632679490	0.156460073131295
0.188495559215388	0.187411899461925
0.219911485751285	0.218178719560197
0.251327412287183	0.248730160254332
0.282743338823081	0.279036060988557
0.314159265358979	0.309066503597776
0.345575191894877	0.338791841842958
0.376991118430775	0.368182730678092
0.408407044966673	0.397210155219801
0.439822971502571	0.425845459391037
0.471238898038469	0.454060374210553
0.502654824574367	0.481827045700254
0.534070751110265	0.509118062382854
0.565486677646163	0.535906482342700
0.596902604182061	0.562165859823057
0.628318530717959	0.587870271333581
0.659734457253857	0.612994341242219
0.691150383789755	0.637513266826268
0.722566310325653	0.661402842757861
0.753982236861551	0.684639484999707
0.785398163397449	0.707200254087497
0.816814089933347	0.729062877775993
0.848230016469245	0.750205773026438
0.879645943005143	0.770608067313583
0.911061869541041	0.790249619231305
0.942477796076938	0.809111038376456
0.973893722612836	0.827173704491331
1.005309649148734	0.844419785845848
1.036725575684632	0.860832256841293
1.068141502220530	0.876394914818257
1.099557428756428	0.891092396052163
1.130973355292326	0.904910190920604
1.162389281828224	0.917834658227504
1.193805208364122	0.929853038669975
1.225221134900020	0.940953467434563
1.256637061435918	0.951124985910463
1.288052987971816	0.960357552508114
1.319468914507714	0.968642052572530
1.350884841043612	0.975970307381539
1.382300767579510	0.982335082220088
1.413716694115408	0.987730093522602
1.445132620651306	0.992150015076387
1.476548547187204	0.995590483279911
1.507964473723102	0.998048101450810
1.539380400259000	0.999520443179342
1.570796326794898	1.000006054723980
1.602212253330796	0.999504456446792
1.633628179866694	0.998016143287175
1.665044106402592	0.995542584273493
1.696460032938490	0.992086221073076
1.727875959474388	0.987650465582036
1.759291886010286	0.982239696557270
1.790707812546184	0.975859255293961
1.822123739082082	0.968515440352874
1.853539665617980	0.960215501342615
1.884955592153878	0.950967631763031
1.916371518689776	0.940780960916774
1.947787445225674	0.929665544897053
1.979203371761572	0.917632356660441
2.010619298297470	0.904693275194552
2.042035224833367	0.890861073791279
2.073451151369265	0.876149407437167
2.104867077905163	0.860572799333371
2.136283004441061	0.844146626558505
2.167698930976958	0.826887104888540
2.199114857512856	0.808811272788724
2.230530784048754	0.789936974593349
2.261946710584652	0.770282842889943
2.293362637120549	0.749868280125303
2.324778563656447	0.728713439451509
2.356194490192345	0.706839204830831
2.387610416728243	0.684267170419183
2.419026343264140	0.661019619248455
2.450442269800038	0.637119501228784
2.481858196335936	0.612590410492479
2.513274122871834	0.587456562101948
2.544690049407731	0.561742768144653
2.576105975943629	0.535474413238657
2.607521902479527	0.508677429472974
2.638937829015425	0.481378270807434
2.670353755551322	0.453603886957364
2.701769682087220	0.425381696788839
2.733185608623118	0.396739561250780
2.764601535159016	0.367705755870630
2.796017461694913	0.338308942840735
2.827433388230811	0.308578142723012
2.858849314766709	0.278542705799823
2.890265241302607	0.248232283099338
2.921681167838504	0.217676797123996
2.953097094374402	0.186906412310961
2.984513020910300	0.155951505253724
3.015928947446198	0.124842634714268
3.047344873982095	0.093610511455373
3.078760800517993	0.062285967922875
3.110176727053891	0.030899927807776
3.141592653589789	-0.000516624481720
3.173008580125686	-0.031932674408126
3.204424506661584	-0.063317207922333
3.235840433197482	-0.094639242080812
3.267256359733380	-0.125867855632095
3.298672286269277	-0.156972219542382
3.330088212805175	-0.187921627430101
3.361504139341073	-0.218685525879402
3.392920065876971	-0.249233544602649
3.424335992412868	-0.279535526422129
3.455751918948766	-0.309561557041393
3.487167845484664	-0.339281994576824
3.518583772020562	-0.368667498820292
3.549999698556459	-0.397689060203994
3.581415625092357	-0.426318028438896
3.612831551628255	-0.454526140798499
3.644247478164153	-0.482285550020009
3.675663404700050	-0.509568851795367
3.707079331235948	-0.536349111824999
3.738495257771846	-0.562599892407576
3.769911184307744	-0.588295278539538
3.801327110843641	-0.613409903498618
3.832743037379539	-0.637918973886103
3.864158963915437	-0.661798294103115
3.895574890451335	-0.685024290236748
3.926990816987233	-0.707574033332477
3.958406743523130	-0.729425262029875
3.989822670059028	-0.750556404539275
4.021238596594926	-0.770946599937694
4.052654523130824	-0.790575718762996
4.084070449666721	-0.809424382885950
4.115486376202619	-0.827473984640580
4.146902302738517	-0.844706705193917
4.178318229274415	-0.861105532137011
4.209734155810312	-0.876654276279846
4.241150082346210	-0.891337587633572
4.272566008882108	-0.905140970564282
4.303981935418006	-0.918050798103362
4.335397861953903	-0.930054325400306
4.366813788489801	-0.941139702304693
4.398229715025699	-0.951295985064923
4.429645641561597	-0.960513147132153
4.461061568097494	-0.968782089058765
4.492477494633392	-0.976094647481609
4.523893421169290	-0.982443603181129
4.555309347705188	-0.987822688208441
4.586725274241085	-0.992226592073303
4.618141200776983	-0.995650966986890
4.649557127312881	-0.998092432154178
4.680973053848779	-0.999548577111718
4.712388980384676	-1.000017964107491
4.743804906920574	-0.999500129520495
4.775220833456472	-0.997995584318677
4.806636759992370	-0.995505813554735
4.838052686528267	-0.992033274900309
4.869468613064165	-0.987581396219993
4.900884539600063	-0.982154572187573
4.932300466135961	-0.975758159947815
4.963716392671858	-0.968398473828115
4.995132319207756	-0.960082779105197
5.026548245743654	-0.950819284833034
5.057964172279552	-0.940617135739071
5.089380098815449	-0.929486403196739
5.120796025351347	-0.917438075283183
5.152211951887245	-0.904484045932008
5.183627878423143	-0.890637103191766
5.215043804959040	-0.875910916601758
5.246459731494938	-0.860320023697629
5.277875658030836	-0.843879815660061
5.309291584566734	-0.826606522120751
5.340707511102631	-0.808517195140658
5.372123437638529	-0.789629692376338
5.403539364174427	-0.769962659450994
5.434955290710325	-0.749535511547635
5.466371217246222	-0.728368414242514
5.497787143782120	-0.706482263597779
5.529203070318018	-0.683898665532972
5.560618996853916	-0.660639914495752
5.592034923389813	-0.636728971452900
5.623450849925711	-0.612189441223318
5.654866776461609	-0.587045549175421
5.686282702997507	-0.561322117311903
5.717698629533404	-0.535044539765507
5.749114556069302	-0.508238757729973
5.780530482605200	-0.480931233850923
5.811946409141098	-0.453148926101961
5.843362335676995	-0.424919261171773
5.874778262212893	-0.396270107388506
5.906194188748791	-0.367229747208151
5.937610115284689	-0.337826849294093
5.969026041820586	-0.308090440215385
6.000441968356484	-0.278049875791694
6.031857894892382	-0.247734812113194
6.063273821428280	-0.217175176264036
6.094689747964178	-0.186401136778276
6.126105674500075	-0.155443073857432
6.157521601035973	-0.124331549379089
6.188937527571871	-0.093097276726130
6.220353454107769	-0.061771090466402
6.251769380643666	-0.030383915912739
6.283185307179564	0.001033261406610
