0.000000000000000	1.000000000000000
0.036959913571645	0.999316982394388
0.073919827143289	0.997268396090603
0.110879740714934	0.993857039848304
0.147839654286578	0.989087574655930
0.184799567858223	0.982966517362313
0.221759481429868	0.975502231772265
0.258719395001512	0.966704917218282
0.295679308573157	0.956586594623994
0.332639222144802	0.945161090078407
0.369599135716446	0.932444015943365
0.406559049288091	0.918452749520068
0.443518962859736	0.903206409303779
0.480478876431380	0.886725828859186
0.517438790003025	0.869033528352093
0.554398703574669	0.850153683776367
0.591358617146314	0.830112093918170
0.628318530717959	0.808936145102630
0.665278444289603	0.786654773771125
0.702238357861248	0.763298426940303
0.739198271432893	0.738899020596892
0.776158185004537	0.713489896085130
0.813118098576182	0.687105774546428
0.850078012147826	0.659782709473514
0.887037925719471	0.631558037443892
0.923997839291116	0.602470327099946
0.960957752862760	0.572559326445399
0.997917666434405	0.541865908530144
1.034877580006049	0.510432015597677
1.071837493577694	0.478300601771450
1.108797407149338	0.445515574358459
1.145757320720983	0.412121733850273
1.182717234292628	0.378164712703507
1.219677147864272	0.343690912983380
1.256637061435917	0.308747442955566
1.293596975007561	0.273382052713004
1.330556888579206	0.237643068925609
1.367516802150850	0.201579328802062
1.404476715722495	0.165240113353925
1.441436629294139	0.128675080053252
1.478396542865784	0.091934194975750
1.515356456437428	0.055067664522192
1.552316370009073	0.018125866811395
1.589276283580717	-0.018840717161485
1.626236197152362	-0.055781572507271
1.663196110724006	-0.092646219471433
1.700156024295651	-0.129384282414780
1.737115937867295	-0.165945558651899
1.774075851438940	-0.202280087053297
1.811035765010584	-0.238338216317482
1.847995678582229	-0.274070672819697
1.884955592153873	-0.309428627944589
1.921915505725518	-0.344363764810802
1.958875419297162	-0.378828344296322
1.995835332868807	-0.412775270274333
2.032795246440452	-0.446158153970460
2.069755160012096	-0.478931377353440
2.106715073583741	-0.511050155472594
2.143674987155385	-0.542470597656934
2.180634900727030	-0.573149767492255
2.217594814298674	-0.603045741494264
2.254554727870319	-0.632117666397568
2.291514641441963	-0.660325814982228
2.328474555013608	-0.687631640361602
2.365434468585252	-0.713997828657281
2.402394382156897	-0.739388349989144
2.439354295728541	-0.763768507710849
2.476314209300186	-0.787104985823484
2.513274122871830	-0.809365894502578
2.550234036443475	-0.830520813676271
2.587193950015120	-0.850540834595077
2.624153863586764	-0.869398599336445
2.661113777158409	-0.887068338190132
2.698073690730053	-0.903525904873299
2.735033604301698	-0.918748809527200
2.771993517873342	-0.932716249450392
2.808953431444987	-0.945409137526446
2.845913345016631	-0.956810128307324
2.882873258588276	-0.966903641716780
2.919833172159920	-0.975675884341380
2.956793085731565	-0.983114868280061
2.993752999303209	-0.989210427526461
3.030712912874854	-0.993954231861637
3.067672826446498	-0.997339798238171
3.104632740018143	-0.999362499640138
3.141592653589787	-1.000019571406789
3.178552567161432	-0.999310115011339
3.215512480733076	-0.997235099289671
3.252472394304721	-0.993797359117297
3.289432307876365	-0.989001591536360
3.326392221448010	-0.982854349337992
3.363352135019654	-0.975364032108776
3.400312048591299	-0.966540874753558
3.437271962162944	-0.956396933510292
3.474231875734588	-0.944946069476013
3.511191789306233	-0.932203929666472
3.548151702877877	-0.918187925635294
3.585111616449522	-0.902917209681880
3.622071530021166	-0.886412648680571
3.659031443592811	-0.868696795566830
3.695991357164455	-0.849793858519400
3.732951270736100	-0.829729667880560
3.769911184307744	-0.808531640859673
3.806871097879389	-0.786228744068266
3.843831011451033	-0.762851453937825
3.880790925022678	-0.738431715074402
3.917750838594322	-0.713002896606946
3.954710752165967	-0.686599746588989
3.991670665737611	-0.659258344516018
4.028630579309256	-0.631016052023404
4.065590492880901	-0.601911461832259
4.102550406452545	-0.571984345012988
4.139510320024190	-0.541275596638610
4.176470233595834	-0.509827179902086
4.213430147167479	-0.477682068774048
4.250390060739123	-0.444884189279262
4.287349974310768	-0.411478359472086
4.324309887882412	-0.377510228192934
4.361269801454057	-0.343026212689449
4.398229715025701	-0.308073435187611
4.435189628597346	-0.272699658499459
4.472149542168991	-0.236953220755430
4.509109455740635	-0.200882969350487
4.546069369312280	-0.164538194194307
4.583029282883924	-0.127968560356739
4.619989196455569	-0.091224040200580
4.656949110027213	-0.054354845094393
4.693909023598858	-0.017411356798702
4.730868937170502	0.019555941380696
4.767828850742147	0.056496533578204
4.804788764313791	0.093359940398431
4.841748677885436	0.130095787896386
4.878708591457080	0.166653876413612
4.915668505028725	0.202984249176187
4.952628418600369	0.239037260560855
4.989588332172014	0.274763643936002
5.026548245743658	0.310114578984768
5.063508159315303	0.345041758418300
5.100468072886947	0.379497453987993
5.137427986458592	0.413434581706486
5.174387900030236	0.446806766188315
5.211347813601881	0.479568404022291
5.248307727173525	0.511674726088995
5.285267640745170	0.543081858738250
5.322227554316814	0.573746883742955
5.359187467888459	0.603627896947363
5.396147381460104	0.632684065529656
5.433107295031748	0.660875683800565
5.470067208603393	0.688164227461787
5.507027122175037	0.714512406250062
5.543987035746682	0.739884214894951
5.580946949318326	0.764244982320703
5.617906862889971	0.787561419024963
5.654866776461615	0.809801662569577
5.691826690033260	0.830935321121334
5.728786603604904	0.850933514983146
5.765746517176549	0.869768916058911
5.802706430748193	0.887415785198123
5.839666344319838	0.903850007369209
5.876626257891482	0.919049124613520
5.913586171463127	0.932992366734942
5.950546085034771	0.945660679683191
5.987505998606416	0.957036751592009
6.024465912178060	0.967105036436670
6.061425825749705	0.975851775278474
6.098385739321349	0.983265015067192
6.135345652892994	0.989334624975777
6.172305566464638	0.994052310245002
6.209265480036283	0.997411623519121
6.246225393607928	0.999407973657055
6.283185307179572	1.000038632007057
