0.000000000000000	1.000000000000000
0.036959913571645	0.999317060146563
0.073919827143289	0.997269173435338
0.110879740714934	0.993859137033200
0.147839654286578	0.989091608639599
0.184799567858223	0.982973100124699
0.221759481429868	0.975511968634948
0.258719395001512	0.966718405178222
0.295679308573157	0.956604420704133
0.332639222144802	0.945183829698518
0.369599135716446	0.932472231314515
0.406559049288091	0.918486988065994
0.443518962859736	0.903247202112453
0.480478876431380	0.886773689167770
0.517438790003025	0.869088950068436
0.554398703574669	0.850217140040126
0.591358617146314	0.830184035704562
0.628318530717959	0.809016999871756
0.665278444289603	0.786744944165696
0.702238357861248	0.763398289534552
0.739198271432893	0.739008924699320
0.776158185004537	0.713610162597666
0.813118098576182	0.687236694882460
0.850078012147826	0.659924544537155
0.887037925719471	0.631711016672727
0.923997839291116	0.602634647573377
0.960957752862760	0.572735152060608
0.997917666434405	0.542053369247559
1.034877580006049	0.510631206757686
1.071837493577694	0.478511583483994
1.108797407149338	0.445738370966993
1.145757320720983	0.412356333471451
1.182717234292628	0.378411066843798
1.219677147864272	0.343948936233683
1.256637061435917	0.309017012764761
1.293596975007561	0.273663009241200
1.330556888579206	0.237935214977733
1.367516802150850	0.201882429842264
1.404476715722495	0.165553897601122
1.441436629294139	0.128999238657999
1.478396542865784	0.092268382278452
1.515356456437428	0.055411498392530
1.552316370009073	0.018478929068693
1.589276283580717	-0.018478880247403
1.626236197152362	-0.055411449635309
1.663196110724006	-0.092268333649283
1.700156024295651	-0.128999190220701
1.737115937867295	-0.165553849419259
1.774075851438940	-0.201882381979066
1.811035765010584	-0.237935167496014
1.847995678582229	-0.273662962203273
1.884955592153873	-0.309016966232359
1.921915505725518	-0.343948890267875
1.958875419297162	-0.378411021504911
1.995835332868807	-0.412356288818991
2.032795246440452	-0.445738327059567
2.069755160012096	-0.478511540379233
2.106715073583741	-0.510631164512168
2.143674987155385	-0.542053327916738
2.180634900727030	-0.572735111698738
2.217594814298674	-0.602634608233442
2.254554727870319	-0.631710978406374
2.291514641441963	-0.659924507394624
2.328474555013608	-0.687236658912516
2.365434468585252	-0.713610127847540
2.402394382156897	-0.739008891214645
2.439354295728541	-0.763398257359300
2.476314209300186	-0.786744913342126
2.513274122871830	-0.809016970440354
2.550234036443475	-0.830184007703990
2.587193950015120	-0.850217113507170
2.624153863586764	-0.869088925037961
2.661113777158409	-0.886773665672670
2.698073690730053	-0.903247180183611
2.735033604301698	-0.918486967732239
2.771993517873342	-0.932472212602586
2.808953431444987	-0.945183812633029
2.845913345016631	-0.956604405307538
2.882873258588276	-0.966718391470789
2.919833172159920	-0.975511956634731
2.956793085731565	-0.982973089847513
2.993752999303209	-0.989091600099001
3.030712912874854	-0.993859130240470
3.067672826446498	-0.997269168399464
3.104632740018143	-0.999317056874231
3.141592653589787	-0.999999998495582
3.178552567161432	-0.999317060447489
3.215512480733076	-0.997269175541195
3.252472394304721	-0.993859140941114
3.289432307876365	-0.989091614344231
3.326392221448010	-0.982973107618258
3.363352135019654	-0.975511977907198
3.400312048591299	-0.966718416216497
3.437271962162944	-0.956604433493357
3.474231875734588	-0.945183844221223
3.511191789306233	-0.932472247550865
3.548151702877877	-0.918487005993811
3.585111616449522	-0.903247221707251
3.622071530021166	-0.886773710402784
3.659031443592811	-0.869088972914662
3.695991357164455	-0.850217164466358
3.732951270736100	-0.830184061677438
3.769911184307744	-0.809017027355799
3.806871097879389	-0.786744973123366
3.843831011451033	-0.763398319926297
3.880790925022678	-0.739008956483629
3.917750838594322	-0.713610195731124
3.954710752165967	-0.687236729319812
3.991670665737611	-0.659924580231364
4.028630579309256	-0.631711053575037
4.065590492880901	-0.602634685633385
4.102550406452545	-0.572735191226330
4.139510320024190	-0.542053409465498
4.176470233595834	-0.510631247972909
4.213430147167479	-0.478511625640206
4.250390060739123	-0.445738414006613
4.287349974310768	-0.412356377335693
4.324309887882412	-0.378411111472749
4.361269801454057	-0.343948981566385
4.398229715025701	-0.309017058739295
4.435189628597346	-0.273663055794770
4.472149542168991	-0.237935262046752
4.509109455740635	-0.201882477362443
4.546069369312280	-0.165553945507553
4.583029282883924	-0.128999286885248
4.619989196455569	-0.092268430760645
4.656949110027213	-0.055411547063448
4.693909023598858	-0.018478977861856
4.730868937170502	0.018478831398640
4.767828850742147	0.055411400797667
4.804788764313791	0.092268284889469
4.841748677885436	0.128999141605315
4.878708591457080	0.165553801014703
4.915668505028725	0.201882333851457
4.952628418600369	0.237935119711086
4.989588332172014	0.273662914826296
5.026548245743658	0.309016919328043
5.063508159315303	0.343948843900286
5.100468072886947	0.378410975737382
5.137427986458592	0.412356243714036
5.174387900030236	0.445738282678792
5.211347813601881	0.478511496783258
5.248307727173525	0.510631121760540
5.285267640745170	0.542053286067849
5.322227554316814	0.572735070809750
5.359187467888459	0.602634568360204
5.396147381460104	0.631710939603348
5.433107295031748	0.659924469714810
5.470067208603393	0.687236622407381
5.507027122175037	0.713610092566945
5.543987035746682	0.739008857206778
5.580946949318326	0.763398224670614
5.617906862889971	0.786744882017267
5.654866776461615	0.809016940522110
5.691826690033260	0.830183979233226
5.728786603604904	0.850217086522773
5.765746517176549	0.869088899576788
5.802706430748193	0.886773641769498
5.839666344319838	0.903247157871089
5.876626257891482	0.918486947040843
5.913586171463127	0.932472193560579
5.950546085034771	0.945183795266418
5.987505998606416	0.956604389640046
6.024465912178060	0.966718377523815
6.061425825749705	0.975511944427325
6.098385739321349	0.982973079396349
6.135345652892994	0.989091591418353
6.172305566464638	0.993859123342195
6.209265480036283	0.997269163292985
6.246225393607928	0.999317053566523
6.283185307179572	0.999999996991162
