0.000000000000000	1.000000000000000
0.031415926535898	0.999506560367067
0.062831853071796	0.998026728446961
0.094247779607694	0.995561964655114
0.125663706143592	0.992114701415789
0.157079632679490	0.987688340761568
0.188495559215388	0.982287250975956
0.219911485751285	0.975916762282418
0.251327412287183	0.968583161584086
0.282743338823081	0.960293686259349
0.314159265358979	0.951056517019432
0.345575191894877	0.940880769835022
0.376991118430775	0.929776486939907
0.408407044966673	0.917754626920503
0.439822971502571	0.904827053901051
0.471238898038469	0.891006525835162
0.502654824574367	0.876306681915256
0.534070751110265	0.860742029112322
0.565486677646163	0.844327927859298
0.596902604182061	0.827080576892169
0.628318530717959	0.809016997263777
0.659734457253857	0.790155015546094
0.691150383789755	0.770513246237549
0.722566310325653	0.750111073392767
0.753982236861551	0.728968631492843
0.785398163397449	0.707106785575047
0.816814089933347	0.684547110641546
0.848230016469245	0.661311870367485
0.879645943005143	0.637423995129426
0.911061869541041	0.612907059375837
0.942477796076938	0.587785258361957
0.973893722612836	0.562083384272001
1.005309649148734	0.535826801752266
1.036725575684632	0.509041422879291
1.068141502220530	0.481753681587763
1.099557428756428	0.453990507583417
1.130973355292326	0.425779299766669
1.162389281828224	0.397147899193208
1.193805208364122	0.368124561598234
1.225221134900020	0.338737929511466
1.256637061435918	0.309017003990415
1.288052987971816	0.278991115999848
1.319468914507714	0.248689897465666
1.350884841043612	0.218143252031769
1.382300767579510	0.187381325548774
1.413716694115408	0.156434476323696
1.445132620651306	0.125333245159970
1.476548547187204	0.094108325217360
1.507964473723102	0.062790531721521
1.539380400259000	0.031410771553089
1.570796326794898	0.000000012746326
1.602212253330796	-0.031410746072597
1.633628179866694	-0.062790506277496
1.665044106402592	-0.094108299834076
1.696460032938490	-0.125333219861642
1.727875959474388	-0.156434451134458
1.759291886010286	-0.187381300492656
1.790707812546184	-0.218143227132676
1.822123739082082	-0.248689872747350
1.853539665617980	-0.278991091485892
1.884955592153878	-0.309016979704205
1.916371518689776	-0.338737905476173
1.947787445225674	-0.368124537836788
1.979203371761572	-0.397147875728278
2.010619298297470	-0.425779276620644
2.042035224833367	-0.453990484778380
2.073451151369265	-0.481753659145472
2.104867077905163	-0.509041400821159
2.136283004441061	-0.535826780099339
2.167698930976958	-0.562083363044941
2.199114857512856	-0.587785237581018
2.230530784048754	-0.612907039060849
2.261946710584652	-0.637423975299775
2.293362637120549	-0.661311851042094
2.324778563656447	-0.684547091838858
2.356194490192345	-0.707106767313006
2.387610416728243	-0.728968613788879
2.419026343264140	-0.750111056263776
2.450442269800038	-0.770513229699882
2.481858196335936	-0.790154999615537
2.513274122871834	-0.809016981955537
2.544690049407731	-0.827080562220860
2.576105975943629	-0.844327913838928
2.607521902479527	-0.860742015756279
2.638937829015425	-0.876306669236292
2.670353755551322	-0.891006513845387
2.701769682087220	-0.904827042611916
2.733185608623118	-0.917754616342792
2.764601535159016	-0.929776477083726
2.796017461694913	-0.940880760709789
2.827433388230811	-0.951056508633868
2.858849314766709	-0.960293678621471
2.890265241302607	-0.968583154701197
2.921681167838504	-0.975916756161102
2.953097094374402	-0.982287245622071
2.984513020910300	-0.987688336180241
3.015928947446198	-0.992114697611410
3.047344873982095	-0.995561961631333
3.078760800517993	-0.998026726206681
3.110176727053891	-0.999506558912448
3.141592653589789	-0.999999999332451
3.173008580125686	-0.999506560500591
3.204424506661584	-0.998026729381426
3.235840433197482	-0.995561966389598
3.267256359733380	-0.992114703948581
3.298672286269277	-0.987688344090166
3.330088212805175	-0.982287255097078
3.361504139341073	-0.975916767191995
3.392920065876971	-0.968583167277274
3.424335992412868	-0.960293692730529
3.455751918948766	-0.951056524262218
3.487167845484664	-0.940880777842266
3.518583772020562	-0.929776495703707
3.549999698556459	-0.917754636432210
3.581415625092357	-0.904827064151278
3.612831551628255	-0.891006536813794
3.644247478164153	-0.876306693611457
3.675663404700050	-0.860742041514551
3.707079331235948	-0.844327940955314
3.738495257771846	-0.827080590669048
3.769911184307744	-0.809017011707923
3.801327110843641	-0.790155030643253
3.832743037379539	-0.770513261972822
3.864158963915437	-0.750111089750624
3.895574890451335	-0.728968648457142
3.926990816987233	-0.707106803129046
3.958406743523130	-0.684547128767921
3.989822670059028	-0.661311889048347
4.021238596594926	-0.637424014346340
4.052654523130824	-0.612907079109838
4.084070449666721	-0.587785278593570
4.115486376202619	-0.562083404981260
4.146902302738517	-0.535826822918734
4.178318229274415	-0.509041444482078
4.209734155810312	-0.481753703605550
4.241150082346210	-0.453990529994476
4.272566008882108	-0.425779322548882
4.303981935418006	-0.397147922324091
4.335397861953903	-0.368124585054962
4.366813788489801	-0.338737953270888
4.398229715025699	-0.309017028029084
4.429645641561597	-0.278991140294041
4.461061568097494	-0.248689921991407
4.492477494633392	-0.218143276764854
4.523893421169290	-0.187381350464795
4.555309347705188	-0.156434501398064
4.586725274241085	-0.125333270367939
4.618141200776983	-0.094108350534053
4.649557127312881	-0.062790557121953
4.680973053848779	-0.031410797012194
4.712388980384676	-0.000000038238978
4.743804906920574	0.031410720571556
4.775220833456472	0.062790480793232
4.806636759992370	0.094108274391739
4.838052686528267	0.125333194486341
4.869468613064165	0.156434425851235
4.900884539600063	0.187381275326463
4.932300466135961	0.218143202108348
4.963716392671858	0.248689847889584
4.995132319207756	0.278991066819219
5.026548245743654	0.309016955252968
5.057964172279552	0.338737881264502
5.089380098815449	0.368124513888578
5.120796025351347	0.397147852067163
5.152211951887245	0.425779253269974
5.183627878423143	0.453990461761199
5.215043804959040	0.481753636484496
5.246459731494938	0.509041378538751
5.277875658030836	0.535826758217491
5.309291584566734	0.562083341585245
5.340707511102631	0.587785216564654
5.372123437638529	0.612907018508556
5.403539364174427	0.637423955231836
5.434955290710325	0.661311831478315
5.466371217246222	0.684547072798545
5.497787143782120	0.707106748814950
5.529203070318018	0.728968595851335
5.560618996853916	0.750111038904447
5.592034923389813	0.770513212935898
5.623450849925711	0.790154983463443
5.654866776461609	0.809016966431273
5.686282702997507	0.827080547339747
5.717698629533404	0.844327899615652
5.749114556069302	0.860742002204875
5.780530482605200	0.876306656370135
5.811946409141098	0.891006501677174
5.843362335676995	0.904827031153656
5.874778262212893	0.917754605605792
5.906194188748791	0.929776467078583
5.937610115284689	0.940880751446376
5.969026041820586	0.951056500121328
6.000441968356484	0.960293670868204
6.031857894892382	0.968583147714855
6.063273821428280	0.975916749948579
6.094689747964178	0.982287240189499
6.126105674500075	0.987688331532980
6.157521601035973	0.992114693754048
6.188937527571871	0.995561958567675
6.220353454107769	0.998026723939752
6.251769380643666	0.999506557444484
6.283185307179564	0.999999998664901
