0.000000000000000	0.000000000000000
0.034906585039887	0.034899496270641
0.069813170079773	0.069756472881107
0.104719755119660	0.104528461975755
0.139626340159546	0.139173099243139
0.174532925199433	0.173648175530393
0.209439510239320	0.207911688268583
0.244346095279206	0.241921892646365
0.279252680319093	0.275637352469607
0.314159265358979	0.309016990645006
0.349065850398866	0.342020139226200
0.383972435438752	0.374606588961392
0.418879020478639	0.406736638282131
0.453785605518526	0.438371141673554
0.488692190558412	0.469471557367166
0.523598775598299	0.499999994298047
0.558505360638185	0.529919258269277
0.593411945678072	0.559192897267334
0.628318530717959	0.587785245873255
0.663225115757845	0.615661468715458
0.698131700797732	0.642787602911270
0.733038285837619	0.669130599445470
0.767944870877505	0.694658363435424
0.802851455917392	0.719339793233749
0.837758040957279	0.743144818320886
0.872664625997165	0.766044435941388
0.907571211037052	0.788010746439312
0.942477796076938	0.809016987249655
0.977384381116825	0.829037565504409
1.012290966156712	0.848048089213532
1.047197551196598	0.866025396982831
1.082104136236485	0.882947586232549
1.117010721276372	0.898794039882283
1.151917306316258	0.913545451469727
1.186823891356145	0.927183848672614
1.221730476396031	0.939692615205225
1.256637061435918	0.951056511062774
1.291543646475805	0.961261691089003
1.326450231515691	0.970295721844375
1.361356816555578	0.978147596754302
1.396263401595465	0.984807749518961
1.431169986635351	0.990268065768356
1.466076571675238	0.994521892948431
1.500983156715125	0.997564048426177
1.535889741755011	0.999390825803873
1.570796326794898	0.999999999434766
1.605702911834785	0.999390827134669
1.640609496874671	0.997564051086208
1.675516081914558	0.994521896934579
1.710422666954444	0.990268071075948
1.745329251994331	0.984807756141773
1.780235837034218	0.978147604684571
1.815142422074104	0.970295731072804
1.850049007113991	0.961261701604773
1.884955592153878	0.951056522853555
1.919862177193764	0.939692628257195
1.954768762233651	0.927183862970470
1.989675347273538	0.913545466996706
2.024581932313424	0.898794056620182
2.059488517353311	0.882947604161743
2.094395102393197	0.866025416082300
2.129301687433084	0.848048109460883
2.164208272472971	0.829037586875902
2.199114857512857	0.809017009720233
2.234021442552744	0.788010769982630
2.268928027592631	0.766044460529839
2.303834612632517	0.743144843925642
2.338741197672404	0.719339819824788
2.373647782712291	0.694658390981565
2.408554367752177	0.669130627914416
2.443460952792064	0.642787632269637
2.478367537831951	0.615661498928822
2.513274122871837	0.587785276906187
2.548180707911724	0.559192929083444
2.583087292951610	0.529919290831255
2.617993877991497	0.500000027567708
2.652900463031384	0.469471591305495
2.687807048071270	0.438371176240751
2.722713633111157	0.406736673437657
2.757620218151044	0.374606624664018
2.792526803190930	0.342020175434052
2.827433388230817	0.309017027315619
2.862339973270704	0.275637389559971
2.897246558310590	0.241921930112976
2.932153143350477	0.207911726067496
2.967059728390363	0.173648213617271
3.001966313430250	0.139173137573306
3.036872898470137	0.104528500504247
3.071779483510023	0.069756511562727
3.106686068549910	0.034899535060011
3.141592653589797	0.000000038851614
3.176499238629683	-0.034899457403242
3.211405823669570	-0.069756434045276
3.246312408709457	-0.104528423218809
3.281218993749343	-0.139173060612296
3.316125578789230	-0.173648137072719
3.351032163829117	-0.207911650030932
3.385938748869003	-0.241921854675325
3.420845333908890	-0.275637314811439
3.455751918948776	-0.309016953345592
3.490658503988663	-0.342020102330982
3.525565089028550	-0.374606552515322
3.560471674068436	-0.406736602329613
3.595378259108323	-0.438371106258390
3.630284844148210	-0.469471522532504
3.665191429188096	-0.499999960086328
3.700098014227983	-0.529919224722183
3.735004599267870	-0.559192864425737
3.769911184307756	-0.587785213777167
3.804817769347643	-0.615661437403983
3.839724354387529	-0.642787572422556
3.874630939427416	-0.669130569816663
3.909537524467303	-0.694658334702622
3.944444109507189	-0.719339765431960
3.979350694547076	-0.743144791483980
4.014257279586962	-0.766044410102063
4.049163864626848	-0.788010721629050
4.084070449666735	-0.809016963498682
4.118977034706621	-0.829037542841662
4.153883619746507	-0.848048067666623
4.188790204786393	-0.866025376578010
4.223696789826279	-0.882947566994677
4.258603374866166	-0.898794021834799
4.293509959906052	-0.913545434634618
4.328416544945938	-0.927183833070392
4.363323129985824	-0.939692600854898
4.398229715025710	-0.951056497981826
4.433136300065597	-0.961261679293371
4.468042885105483	-0.970295711348431
4.502949470145369	-0.978147587570832
4.537856055185255	-0.984807741659155
4.572762640225141	-0.990268059241790
4.607669225265028	-0.994521887763056
4.642575810304914	-0.997564044588311
4.677482395344800	-0.999390823318192
4.712388980384686	-0.999999998304297
4.747295565424572	-0.999390827360791
4.782202150464459	-0.997564052668645
4.817108735504345	-0.994521899871403
4.852015320544231	-0.990268075363581
4.886921905584117	-0.984807761774991
4.921828490624003	-0.978147611656511
4.956735075663889	-0.970295739374971
4.991641660703776	-0.961261711227052
5.026548245743662	-0.951056533784224
5.061454830783548	-0.939692640482936
5.096361415823434	-0.927183876476388
5.131268000863320	-0.913545481766347
5.166174585903207	-0.898794072635550
5.201081170943093	-0.882947621403325
5.235987755982979	-0.866025434529092
5.270894341022865	-0.848048129090409
5.305800926062751	-0.829037607664247
5.340707511102638	-0.809017031642070
5.375614096142524	-0.788010793011250
5.410520681182410	-0.766044484637186
5.445427266222296	-0.743144869082344
5.480333851262182	-0.719339846000195
5.515240436302069	-0.694658418143788
5.550147021341955	-0.669130656030360
5.585053606381841	-0.642787661305048
5.619960191421727	-0.615661528848325
5.654866776461613	-0.587785307673330
5.689773361501500	-0.559192960660741
5.724679946541386	-0.529919323180235
5.759586531581272	-0.500000060648958
5.794493116621158	-0.469471625078711
5.829399701661044	-0.438371210664785
5.864306286700931	-0.406736708470569
5.899212871740817	-0.374606660263126
5.934119456780703	-0.342020211555984
5.969026041820589	-0.309017063916365
6.003932626860475	-0.275637426594939
6.038839211900362	-0.241921967537046
6.073745796940248	-0.207911763835071
6.108652381980134	-0.173648251682337
6.143558967020020	-0.139173175889487
6.178465552059906	-0.104528539024862
6.213372137099793	-0.069756550240843
6.248278722139679	-0.034899573848505
6.283185307179565	-0.000000077703227
