0.055727958679199219
0.005026459693908691
0.000436902046203613
0.000220537185668945
-0.001989006996154785
0.022099614143371582
-0.245084762573242188
2.718031883239746094
-30.143436431884765625
334.295837402343750000
-3707.397705078125000000
41115.667968750000000000
-455979.750000000000000000
5056893.000000000000000000
-56081808.000000000000000000
621956800.000000000000000000
-6897606656.000000000000000000
76495634432.000000000000000000
-848349626368.000000000000000000
9408341868544.000000000000000000
