0.055728219443560314
0.005023558690391505
0.000469073849253763
-0.000136253651399893
0.001967864014652587
-0.021782757812578348
0.241578199953014414
-2.679142957295736905
29.712150730206120375
-329.512800989563061027
3654.352961615399791651
-40527.395378758960770682
449455.702127963968280255
-4984540.118786362611899676
55279397.008777952702075709
-613057907.215343842282891273
6798916376.377560217864811420
-75401138047.368506237864494324
836211434897.431128799915313721
-9273726921919.110922813415527344
