0.003105620015141900228800020400399262
0.000025250612343409299556488967208878
0.000000205303102353965163875422874143
0.000000001669241214992913183570092376
0.000000000013572003557294344765827102
0.000000000000110309159930129704864686
0.000000000000000936508471028742054128
0.000000000000000032012353026627260907
0.000000000000000039366466128188481606
0.000000000000000039306672638272777563
0.000000000000000039307158796343351422
0.000000000000000039307154843577410803
0.000000000000000039307154875715838275
0.000000000000000039307154875454528100
0.000000000000000039307154875456648163
0.000000000000000039307154875456623511
0.000000000000000039307154875456611185
0.000000000000000039307154875456605023
0.000000000000000039307154875456598860
0.000000000000000039307154875456592697
