0.003105620015141861185451591423865858
0.000025250612343448605007021198519737
0.000000205303102314659909204050979355
0.000000001669241254298169912190253784
0.000000000013571964252037632553183661
0.000000000000110348465186843216903786
0.000000000000000897203214315237201058
0.000000000000000007292903686877578896
0.000000000000000000061209414683652411
0.000000000000000000001415924767946546
0.000000000000000000001902082838528927
0.000000000000000000001898130072601974
0.000000000000000000001898162211034756
0.000000000000000000001898161949729412
0.000000000000000000001898161951853985
0.000000000000000000001898161951836711
0.000000000000000000001898161951836851
0.000000000000000000001898161951836849
0.000000000000000000001898161951836849
0.000000000000000000001898161951836849
