0.003105632727965712547302246093750000
0.000025238749003619886934757232666016
0.000000217181451489523169584572315216
0.000000010208908385322956746676936746
0.000000011891723161738809722010046244
0.000000011878039885004909592680633068
0.000000011878150907307372108334675431
0.000000011878149130950532708084210753
0.000000011878148242772113007958978415
0.000000011878148242772113007958978415
0.000000011878147354593693307833746076
0.000000011878146466415273607708513737
0.000000011878145578236853907583281398
0.000000011878145578236853907583281398
0.000000011878145578236853907583281398
0.000000011878145578236853907583281398
0.000000011878145578236853907583281398
0.000000011878145578236853907583281398
0.000000011878145578236853907583281398
0.000000011878144690058434207458049059
