84.542168452646592
176.291684766484650
64.505747672571033
103.173157968298938
54.732585227603067
47.280189421342129
180.358685961715310
121.804147483951056
23.103548748899357
27.243768641266570
104.866884287903758
28.649199905690011
75.970971989895588
16.597488918036788
94.478696194327995
5.360463011124693
25.051887521778326
23.103548748899357
5.671043938932598
75.684341381962440
41.957049559727238
115.317537260713380
22.978898748752499
75.226673694820420
43.639039415040770
53.012801580004407
40.379822934063668
37.890048364496579
69.123418508658688
74.442275414252208
31.654198214666167
17.004831458407352
46.151038541605658
3.442567031572253
36.825420392173555
49.350299367525849
90.584651538804337
56.661120508086015
97.918263489525316
36.101595711950722
8.200552876315669
16.597488918036788
3.846712040214925
25.550042321661977
1.737770605303467
0.297694121001769
60.757926517771466
8.465627930400160
43.477946663045941
1.075335422524631
1.250685912083782
17.183975588365684
70.481044289890178
18.963328856532371
40.116088670262798
40.626264594323402
37.049552596873127
27.243768641266570
53.137686273190184
72.121508775545180
42.515071522948801
39.263761877171419
7.725589148678637
16.763837038712381
67.945314967768354
34.018673919685625
77.868381163457798
14.401972629014836
7.858095663585345
21.729118085590471
6.775921004352995
55.560629206076555
24.691578296656871
44.364137385379536
42.808751937585612
70.389218045934967
67.409278506179135
45.397040477030487
30.545462985812719
53.327153963179853
5.622620314460391
29.970254911849906
22.588516569272997
44.100378203047285
14.530858148233392
6.446384995887456
4.878627075374879
38.811557823318481
18.391688824038738
7.370713157904447
2.265958521381435
3.537866210680477
2.004881566101176
38.559300711888000
42.540791612012526
18.557413918045086
30.761992531176247
75.152027395800815
4.748839617934209
17.555654093127487
20.234089417555879
19.206871203142327
27.605535427978339
16.495120843775112
0.628069333192116
16.697925519199316
30.377953793432425
3.092485935791501
22.324919060927414
18.148096724140487
33.516755725094754
0.628069333192116
4.490878790293209
40.971866179115750
3.590512386612545
5.400539553950239
0.173100114250701
48.543307354606895
16.910614792249589
9.854845093324684
13.097712789319075
24.678661156452563
19.670195667424423
11.016777772795422
33.865876970072577
47.280189421342129
11.106691108024506
40.634792355641821
54.107055849881590
42.721821469654742
10.018210390037893
56.313396459234127
7.216557831292903
33.932614842964540
9.854845093324684
5.634448151060724
16.001885854918783
14.878468524555728
25.903409683306108
0.628069333192116
28.565115415426590
11.592660208261805
19.919995027727055
5.360463011124693
53.712622711779431
27.373104733385162
17.864903170802108
12.535911675936859
42.528661893860317
14.986474260878367
3.602240490607755
14.496249498978386
48.919037489541779
38.373970170097891
55.370552813283439
41.575299037922150
16.188983987578695
28.413364595365238
29.235080079138243
18.402155672081335
13.258382479716374
55.100604773591385
30.215582919837061
12.744696660621003
16.178090019848923
22.754373577254228
28.760762717160787
11.348995355441502
32.507688858635674
9.141457942242369
10.029170141424402
13.484440997601041
17.551346349886899
46.517206071251849
11.700200245351198
11.711936709642487
13.559991030900846
33.463950005240577
26.671608839782721
41.069859582791423
17.568006130375579
29.291130126503049
12.461618851106778
1.322391923837586
27.042352538394653
25.644201596713856
11.502076964940215
5.837950899878933
22.314935436067572
8.024432088278218
20.553010744437870
1.479006862030474
17.011204451323010
4.579265931504096
20.336912275629857
19.639283124673966
2.843792524321088
50.579553489154478
1.965541660230883
6.749680174049217
2.587832267319072
1.901739709951698
17.727585362031732
12.210091509526137
7.067770238950516
1.920093571448206
26.579089959506291
8.971067385530887
37.474405465735799
44.086305504373286
21.062871645552605
33.570593362654790
15.172986701548325
7.393929344216531
7.312942647778300
22.438870067139305
1.314926089529536
25.059743210013721
13.802232826321188
11.661486500903038
2.936748311690280
24.117337591071873
5.354444636330072
32.308858560550107
1.574405308590258
18.670215943798439
19.538892257067118
4.690465543371829
23.360927772426294
7.426072718295018
30.631221280476211
11.945554133036239
3.301458804995718
31.702466986892887
5.261362003062686
41.453845390492916
3.729268781378778
15.971237169611413
5.652790252479235
22.749386559066807
22.078104018426757
0.144147527590803
6.951380840136153
34.573994024474132
9.753451953103422
6.037764314507967
6.397613237198357
5.607780816638297
31.268013693030753
19.195181170504839
6.158403797153596
11.201130359285344
9.134527092852750
9.138006160951818
6.932336934006571
14.675957768950866
34.928145639940340
19.733602324879712
8.867261230769600
2.279183975843807
9.969058055872665
2.338260513356545
8.683619389932574
2.114154231882367
7.980028538290298
1.052922202054560
31.510138370640334
6.388183362551445
14.361374403678155
19.126694153245580
4.831581991441681
4.503002026573540
33.112871565611385
0.498726695908772
13.829456189997018
31.889371995368720
19.434594982786166
0.972733065239026
33.256863979453556
11.540506049502483
5.509643532157497
11.339557164197458
12.628646123687986
1.096328086767699
10.116332665474147
0.376999032287586
27.156124090846788
21.292202545988857
4.422418161886526
29.291647820022717
0.542655584826434
6.060588781004526
6.514408292793405
5.190760643147769
23.407260482641959
10.123399897153831
30.092003807575566
0.014994542707655
15.155434306696407
3.396102061231886
18.931374809485987
23.542247545441796
2.393647023896165
16.212261691209505
13.683323081641447
0.276516525644411
2.250240819993905
9.338661834016420
18.941791128926070
1.520983116430671
16.248509134821688
5.718751271041128
4.065817573535469
18.224945691014682
8.671925124076779
2.943151080296502
7.848732236959904
2.871153425822285
17.727585362031732
4.187919115646991
13.500638336888642
8.398124345198539
19.283779312597972
10.452876855555360
0.071187009207961
5.446188423006333
3.409052029745226
31.602893365488626
10.018210390037893
10.532335621166567
13.395429033358369
14.224522955630164
13.822736777618275
19.612612176541234
22.905806903293978
1.146310620679515
8.249095658581155
9.797725307012342
17.932259033854507
18.914620387210334
6.958575748171143
4.788458947047729
3.500079947243876
2.330236149406119
11.314279225909104
9.797408516782980
2.223477245606773
10.232359694815386
10.018210390037893
4.695070528422775
15.963141517539270
5.013610696454180
4.951425705894508
16.296746552973900
11.697623529476914
15.670308332988498
30.688153257605791
25.214436475429920
4.928098747866898
9.397177406182664
42.016031718858812
13.106219702024191
1.273298407327275
13.908197211987044
22.241475565831252
40.357198781646503
29.309153212783940
5.575117791540606
32.191836317510251
1.357317966545452
12.680461472697516
3.006547669093379
24.803124322030044
3.442567031572253
5.284042332151330
18.126475899564639
6.657713607373807
7.331282492262744
11.414801295514735
18.451184591859146
1.802970918568917
16.651232835400833
18.779559305174189
7.254269473431350
3.725168889040788
28.938800778990299
21.957449149422018
5.984697195927538
3.009113898541727
29.700178801444736
2.203677703165567
9.067649700463562
2.433074709365201
5.113557744502032
26.055011492118183
22.538973309031235
8.328750383580655
10.953355697932693
24.535504501146761
2.006884898307135
14.141676263675890
3.700130148850349
4.035935547327654
15.736632914643906
17.562611082795684
11.853775859560074
28.511870744640873
1.981312951913196
7.467268060266406
10.381741892782202
1.314682441119885
11.465277536884514
40.867397778620216
9.602831708572012
10.273855299299157
6.283905436157966
27.511840432858889
16.189975818582980
23.357821021769496
22.083994076364888
7.860458883889805
17.177736391103963
1.609641222567916
12.127379014451208
21.942043680055122
26.893890903883630
17.208341033304123
8.451117813954852
4.226462246638221
21.630082925374381
11.747304544622693
4.842935524578934
9.774526739754492
0.799783522276357
2.145470121330618
13.607667085713956
20.079797405355521
9.038144183049326
21.392026313032829
5.445149327104900
4.683794942041686
8.669360470352558
3.625636109272136
11.864524666363650
25.592880277279619
4.169917716963027
6.850525371716685
0.461721212516522
4.043015534238293
1.077578921506301
27.161147845188452
6.304514937834711
7.091042675108611
1.482426647183956
14.604300116967579
0.702715632211721
34.989694260465740
5.787592683426737
4.431968842145579
17.847269581198589
19.080081261306304
15.952259843901857
6.077676880504214
21.421660869445532
11.460609578346293
14.609878755116142
4.273322830607640
10.842128298427724
0.960927640424188
7.164101357852815
16.980108807776105
10.507456025511146
23.725576883583017
25.199862618452471
4.259011049325181
10.018210390037893
8.573720447384630
2.222817287254429
0.094644044345614
5.197097714411711
26.906175938529259
36.457207959967491
27.144834292625092
5.398956791115779
1.813428312685573
1.329058944598273
7.263731447271994
5.436819525533110
8.799004532162826
6.215967631741478
9.257843935728715
33.605569939294355
29.284485545618054
22.086867566168848
6.706034476144168
0.552465716762754
2.427440554019768
12.279118427891490
28.662561430033747
7.633443732034266
4.559330308835797
34.216228645426781
5.686639619179914
14.379513975697364
23.299707866542349
8.244577751787347
10.312190500738325
8.906180535309659
0.816313964840447
26.968757714082130
9.143173700457282
1.430488660166930
16.700670567191764
30.143533546426625
15.661772262740215
29.226905006950574
15.351646460282609
21.201285555109280
13.607996423882014
6.721958398806919
7.718777709316328
15.108641370535224
14.205638311001621
6.052795833387563
19.386936546480001
7.326280345951091
4.644566355162624
30.631221280476211
6.182650058355421
4.464747497601365
0.788465261225610
6.231374450681415
1.726653544782494
1.006869548063605
2.356868906965701
6.125167804677631
2.333060126856481
3.784793823462678
19.155361319072654
7.784735147141191
0.788810777847630
19.368079667265420
16.331473872321340
8.100314410485225
4.685303299319003
22.438870067139305
4.432319566332126
20.308144806972905
5.863944606911673
0.262346789114417
15.157793704700453
18.738316905860302
3.819110804359752
5.713577433352611
12.003283523958316
13.905251368123572
4.833063119746157
16.428873449186995
0.647114556310498
4.561992031882482
0.586479512238839
3.905304906357060
6.263222721331431
1.561591035415404
20.187075267196633
3.698157409463192
11.405784608560452
12.680107822693344
6.743871283596036
0.572036282017280
1.336578316524310
14.215104644307075
1.304239726521473
11.056871826450561
11.962313643844936
17.540128268531362
2.785382571136324
1.895356829580351
10.919190884749923
6.171477051149623
2.295558928396758
20.774245574331871
17.848381132515897
8.612779125614452
8.580931280288723
1.497553068886191
6.486243695378334
4.937277792594614
4.198003138968261
0.339356662731461
0.686953373738106
8.759359747088183
10.143883169232595
0.395069945309842
8.765706893187144
15.364949822562266
5.585633425416290
5.185674030762129
4.040566339636371
5.919392696594286
5.058213181211840
0.875657233732454
8.520087635486789
6.762018577702065
41.305954766736249
1.541611487660703
14.683631158372464
6.896766933383333
6.958934607500623
12.828130120267133
1.081102512904181
4.107245713332532
17.434134438682349
13.780820650527858
12.320576574085862
9.580622736817304
2.288010526169046
0.491685006629723
4.308689463678775
4.045181695970541
5.217955442365792
11.787835216706299
4.934429670678355
12.434520564722789
9.656114538491011
3.553245231587653
16.911973655797283
4.340705096547708
3.843956689970582
2.047573296289329
5.689692022524696
25.828756779318383
5.640061999104546
6.021657433998826
15.918474227027673
10.253243611269454
2.031974351639974
0.144147527590803
7.825554216502496
10.367541443456275
2.693702811341382
3.285516359459280
3.658036968263787
0.066253257453354
2.161421012894607
1.864092520873555
8.871942812849284
1.622764497182288
5.884369881172006
3.024423556469856
20.893442365380224
2.131472496908827
2.079093675255535
5.023322429938389
10.587095566088010
7.973345687100391
1.284047877372814
12.170117993669237
11.601420424751723
16.291005107822684
4.300311053156292
12.269689485584649
8.894168790300228
26.853441880085029
5.222779529533454
12.368064923543443
14.375683200295271
15.529673436814619
2.012563108858785
11.226679147213417
3.798625216407345
6.505702930391863
2.273259661893235
3.692428778750809
13.661603895320923
23.164794605295583
10.458529196906966
15.074408134698615
1.567039888092268
11.023848357051975
6.188051018244323
2.329600843209846
22.893506219302481
11.009748536984944
4.125022526953671
11.321836478596651
7.523230716908074
2.763514975351654
22.646862664980972
6.182650058355421
8.292619465288453
0.648868841703916
3.888534185753997
8.085312342304405
9.819102187779208
3.700805899098214
16.818968194918853
9.697906845356101
6.293900602207032
0.330095841898583
1.832269204843897
7.498104539208043
16.378718901782349
8.218626175457757
8.855425228777221
6.659955861934350
8.112087752492243
1.807943823818050
11.950064976796284
7.604054002094244
2.140410053369578
18.870290207265725
7.300646701920186
2.506824578468013
1.888324055934845
9.237281567479840
3.909558620268399
9.810622763122410
1.279580192471940
13.019869812004117
4.349099139369400
0.109207655951195
3.897051488872648
20.620375694524910
10.745706201199482
8.253503845698106
9.868512944413624
9.124619496923515
10.018409335986007
15.939291989532649
1.250685912083782
2.280750263318851
3.409673863340004
4.230927543213966
2.413724873445062
1.411503276828853
16.474702788257446
1.089696638264513
12.268385999456996
13.346057543104507
6.900473952870470
1.029815737842227
3.298014979277468
0.499283691378878
11.118564133244035
8.319943249200833
10.217739059549331
12.000231764823866
6.000958165476277
16.973779809214420
1.294347824526085
0.702715632211721
9.379791974200316
24.575138843268633
21.666810190223941
13.147305674397558
0.614005555486301
8.740095014293729
3.243305111618838
11.554514312296533
23.179715737720926
6.301792533897014
3.474166890437800
14.758079332347961
2.419689175811072
0.775682954074455
32.247658915353213
6.089832628703107
3.743040643630138
2.273403472236623
0.710919759053695
9.535542267870596
7.817406998814249
13.003020079883754
1.232503278768945
5.923770329540957
1.395368772704160
5.020686031337164
19.871827438110586
5.623207735063488
11.642402260682047
23.336502297830748
14.491551423169994
1.843388459700691
1.568997310328086
8.406369057894835
29.903891702805140
12.382549161059615
4.162081873077341
2.471480459646955
8.071043652972321
10.018210390037893
14.415874220653677
11.613811507247419
7.487208040741734
21.533847125842840
11.514299886903245
3.149556636062243
10.484568075035440
0.516405737055265
2.728084559497120
13.398295135869375
5.285057387306779
4.549412472507811
14.699673836939382
9.953470678849953
28.025858249032581
1.440576603128648
0.851785965200634
0.838366216614077
9.834427509488933
4.849869913093471
3.418302664935936
5.454208421486783
4.257462711578455
11.991929184825949
1.443850466065669
8.924949391564269
7.015413545024330
6.564661113965713
21.479735344097890
4.306520173560330
6.099972520222764
1.516690902312803
6.043599293365105
21.108624393981700
4.490081324690209
0.422344121148853
14.153436048517733
9.016824681375738
1.498624329932227
0.254855307316120
6.976416183400715
9.750138598445574
9.036457649093109
17.060546139973439
5.385188349306645
13.219716941653360
1.262531772002149
3.807880551486960
6.020834091926872
11.666314224379448
9.695719204222769
4.286151228614472
3.932822098534871
1.257282082792017
8.170508950468957
2.548919330425861
8.064163415495159
5.897473885399450
8.021666649794724
10.012290075146893
3.989894907833786
4.346012176841668
11.946745670520613
1.212619738556214
13.235697494257693
10.567078725158353
8.807981576884458
2.045879992642540
0.497147222921740
1.393811030222651
16.406275319299766
3.807880551486960
17.809810944323544
6.332311586747210
1.336642034416627
7.614211742856924
0.413281387722236
0.260956239287680
5.055650610897146
8.441852616296501
0.140267284017909
13.856741849699574
0.628069333192116
9.677918344089676
7.383954175738154
9.419131747020856
25.533437153925661
3.362227534839576
5.534930279574382
0.808333486608717
10.743843611549664
13.333753844512785
6.991777777924881
13.617491884898072
5.145166909055433
2.905989544243539
6.915242398091777
12.757650950444940
15.826798635042223
5.939273903637513
15.693047062218511
0.818606777903142
8.800129858173932
0.453193451198558
1.197769920388509
7.907374177360452
8.691866308834506
12.173368233050269
8.033110508236859
19.477413809908285
2.755631974191147
1.275796528742603
3.569030582703135
3.519984466256119
9.454973800522794
19.867191631792139
10.641896795635830
9.690632552400075
0.774294625960010
7.566764401136197
0.837963128392857
6.512159846610757
5.131393467899670
9.692778258759972
4.491897251261889
6.283894408686820
13.579691455684952
5.615619942661624
9.563546234448040
12.856279991435485
2.590036888672785
9.903237273884770
6.231587656045804
3.579855481821141
19.164310404705702
4.677785650325859
7.469650597743339
4.969813230957698
10.473876896780439
1.462348251948470
3.321018973794708
2.438150415789551
6.511200598856021
11.080987138371938
7.393567256562847
6.825157530296110
5.732487562156166
9.463244744890744
14.453525041785952
2.006886876964927
16.261468806735593
1.744575363488366
8.440983764374096
9.545542579915491
5.091187654334817
6.716516045491744
11.196144395242300
14.097416515570103
4.219290414608622
0.001817584766741
5.621654890677519
7.167608031109012
10.954637088206709
0.037846712552664
1.506915830721027
5.228862449494045
8.308588828643224
14.598328645969104
1.458944441664926
7.461775238201881
0.506460738222813
11.100508536175312
12.918178775345496
13.897345509971274
6.165896324696405
17.928273883440625
10.633475265683728
11.554786844936871
5.024730681302572
0.025656385889988
1.746280820909533
3.973659376745900
10.171080047601890
6.887593299292803
27.943625072446366
4.303182931248557
0.638943980508884
9.485896403876268
6.086865154583165
1.061726348395041
18.357615666626771
8.234100476922322
8.580692417256387
7.297254517569172
3.648290531271414
0.240148209673634
13.183029640421637
10.545147467248171
2.347732365430147
7.614211742856924
5.366896762867327
6.794336952721551
20.803587235279565
2.461062032283280
8.149505323272251
6.284545156440117
11.018582576584549
0.404619799961210
