318.279252754230015
208.783493788028295
162.870167465097836
147.632224257334229
139.391281404959955
119.753668590790681
111.132212557992133
105.883619552420726
100.586043702403558
92.265054362111542
86.495959113524208
83.680401847389263
82.557423562119396
77.682936844620215
79.183590436847666
73.272969136571120
71.241273729442568
69.216145034519840
66.277387712606782
63.103301758101217
64.639730605779903
62.839134803075218
62.953524887995748
60.123743220558616
58.983938422330873
57.688665325568493
57.880044241056076
57.256350670234198
56.468030037117600
54.828567970428075
54.050819329135351
53.153943278311665
52.671183434649208
50.316416022496917
49.671797150340893
49.316673566426267
48.882042587318253
49.398853717312136
47.479234244332496
47.439599503868600
46.469369640679510
45.219684013058583
45.675788096060096
44.473431168987929
43.929680205931753
43.571102944638461
43.807884713785803
42.426848819750980
41.696628697404627
41.659033872314232
41.970205772526683
40.915182256053285
41.205064973012490
40.941101948264432
39.806415999198713
39.967488214567311
38.805665004619527
39.602398091584028
38.882575943775201
38.399566370306026
38.376817763962244
37.696975217942295
37.963856931947227
36.693501970845936
37.269552093941968
36.961328582093110
36.519723773816168
35.887670778167724
35.759123820537710
35.446650900198797
35.709402188305006
35.048323960611711
35.005437112904708
34.731709647831565
34.489793235016720
34.378137613585793
33.661236362636110
33.597565080978150
33.665093235452474
32.947260154448806
32.620816414968715
32.926702532991364
33.076950351846676
32.532179577853618
32.607896449347827
32.031823112753692
32.150478517031004
31.965140338756147
31.226003583380091
31.629613248394673
30.875872578723339
30.632936561556029
30.785755449604597
30.460495696666612
30.364519894351950
30.524832278325814
30.018527737775766
30.491445085300874
29.959758398285445
29.600772610327930
29.416586757107531
29.645308324614803
29.425589091503028
29.577934890206098
28.870700622320353
28.788442501028495
28.706317187021490
28.709154391459986
28.303866312057750
28.206917625820918
28.144759842849275
28.024950970727257
27.986505462751520
27.969617770765488
27.711095967383368
27.757705943585659
27.611826175495462
27.248208386619300
27.209458290411892
27.186757154573773
27.065968628298354
27.087367572927864
27.020745039339005
26.741419327380292
26.337153946788625
26.713262645131643
26.440004683167913
26.409751091135359
26.329428782526385
25.795245081939548
25.966142628024059
26.019331825356563
25.723461620327328
25.565955062561521
25.620302136277243
25.372819626766976
25.387525524245916
25.389383083487939
24.894027926177461
24.988968864008569
25.040546475485431
24.999115775171003
24.645850930206372
24.720836434803200
24.914140514716618
24.954276810865103
24.466554299116677
24.456638737556112
24.371654615929064
24.360693917911270
24.264717222139428
23.933789243971212
24.025469899366158
23.820063430029631
23.838729334942460
23.806315282713332
23.632934199058166
23.832617789333806
23.679477089373535
23.698076718552532
23.363667081866929
23.477353910175694
23.455416667368542
23.375265219983895
23.044304646704266
23.253497742649515
23.049198968771012
23.085405992986992
22.981173345950552
22.717909948112574
22.810941685940552
22.442188711383565
22.492545440243841
22.298521179998154
22.473342942910360
22.426615387326319
22.363417674462887
22.004423905393278
22.172648382298309
22.267207664485351
22.143505021738935
22.087222349998640
21.778929828382079
22.042813742379156
21.965158206938465
21.857446899707838
21.610921691568876
21.662423369746470
21.676825174757798
21.321548070425980
21.546130819707361
21.311032207532424
21.552706252665097
21.510887742203334
21.404344526583714
21.280328203381124
21.144895147370367
21.116233853976546
21.198848021967386
20.912754347170594
21.069086590558651
21.005034839683088
20.805380066674150
20.795696140960899
20.652399622466518
20.740910759357224
20.561685163341725
20.598087031270925
20.621569503360753
20.312715904171704
20.583506968702476
20.343615708707677
20.512765942135484
20.224070652594726
20.340597067996825
20.167507185229955
20.032182164733957
20.215598076920511
20.114071889105158
20.111306863618321
20.011149871311417
19.920186188644557
19.853747520413496
19.917365584042287
19.981526893996797
19.771228115892320
19.650037555759841
19.643797296819571
19.701952107461878
19.541168214192435
19.486371581676867
19.523338894501588
19.560267784948753
19.414937525118784
19.465768624647957
19.405927376214603
19.404644341282317
19.396875694331477
19.334960502046773
19.164909906803111
19.219944556750217
19.225872852778355
19.015794127153089
18.897852305393144
18.888394305569914
19.063596277290273
19.091507458069309
18.756652047303984
18.766163080195550
18.724775273809794
18.618869767049421
18.755880264124080
18.786803366889671
18.567515673086074
18.542807265063892
18.558275625324701
18.623135568710996
18.294587889356659
18.554878652820406
18.434920016749576
18.458293242282775
18.343535871144926
18.304931497574078
18.337402777656049
18.354499591876433
18.161759373175009
18.202044541596418
18.026987289769590
18.140928862276951
18.136493364754784
18.033692553078602
18.121889392979185
17.966806045086152
17.903027530263788
17.903137424552003
17.827654381590122
17.843815902971123
17.887035278235956
17.839330447956609
17.778744968415396
17.720905821070549
17.745444380983244
17.636054934449337
17.662989137879393
17.647209365478478
17.680857629216785
17.373809565975392
17.445406433123519
17.497394478257803
17.262572943504647
17.438553486675090
17.391869876137228
17.222595792092800
17.473377140208868
17.275878317208846
17.240269939208570
17.243535984318136
17.289920135960404
17.239327094733046
17.053721876212137
17.095738133850293
17.091407940557918
16.996669689599567
17.103292282276939
17.033137077773340
16.922933978155417
16.961052667399510
17.011382511074867
16.885621967736405
16.856527167608490
16.854349907586904
16.882435418704453
16.702270007031135
16.744676024257707
16.735513791789934
16.664827450522935
16.724878124753321
16.726232489482811
16.632993792996949
16.599273082420137
16.734488102514746
16.573412707607169
16.402707979751145
16.520491217967173
16.418824924677175
16.437393155416338
16.431567721046790
16.498040713777311
16.432681690147827
16.516806311315001
16.382043684574288
16.398812716073934
16.142034696422769
16.381163099533140
16.291271221796936
16.241551066681982
16.011777646044653
16.322102563525391
16.163416680127114
16.173644259254058
16.034393578048995
16.021147378381524
16.121997943947527
16.087123516161768
16.022714014776231
15.997001184325340
15.935654847979395
15.967547691327521
15.995152116440266
15.907369687699299
15.880498120806516
15.814453813807631
15.884550528024668
15.660305463028951
15.813758393891233
15.768175845761439
15.764461581799354
15.731702971710215
15.660954800613558
15.636073594810703
15.699837907414055
15.617030297979467
15.611115234550637
15.548301595631491
15.613459168708609
15.480232455000307
15.622142646050380
15.500389072126287
15.432435362277804
15.451528496547205
15.491205749266973
15.406254185212859
15.366903846754598
15.366828776650454
15.324675777686920
15.400648070836597
15.263429228606734
15.317163486681475
15.242019278284301
15.157578786704592
15.310108932097647
15.200766584912367
15.218546598805636
15.177117037387255
15.091567303278065
14.958533135492619
15.031321073597537
15.037616138240237
14.995495184520831
15.088860479671876
15.102036572440115
14.985075995750426
15.099711223989196
14.964705014479877
14.900402441834933
14.987675578673201
14.839529151965380
15.009349091904546
14.857130084142309
14.797536488750223
14.851980237926666
14.824501412101670
14.774073200574573
14.707589208816630
14.734443649408645
14.824904626140006
14.713065782012242
14.717093665348074
14.669146905412502
14.608267915681585
14.754719352546939
14.629685971286920
14.706159211615191
14.647956112116576
14.714294310885274
14.627194686164714
14.627922476570202
14.535021597735824
14.482822926480935
14.534536515453787
14.422422663762619
14.467050822077496
14.455224928624755
14.374022162972672
14.429702509913422
14.457390510700341
14.348008861513666
14.367812859601512
14.260987061832306
14.322534399345894
14.348766819645316
14.280146652043623
14.323089546162301
14.273077677495499
14.339209448358032
14.280496980898603
14.182184160898506
14.269115145450632
14.251586638340299
14.183836966506087
14.168415157502263
14.145783753183885
14.109935062396550
14.094760038396931
14.142991988507628
14.106337806651263
14.018975832538871
14.008289693781013
14.019016334942224
13.940489832303118
13.943733802282994
13.954504695237155
13.931012315075394
14.017988539331448
13.913531773616523
13.960764212524575
13.991029783793065
13.921684865375699
13.850432678698599
13.741710604847581
13.768328361661606
13.795534598747672
13.809169289815149
13.811836735377696
13.758216424509511
13.770536711414591
13.734614361343054
13.698224886448887
13.716678589377958
13.675525222832576
13.724034836471249
13.657891421678023
13.668828234650391
13.654481638014353
13.559562535625469
13.594916587465757
13.571001941517508
13.614757368651039
13.583957262030601
13.523072972798449
13.576610673019067
13.503384701570061
13.540606934220012
13.427572487857562
13.591506407323232
13.521901545626983
13.494992349834494
13.435746562106807
13.510760114874053
13.445940989219547
13.395515406950356
13.418153619579407
13.412779021653149
13.424675241309876
13.353542443953931
13.326869354958436
13.333442280071871
13.378569906197759
13.315935722549314
13.243470966675375
13.226362010552558
13.280256177404098
13.300840631281597
13.249009723125258
13.256216914345897
13.212034268140320
13.235472229066211
13.195992811917957
13.162467959960104
13.178991929780576
13.145675836930717
13.142150182438353
13.173743057176202
13.153237441648672
13.053667682908086
13.037775808645099
13.099767813588919
12.970741377621405
13.022140123683590
13.140684926042800
13.019695018790856
13.009657820097914
13.011396888178284
12.918733173844879
13.024813682116884
12.970646215882535
12.964886172304265
12.900064797321114
12.905700334996629
12.857333664854382
12.904631915238969
12.944092362762472
12.880973961110067
12.870789126822411
12.870611226670173
12.894209024293176
12.836756808278972
12.866134618703223
12.795465185717836
12.794026082430470
12.726443131646878
12.783891407074385
12.807951252001798
12.657097500156441
12.749652566886139
12.655447888625835
12.684525327713772
12.684963863169781
12.666463782304287
12.693048157557358
12.645845240244421
12.689093931313240
12.655215191302920
12.633911548654586
12.560620765317628
12.580271764844639
12.504423910018696
12.613037810288208
12.585641086916048
12.556176835907140
12.580986474007899
12.531419765593650
12.547314168192871
12.477631244049862
12.502534208411978
12.529072173095068
12.423041363218685
12.525131316146554
12.369456494475680
12.457017942837611
12.440793091621149
12.387371977385763
12.389522672373111
12.472658673547832
12.402173264244993
12.429142306571640
12.422375699023105
12.339224358464051
12.339226413335748
12.276587886569070
12.327008510860134
12.306832623132010
12.312789573591632
12.287513340307269
12.298994807088013
12.205343167394556
12.332328533672367
12.340832084837908
12.259302027272668
12.239528308893187
12.204071306397402
12.193071583442610
12.229701609867931
12.188735612700089
12.192534798329866
12.184668275771264
12.147440370906891
12.201496514288705
12.171851816453172
12.154472808778959
12.160341267758595
12.141525274795113
12.073224891754082
12.051854956789956
12.112176779243454
12.157010357215885
12.030021732424325
12.089009547000282
12.044352770015834
12.093226080703317
11.989530790141151
11.947089087149442
12.067875636585860
11.949336422184798
12.002021512843863
11.970221577245312
11.922874740941344
11.974405202325851
11.950523569528881
11.983747852385449
11.939722400509025
11.941008668743914
11.894521638322976
11.901713004637530
11.904473147112368
11.884943216658963
11.822494944710606
11.856789643691661
11.809361134665510
11.839859860880159
11.857476215160675
11.859374116307301
11.833480012442044
11.797735705893077
11.772962123153800
11.766616430076406
11.772572359028135
11.726851309937425
11.746916823847402
11.770480252391009
11.707083048960026
11.711657440191111
11.667428502366299
11.729830032614659
11.648208223119704
11.679806898358144
11.696881483389213
11.739686515222671
11.646504493236183
11.642407494619631
11.681950589566380
11.692423982032039
11.595479710019251
11.611448427352990
11.522367207839984
11.691247571595865
11.594496242461952
11.579386797692374
11.615137430244541
11.529203630988647
11.559575364674048
11.544271171208790
11.522709030931177
11.596036184324110
11.492636526259322
11.554229566389195
11.511377868563812
11.481879325978078
11.528925045100323
11.507735789512671
11.535105326797892
11.519141424547046
11.523910445430152
11.447580271524386
11.411418071475117
11.444182371625319
11.361753547500555
11.424487828241045
11.457206116234852
11.410597090374250
11.358073941527179
11.422830589644205
11.365094227139480
11.389221237801900
11.411111452310374
11.378239788870967
11.337213247111844
11.308037066796093
11.299597507492855
11.369537168416718
11.281838639551561
11.318987045262679
11.228258513172896
11.310056446571910
11.257390212294350
11.201020949471959
11.237064815936591
11.255418432967076
11.247099652713418
11.212886702093444
11.219585211594003
11.228603635436148
11.195847022295689
11.226822243707824
11.216175046624066
11.169521596299255
11.150840921457949
11.167366605783778
11.180393473873012
11.167197099599868
11.105984170689583
11.137044911499501
11.125133339871335
11.145689403944234
11.146105095513722
11.057840615128930
11.128806453536878
11.023343894060718
11.100830673831826
11.002965359927655
11.035005359218841
11.052565765106397
11.063236245182960
11.060527847986741
11.021448789270220
11.041886656272299
11.062884528573738
10.965365297027876
10.995465529381475
10.984840122951868
10.995097251275698
11.023861231473587
10.982723288783042
10.996166538156245
10.972080667242555
10.920771730201318
10.992773626690733
10.963289614728632
10.911286674029412
10.953775708433675
10.884602031633472
10.963577762032518
10.879651297765081
10.852248383345106
10.921935968940693
10.877133170033456
10.858276740738008
10.881114907179667
10.848589782137200
10.888456777726802
10.843850278349777
10.837229726941487
10.864297869789967
10.832452625838458
10.808466816105064
10.773288434296651
10.826956062568209
10.817406012564389
10.830603876504322
10.808000398633988
10.753969545273488
10.802590925365298
10.813742924957346
10.787110075520456
10.785857847255210
10.725027575494114
10.751757866721478
10.733163613669134
10.744102619920321
10.706623676360296
10.719175994625690
10.680195362571210
10.680188597727801
10.734509995586487
10.700138680350635
10.689882516825783
10.719335710281351
10.737406570916537
10.656668251911375
10.649865351917157
10.637402795843913
10.586345382250844
10.642346662526890
10.637613046544541
10.663815272328717
10.630950295972232
10.588828288829342
10.651180188101467
10.580837447011351
10.562486128687334
10.618364297895274
10.621352422244220
10.548469458905478
10.560995674346710
10.563882368210759
10.504006881708909
10.558350818292531
10.535580436939727
10.503316863512147
10.486548979706749
10.466043049773427
10.529327604621725
10.518345121862456
10.528443862194809
10.491786025078081
10.512414678827266
10.471463750922684
10.458394597912374
10.433318328579970
10.437230962611617
10.430839741564998
10.431770531469871
10.386310580941041
10.472243617663816
10.420400497296981
10.358654935209064
10.375540551382475
10.434602666907548
10.379406720643916
10.400901851035918
10.394338490780582
10.331252756158650
10.391440934989026
10.364995823534636
10.309811987822167
10.330887702729269
10.314697123073223
10.338373207720604
10.301421676844328
10.322197949784522
10.351547204719173
10.357599494594448
10.315599895002274
10.326389287618856
10.284860790852346
10.263089997808141
10.260517709022684
10.252813701475679
10.224811269292596
10.248135463984163
10.262399132380487
10.244123799260327
10.244059354675645
10.234803531887392
10.266168244198044
10.190597544373329
10.223370475948141
10.196371914409594
10.191326414516405
10.181042676674672
10.185574976564698
10.173506970826377
10.170760859571054
10.224292581575767
10.164581727624853
10.150794491992682
10.126411753028036
10.104734447535909
10.150193526488188
10.118594825875245
10.179375817557057
10.132587518189256
10.114302576230665
10.144066200643014
10.131605597132754
10.122244190489493
10.040381802685271
10.029324186936535
10.087469758548346
10.083453103119004
10.071119365708467
10.085235405462848
10.070985584951281
10.107173864980528
10.074886160412680
10.053571099608879
10.064689549392536
9.974162529377683
10.038401556232149
10.079084434598441
9.995989451372028
10.026938005554236
10.008215309988326
9.974000431077387
9.958719129185543
9.966722665490737
9.974211926402614
9.976941436129700
9.930988613643585
9.947928216468691
9.996030700788809
9.992716434338988
9.971414924592265
9.929655124671752
9.895968356924627
9.900277074815779
9.925771599636336
9.905594093329041
9.917291945665889
9.937562646922338
9.928324370806981
9.860128952728854
9.896241674041983
9.899889658042349
9.882251930188474
9.912372987535583
9.869553751746325
9.884067493347434
9.832549790066103
9.838970899200804
9.850855389666600
9.897425177440413
9.880089804860424
9.873257180826224
9.803078345682193
9.807995378222381
9.808998309865073
9.820698530666247
9.823832252431563
9.769159001279235
9.787422868930724
9.795033053723236
9.810747702433863
9.797866114496856
9.803316785363029
9.776145579949176
9.783615303838010
9.796923806932970
9.764181741434566
9.742875874574381
9.750163200029190
9.750873008108620
9.730072530780273
9.717383176542898
9.732315938236495
9.705890865579956
9.694639524010212
9.701316728301119
9.610481353299916
9.689492757157476
9.705620718371772
9.727148682829583
9.680209125649457
9.700843727362473
9.666137669854034
9.667062766170901
9.658698477228530
9.669617809231502
9.642402135187146
9.676465382356238
9.635792193365612
9.639198303173091
9.646377943745993
9.620726229115661
9.653721861561479
9.591402837416789
9.595049436564288
9.614790308576524
9.617725585454860
9.647209405040893
9.561155651439929
9.581648966462140
9.585180850810639
9.576470308518470
9.576223845114120
9.515992236008364
9.588345475337766
9.539527989072896
9.544759696421549
9.577010941509306
9.564133078840888
9.569902122531388
9.546739465947114
9.517235438919950
9.550743674161405
9.474251258614018
9.528684492976957
9.500292366025755
9.518963286724430
9.493047783629278
9.510547943023345
9.452893440352621
9.463977514426468
9.492974270086037
9.472534641185231
9.461202140675905
9.433439184660159
9.400441934318264
9.454368226555310
9.448170852602269
9.412602235607205
9.415725870341214
9.473867195386257
9.449670898871259
9.442428513690151
9.408699959558323
9.417451232884872
9.418462481684990
9.430272502649961
9.441256423516863
