111.401946229578243
307.706373064505442
121.222844302652675
72.317120570900670
153.012512775698724
85.686637344731025
11.473235069872089
150.040121229765646
24.550680426406188
77.886829582963401
51.394385753216511
36.388331033807390
90.271987650387018
62.713432843469718
35.804769022821120
63.027183127941498
9.371761093590749
23.598292476018742
15.629392859150130
60.069151363202081
28.086293946154456
22.746170842289530
5.410929647229295
12.592837009127152
46.343649006719716
2.265080896271911
7.474890662225789
27.472680466613610
65.945147808565480
6.620848070891952
76.389107610954852
3.416143035592995
10.492206930273824
33.006322237024733
17.281464156732909
58.468432624654497
8.898916723236880
72.648262225037115
28.123639838329836
59.714471117840276
10.360781999229175
8.244969455833143
18.190720797825861
1.888548173155414
24.905571313551718
15.666679781577614
17.566171372152667
6.501673054305684
0.098967127415563
2.737796124535180
0.384884190597631
12.708116106758553
24.460290344955183
3.605813204067545
20.025192906177381
0.284449587039035
4.729133802742126
1.236368484085006
44.835320274180049
33.512927819633205
17.333489600725670
5.353489772986677
11.360117572368836
32.122467364674094
30.281994483805647
35.300772931708934
29.564935855660678
15.281153583361629
21.062790102658255
27.364822381230624
19.874815652577581
13.232904857595031
30.126612283082295
17.993949521035802
16.026622263647141
30.540329585589006
23.779954816566033
10.106660680115283
39.664337290623507
5.485636620762079
11.229790562600328
9.502095785808478
9.634541542505531
11.916427468529264
0.950575749139489
3.546454153796049
11.694123383136230
4.633307850530173
3.422371078220976
9.195394147397565
8.094255977268404
8.520975083161602
42.703071328342503
22.126565907431768
9.872606994554417
3.192222365335283
50.649122144139028
22.467696582491044
16.239464119826380
13.701169628558091
6.152923864261538
8.194382756063987
23.495393481336123
0.693834883810950
11.629783239287008
3.883894320264062
19.571097698632684
25.079550643662742
24.246330713320958
16.663960604797467
2.422014085575256
1.892558962347948
28.487596369002858
8.377146742456944
3.544169555807684
28.636116718187850
13.073415341132886
4.562077358327087
3.204155356276715
21.807379254802981
21.071890885320272
1.289279130658542
16.710125297835475
2.515756359633770
20.180541281844626
8.604948801532146
42.395874741201624
19.508274828900312
31.010941047635924
13.971793175390076
0.144368966846741
10.087934907098997
34.039913586133935
15.097025423325476
9.431234596897184
12.143438932923118
8.823009491959738
4.640852325234391
13.837642607635644
6.604238458541658
6.514888698921595
4.390395260433479
1.402573193681974
14.689379455420067
14.623875688146882
28.271113902463412
4.043468583617368
13.857069269629164
5.114965470705101
12.841666626889719
9.171398367360553
18.774310234967288
18.776739652885453
11.977292880160803
20.667677890243340
34.893522141150015
5.638921159484653
4.700200071646805
7.759259707226647
20.853912628511580
6.592723298209876
34.545160156823613
6.699123751609932
0.378124229615196
5.985010342488522
10.321765714217690
2.180668519843266
10.046506544685826
8.659520444040254
0.432355769304195
18.154090248943476
7.932668518828450
22.545117879392137
16.538953780559041
3.550607802931381
12.153941115967655
9.363959131062302
27.568025790544425
8.110214096605660
2.389565542172249
18.594040494522460
6.348590001876119
42.202992815375865
12.624128719855207
5.032889782116172
12.007640588347158
1.723880766003731
2.165872106303368
6.375400044481012
13.029104269130357
9.614120012269041
17.313383061694594
36.315148359451086
17.310980701144672
6.518837581599428
13.299189191038295
18.745871322464836
5.969547284580813
0.503524154233901
13.119764550883019
7.372793864945152
3.813705539984312
1.759197517000757
14.185820035235110
0.136517423273062
8.588161743740784
15.493554199119444
11.804455313512790
17.658031030631946
1.448291870585308
19.590842614050416
10.203200219908240
35.048005016999014
1.555363671478290
8.589486628805162
17.809770375849666
14.260993151610364
5.221517901737343
13.986703293408482
6.994418780505612
12.299989281801572
19.271081402424215
8.655620969332404
1.793896814860773
11.106357248442237
1.052951325159029
11.401544680767074
8.781394643159956
3.448380153551398
15.047589488292715
9.778702187955787
17.922108902919717
18.238172298062864
8.701859910696157
3.312361829586052
3.859855678208760
2.405442580498175
12.260455893873996
9.166051086752077
1.198173571889811
3.247212414213664
13.610755814296454
0.875137101261998
7.797073672215447
11.113715325303247
10.084310446519567
18.960852617175760
1.651849126285924
31.537835718903580
6.737620313949492
17.711927696223256
6.118954623347236
6.821404063476848
10.120971149472552
23.046901703278763
0.806925488586558
16.065622671777419
12.636877732247285
11.317215793119885
1.215613684856180
5.474732718910445
6.591489075464779
12.660101287021462
20.669581615926745
4.648331395026389
4.721888636199992
28.372741132475539
17.445457821391301
0.218327927836299
3.074268754095328
0.153111617839158
0.465912025183798
1.361075369937225
0.706475375584660
2.717654944452761
13.775077690910848
10.052651188115988
0.867777893831544
9.562483756356414
1.584789688410183
1.058992263288246
12.306319360556927
14.729141798540468
2.097804498632286
3.249661223039311
12.182663582315172
16.983476818890722
3.478478135942623
4.753506561973154
7.403065428094806
3.578970258319714
1.290290520767712
16.349777519340705
9.574957655399658
19.356142486493809
3.230476594454331
3.533935456317977
10.650683714659635
5.923058591678682
4.940098895607889
5.583122287837796
4.735794813787606
0.510214998554375
5.957396220123655
8.439098494728114
6.247341988241260
10.538863981219720
6.888324136981737
6.224753519578599
3.439102800432920
2.028369964765943
9.398149050366783
1.494618937046653
0.363697576583718
1.589834558649727
6.867819799162135
21.686624430472193
2.267122548611951
7.835273926321861
8.872324417453456
12.307007585223346
4.390666223015387
7.647515995220374
3.716333726865059
26.713044601964384
9.965679684800307
2.724728783519367
3.146703872957232
22.647634932205847
30.297775888325532
10.361470823914260
0.651167821439913
13.587890825961722
4.416369162732508
19.169961991262198
4.183071753877584
10.144588118027059
20.850963727068347
0.713916168940159
19.362958979986388
4.918576605739872
8.983778630425832
13.917297227912741
6.131843152169495
20.200197342062211
1.414685136590151
0.486143811933061
3.752614705387259
3.036212718246361
15.962453672834499
2.412680086777982
11.006171791287443
9.751449464081134
14.089310186081093
4.648646908939099
1.332830055806198
18.200887553443181
8.979222537189571
7.038363875438563
14.536818445079462
5.056570461213596
0.314659476560564
11.122544330852406
3.224803755369749
13.027926559357866
10.298682501980466
10.482087421533834
10.826064547198257
14.445553975939902
2.313943262496878
0.153678188779168
6.741042199997310
6.247113313311729
17.668104803642336
8.174346190856568
7.746814742042261
3.264936074612933
4.054939705729566
20.287737264292673
0.346942874089791
1.656898860503816
6.910676418622643
10.554700744360389
2.130785083642877
0.077859652772531
0.397799512701340
1.707150539966960
0.212024137578737
1.228443339872229
1.465501311646449
3.609923955550130
11.971172867169798
4.193888278835175
0.223433328814735
2.250449176390475
0.737311891821491
3.378655480940324
1.466622659677114
3.951151097266347
0.958406235438588
7.118537805489950
4.341829980180819
3.913989590456595
1.091634727724568
7.302569870551224
10.119510380480278
5.108845665591389
17.188878468695748
1.103920688476137
7.759958326579408
8.867610266065185
9.618560483837655
0.355638979456671
5.691678717524837
14.124760478105827
6.390850017107368
4.653920500511731
1.930611962399553
6.504658670663275
7.305623045796665
0.268351214986524
2.267240363499695
3.500293668547783
4.780794684588955
0.172341732656378
0.355384309813871
2.189536615464476
6.822813530616031
7.089846467835969
4.489480658387720
2.677637786280002
10.452880146494408
12.937198553559256
10.625944837420093
8.122050018465870
9.917936270711152
6.844641656985686
1.244829352081751
0.192448668287625
28.095536907234646
2.299558466333110
3.155235648100415
0.714406360072871
1.510713694668084
0.439561606226334
10.752206314578189
3.214099572499663
16.611019558442649
1.740799617246466
1.485450291900861
7.458123070985948
5.179209642556316
7.810251816123355
6.890717527375955
10.374185747706633
10.024454527371518
12.353027973273583
9.901020966177612
7.189623325113416
0.529006177107703
12.102879156027939
0.217879058858898
1.565626197514348
0.959620522128489
4.277959197451082
15.018137529613341
3.020412991571675
3.813842007720496
5.141195898762362
12.484877730251583
3.545168256383022
2.406201886772578
3.032232218366289
2.832195953819109
7.382957600380678
13.877678057659978
22.648260373119683
0.379427635828279
0.722141284225472
7.659528536852349
4.646957754028335
1.443139121829745
8.473034635708473
2.491359853463109
9.254692547111290
1.637806161891604
4.591890786349495
3.522802696084455
12.267249621532983
5.389704866023749
0.911572120625351
10.742505184210813
13.451578278923307
5.647690221491303
7.151598562195659
1.940015891709891
0.107380043931016
5.127390551687540
11.250937998747986
7.651920994381044
2.565000316571513
2.967437945903612
4.552035474124978
0.088670951427503
4.798637795823652
7.792960355011246
5.179620808624122
0.054042140533284
6.836822092522652
4.085214352400953
14.057665193976391
2.461790238508456
2.157524090776178
5.091228915357306
14.220695504235891
6.618717418233473
5.687777663479665
17.057685797933345
1.293321067804982
4.127566922689084
6.874807056616419
4.825413037966655
8.299665549072643
10.283098203554573
11.659099831302001
5.560877131295229
3.060454701410208
5.617798859181221
0.141201331609409
2.653178256891579
5.148511182429047
1.662774123753479
0.641524687295714
2.488920912408275
12.971520567097286
4.768221142921675
31.361149794119228
3.078601379108250
12.485506363661443
10.506731891877280
9.843685192834300
5.604640855063280
10.376202294656196
2.684674475796328
5.229404587212457
1.762501564157674
4.192219550321397
19.165550732800057
9.055918299016184
3.917004013291944
0.592594475920805
5.216449588858268
4.472298746052957
15.068356822727537
2.354752049354374
0.006257835450015
4.170533417706565
4.705292357461758
2.456939534925596
7.285806974344723
8.789227941755598
0.702371742132527
10.250904957582406
17.449813809687157
4.131662833353403
0.249524429604435
4.656382584472112
2.563164666396915
8.534889690213504
7.704315682179413
7.614311010147276
8.221742390761165
17.113182945609424
13.516520666906899
3.368498460588626
3.363420540835705
6.623897673074225
2.037573478422473
1.754985805264596
11.586702236881365
9.556128800546958
0.405774598625840
9.972023587827380
0.258912672580209
3.698216965587790
11.400171913237727
12.959957833310227
12.285833097480918
0.692236511473311
17.099887127239526
7.630988921921926
5.346783531975916
4.893767613699993
9.844585610942886
6.566250116049559
0.600605347792907
1.493000206831539
12.050694888421503
6.473505546514161
9.337458497221178
2.144202436356181
23.791460707424449
7.876025117794143
0.974496573029683
5.474931586333014
2.459575407554667
8.880258089413701
14.576305527798013
6.275697855386625
25.627164409164379
7.004797592312798
6.279450702292706
16.819953645429678
3.280296671754058
0.615606916051775
6.308160480853530
4.961441081267822
13.209119226483381
11.186851188318087
9.649796957852004
4.912063105703737
6.884600061030369
8.505606526857491
4.074438167765720
1.502286395327474
1.076290268189268
0.514285096007598
6.171962710965317
5.435764543704636
9.888902370502137
0.784849276232990
3.407986447127314
10.606331988720740
14.276280571825964
14.957593853911021
12.857549760304437
2.591513555716574
9.318924447434028
8.111648825662314
3.649276038350308
3.731189474181519
4.494652869353786
2.150475398961589
3.155383240262381
7.914684131670811
10.957554977827158
0.227349618997323
6.113699174403109
13.203400375393585
3.525273994334157
9.290569950773488
9.851765724223014
0.040990199701127
13.914975922883059
6.889352510465642
2.183054494620364
0.806490632583746
7.374784116932233
2.737961946638279
7.187017934191999
5.782576855558318
6.232018515758227
1.849346325270517
7.297968247720974
2.625510863920908
3.207654857060561
6.548229604281005
4.209031876190920
11.570732605883904
1.577961301004052
3.195685215892581
2.440914201714577
0.422470342181441
6.081937450678197
4.630807192534348
5.606128918315108
2.767776370857064
5.873872602875281
7.793469578934719
0.827407559313087
5.698403573208225
0.267515316337267
6.715596525819365
4.707250460840669
12.558985057076598
4.735542806709418
5.845347889294999
3.218943749047412
4.435715782337638
7.931790152231542
7.339753273466158
7.928361427847449
0.255101524608563
3.819019924355644
8.745027101298319
3.615421019742826
2.582754664186041
1.307040622272780
1.411730257482986
13.999974724732056
8.684643740525871
1.971545045252242
7.464734135538038
8.012391998949852
3.927500920807688
3.163827292293035
4.240976208343000
5.911426704716860
4.609952773387022
0.639857193352327
9.230402394949124
7.449618274799150
16.626468863032187
7.566250390231744
3.609031869554656
1.163319683171721
7.398285013299073
5.320808916655324
4.007684969968068
1.526322546208348
4.592818731635589
13.762794688121858
14.455355585833786
1.684232871156837
1.993100021808232
2.026011416173333
1.648988810351057
3.389004545772195
5.634798320546224
1.224731823956972
4.257388085190769
5.553865688568067
8.113031885553482
1.398517969795421
3.773810939057057
2.320013245246855
4.305061534229253
2.622679614131584
9.980641092441601
3.109954583683702
10.566754677553945
5.242617512968081
1.827058766044274
5.380266088358667
4.261080048253916
9.036316834005447
8.138776935867099
7.411557588445476
0.540657009124061
9.302903814530737
7.025429500902874
0.017706979424929
12.657376278193851
7.030021179375353
11.766578932666107
7.695158854916144
5.736422908420764
3.006166134799287
4.476809966334713
7.374291677333986
2.283136407268557
14.717257211996412
5.497558419008556
5.074171269842282
8.140011544252502
3.753826299982620
8.168648296972378
2.129052990872651
1.713931732638912
4.586549643835951
3.743410253773845
7.145470756169061
1.738040269985504
8.822580191093039
1.453408059336880
2.661474883082974
9.309502189768637
4.760580175028963
4.740536734158013
1.730668829269916
1.464534173499260
0.730060823686017
5.746800185748953
7.464848701890332
0.219210332113335
1.847409431350343
3.984910359425385
13.248367343984910
7.723977829576597
1.222331128656606
6.185157431282050
3.391695009335990
3.647993611871698
6.029155951843677
5.093771761681182
3.119065785976318
3.953308474804771
0.139924765679780
1.179064966004717
2.571747641549564
1.143098080354548
7.865056495731551
3.490154192584441
8.291270241392112
5.106773633338435
14.251558522922323
7.118415051398415
4.476047590556618
3.886640893342019
10.931435121761069
1.833934144563273
6.147752650641678
7.076288199737519
2.066330448800045
10.983323499297740
1.172253592365450
0.311913593661302
9.732103776994563
3.433849849656781
5.538551307684656
5.177475631360721
12.569118011531828
0.933549299421202
9.286774624274358
5.629546242381139
0.082342239250238
1.053901339233789
4.456183843208464
1.066563590858777
7.203065688584502
1.047354061945043
6.060753582065672
5.165041962373152
5.842657270645987
4.040446416468512
5.927700324285297
0.175701708895076
3.829987208789362
2.701691006370083
8.205934463897847
2.213032807671198
10.366285835514873
7.785195363080220
6.021806772768741
0.866544564029937
10.256922429204678
9.654024040629565
6.034804862717692
4.011118270601628
7.250089027377953
2.386808256427685
15.737358167692037
8.026468439007431
5.770704113695274
10.594432194293859
3.295595367507076
1.300581114428269
1.614257245731324
15.701458962530296
0.173275399522936
2.391242510507482
6.329199912026297
2.169016770979624
4.301432083240115
2.179938123925695
5.275399972203786
8.482643104555109
1.120190310782164
6.143111649757202
3.435308818588283
2.024933848710816
2.615387592175239
5.685738978537529
1.014824043008730
14.949075366484522
2.664954905168315
3.126928921737544
0.114546876569193
1.306700247246908
4.707013014017548
3.465053603468505
1.594636630708010
1.136172440214295
0.231974966265398
1.755045734236546
8.720868369134450
3.628233779948914
5.385716063702375
7.574393433541900
1.651627249214243
5.611972688403284
1.742537627708998
11.222528307443554
4.962995740392898
0.073682658071675
3.490452949604560
3.012990045062224
0.937061241788342
5.681538728647183
6.615262375029033
9.407172526498016
3.746053656684808
1.361938224863934
5.207221352798570
7.219493953444498
6.343538086310673
6.092630406443959
6.613297159309923
7.578429635470229
2.542613811517185
7.261493725714672
0.043239496722208
5.610437213550313
5.067235646405834
0.079774170565543
7.034821337859739
0.073284509644054
0.217273179697713
0.229840744461399
2.766926860589592
0.801605392909323
12.098715718619815
2.115960283934555
0.187199367671610
5.644825708862982
1.955354730650470
4.609800064884212
3.778492347028987
10.976503193160852
9.723681995140396
0.826395085257673
6.406171369785852
5.886903829151834
0.006964925860757
4.105808258017305
0.890140541286655
7.528024241433968
5.682076745951690
14.117124174770424
7.074509290116112
3.523338460072637
8.628181279910905
7.162764184543448
4.134626763374627
9.123005181132157
9.935623374298757
5.310576936905136
13.005889177655490
6.436528887802069
3.050555746942564
4.510167694107849
7.124632052465358
3.229769654690017
10.174688143048570
9.669838842441550
13.354825734486894
5.301270906586751
7.385631253048814
1.485819897323836
1.919033327359784
9.903232577928065
5.372920634595403
11.582929246039157
0.392578291149448
2.341235864925920
6.121379559816660
2.903244378442423
1.461665184216372
0.940054660001124
1.872087823946686
4.901927551346262
0.130387668858702
2.349273232528731
2.862357010716096
4.973487407620496
0.141127236950524
5.055475935405866
0.587330768213633
4.136769527799970
4.188605228075858
4.329382592563661
1.269592484103214
2.574560670779192
16.445859995261799
1.003175564492039
1.965611659776641
0.745405999897457
6.954554289900898
3.517669555342081
7.718369155795472
7.603747142987459
12.007392043343543
1.574469770730275
4.284238592634438
3.324563307937296
5.533431617104043
2.647485060140752
1.042168420634880
0.285116720079941
5.434398999935411
