89.707565681418245
88.500456411494071
100.590497506058142
90.837456912711332
89.814006094055017
71.065318053110673
58.347447510466893
64.810103699197285
60.015225554733433
59.749565202697354
59.994551983537498
46.960511662420750
53.399733845170196
53.034783694574536
47.393659833377797
43.622571323012167
44.897076589207693
40.432367591707923
39.153717667141528
42.037399193333528
41.685498488396334
39.171316502215454
36.958946666359068
36.498538459114798
36.201403880126584
36.283655177303750
33.940385220424808
35.180208843652004
33.217820992413550
35.012300026803580
31.685406569336568
33.190195869475303
33.063338829345625
29.404347985912441
32.286409975733591
30.068709488673793
29.656098839897137
29.424682132909496
29.072976375517538
28.272511285600991
28.799952474939076
28.432376532161655
28.442636246414327
26.196746251590032
27.228528155215887
27.635716034810891
26.073687494055818
26.913959218609182
26.279882872322208
26.180878483135196
24.844679927593312
25.436062458942146
24.490511030681407
24.894945252982971
24.065913006197931
24.912551890551772
23.613325903761059
24.555541498813838
22.348471967628118
22.793839871352304
23.559900666180194
24.027931430026154
22.874249939628527
22.228661449017146
23.163800259967132
22.463444126380772
23.003689430793692
21.946636271038365
21.771016249184576
21.971598433737764
20.795269983720509
21.698291793798294
21.454629205574243
20.210562851848749
20.848285751194393
19.907734031198508
20.742786511158382
20.748635851789505
20.382860435523536
20.285977277863129
20.511282854276406
20.348013249072526
19.484952044405855
20.231011475788687
19.481044688129391
20.187587000514863
19.596339184424554
19.231103994599586
19.280646719630461
19.068305467335673
19.555562498994725
19.283637443543277
19.161836569348797
18.987772860740186
18.474724235660343
19.134615286191568
18.801258917805892
18.389789429963159
18.259109906122166
18.116952587993463
18.227306604738079
18.081073393002381
17.992757979852875
17.999933244120079
17.530822811985786
17.743764229429573
17.855061662262813
17.445812192169086
16.940559706555177
17.350218069064688
17.748325135062760
17.188218224794642
17.428225434947517
17.386965990650236
17.255525426175005
17.169215385636061
16.984557943259276
16.764667450744923
16.710209910712788
16.588020826001639
16.825732163839117
16.430253855469285
16.464816928525273
16.271262269902380
16.350698829774206
16.431203697315112
16.170496417166085
16.300417717390918
16.873446395161714
16.057159213926528
16.010365876599046
16.169171376794978
15.961887841798470
15.675415906837779
15.662673513859762
16.061110104399702
16.106399153239664
15.766953896131024
15.503907564693378
15.328285654173412
15.274854562023814
15.792049089726117
15.062482112879579
15.617350794471390
14.399023838673665
15.126888618175318
15.243408698569825
15.224904090430963
15.095424070749171
15.459011591276637
15.021969636876264
14.553549321756387
14.678639797969462
14.731052509136044
14.568138639935382
14.906502471638198
14.725265885351616
14.629656613675539
14.045581443703302
14.488321842101685
14.263731320972934
14.820689455003807
14.080656984306723
14.240393673856509
14.195886518667344
14.281902349050673
14.321908620863560
14.124383165370880
13.881673127303438
13.920459238292091
14.295754876100730
13.895179527264267
13.813672113846620
14.343449577767434
13.905753937303251
13.682098292490124
13.732626793749928
13.835824065562496
13.089995342217209
13.822673681292155
13.461465041644207
13.503723215312506
13.235137087258138
13.598932252187147
13.389032722185519
13.561552300142095
13.274620117759049
13.535108003623959
13.550001904546189
13.547788602375480
13.191248675288747
13.055413848986452
13.202347972258286
13.302103058401663
12.891459726640234
13.293912461808375
12.963680378447112
12.871474398746217
12.970081112525872
12.810838584835238
13.382805838650830
12.969173523036263
12.709831903213269
12.550419491528890
12.600024773287837
12.773946906501026
13.009600419940211
12.756736223317281
12.629292776348509
12.537755626687769
12.449500395389320
12.655441433813431
12.632725544663909
12.401941824623812
12.540232300786180
12.563067287032155
12.264002194294926
12.658508233679566
12.427568189386109
12.615617808850088
12.283292326158158
12.361915323544961
12.157667335360356
12.186886118047450
12.294488826908422
12.229351923386988
12.320333389514332
12.105379630126116
11.951211234515061
12.183622707769446
12.138023166259405
12.100088538648814
11.779007420386256
12.122368551361911
12.046735510724808
11.992079076796236
12.008393181372206
11.759725979630407
11.786868501825094
11.812370984194850
11.766135742147785
11.708125109121264
11.955076719606030
11.689811770476853
11.855419157955890
11.644381863903462
11.694602305406688
11.783617097185154
11.657258724720490
11.510559398589786
11.706336625888888
11.783492529563906
11.473570815424374
11.593274000466010
11.533630725677375
11.738274400793339
11.263340383061252
11.438761552996679
11.530200990716386
11.309871284240346
11.502904548440744
11.190379634707089
11.284597678322051
11.171408446890252
11.235542023141045
11.259388481632815
11.041202890111817
10.981764026930648
11.210449643300922
11.169284923430080
11.273417415926120
11.550612811032483
11.136375845097437
11.056244119661351
11.237397752165563
11.095882116535725
11.095304775324772
10.984043571004538
10.887068337963386
11.011845786978032
10.863337530426096
10.947867156021211
10.911773207336129
10.883914800532445
10.837510258694962
10.855848604953911
10.690305682518256
10.828788595396402
10.856818825475857
10.732127778562932
10.608841711842270
10.652946343039373
10.649995804817022
10.690123857306077
10.497969233786634
10.647074827340683
10.732070078205142
10.782785425374962
10.522287289737385
10.588187238272909
10.714719251412268
10.504263015979161
10.834799101679314
10.437737266365691
10.465227721252095
10.687208087936476
10.484789885562940
10.511234492648933
10.557773247199368
10.300684708947815
10.348369443908044
10.302052353849794
10.334764914387261
10.345558077287079
10.281313672185599
10.583117460758118
10.128580671908587
10.194449454612686
10.246609892285685
10.301184221743593
10.221823896730502
10.192603686605409
10.413336460708189
10.180866169212594
10.254297901006465
10.157791324588349
10.160854275011873
10.122554244521002
10.059821214718816
9.985808088084871
9.970240869589368
10.192763927058049
10.219004900470757
10.055986083395213
10.247061325550252
10.011142603399064
9.970753768105034
10.031928193406072
9.915953313809608
10.035453088643182
9.911173338598287
9.886802694027065
9.802331449322567
9.713784482088370
9.703897038462697
9.887962631049925
9.926453126961638
9.767777818152387
9.827448107186667
9.784836500094139
9.947899036246984
9.768023835792215
9.689705923973650
9.698261105033112
9.666590399316465
9.719593045264517
9.716567919215775
9.734292679414668
9.661248657319204
9.859440305236234
9.476518502409819
9.481981398562356
9.633101169095722
9.798873263215739
9.542103445570202
9.615685299939846
9.567453141878021
9.454399185630745
9.438814033280927
9.673158768549902
9.352841127989404
9.420640978055228
9.487183152732323
9.413039612446193
9.581148140062163
9.536189904298613
9.425899820514765
9.346367219708419
9.573614083978013
9.417636177484097
9.341147783363688
9.572164830780427
9.380158689094529
9.407056995361533
9.204779667873375
9.303168026113132
9.223723978962830
9.358797883880928
9.222258802332712
9.349620675657649
9.271552786548106
9.238613672435919
9.172492951276308
9.240151201524851
9.155832201194018
9.137829530564201
9.070648261157407
9.082570271356730
9.331337868784859
9.250123570082076
9.274238124520013
9.068176918798153
9.258234621527656
9.131761881018290
9.085112750634433
9.121785943079953
9.093059694280811
9.176555551557110
9.218490873733975
9.056723929091433
9.125925940194108
8.999715195953851
8.952041993318041
9.014196079422387
9.120362758184035
8.986245173729900
8.980528461820988
9.038292931624365
8.954070736785274
8.828074486943443
8.916390492139859
8.941484533134746
8.822992965854480
8.874028397027379
8.782073195645573
8.877453478051059
8.964068615958753
8.741980124122517
8.819237253505460
8.866305061835376
8.809649835732706
8.844092906161309
8.745729482654717
8.659615342313206
8.753051618003692
8.674978984376622
8.892785380370801
8.861575027145596
8.732173933818590
8.657721818606285
8.575412246367620
8.621170123218553
8.686072598603250
8.856919597229727
8.800050371640744
8.692740434782174
8.684260168417678
8.638364081558214
8.625475820610541
8.698745308155267
8.620650932831413
8.638153774441594
8.599383151993994
8.693771654597139
8.735138776031867
8.828620111341916
8.617443114560917
8.482963812537678
8.635425415312719
8.486667256003802
8.492072976095917
8.621055590848494
8.546127585533199
8.390619778971903
8.492108854770091
8.310712429947179
8.485328376888253
8.664381128990406
8.362938132131266
8.353885884566372
8.487211755260697
8.399609417667723
8.530715818709739
8.334724686104703
8.346096825219842
8.367319312704948
8.353534382950858
8.475740438597265
8.167422919114113
8.506777692158675
8.400264528941360
8.286004292296537
8.252630061819852
8.335518565277720
8.334230820401503
8.322778522243333
8.340301865482429
8.524725508057264
8.362407225152952
8.366022353755614
8.211012498432387
8.269639677189428
8.340560494976950
8.326530188766737
8.240718722416654
8.078125725103256
8.225136789851804
8.277532325924879
8.317417495650986
8.193619730875957
8.399308911524624
8.199955030127184
8.140340565199196
8.172176679930379
8.252835715211932
8.111976712009307
8.238720616098062
8.063520750950003
8.221111011351418
8.094877982478184
8.101575742263559
8.153333502288696
8.182754887485755
8.148271630883549
7.875740976372721
8.105166956923473
8.113961567428117
7.958676454734930
8.064157352695794
7.979614202100762
8.095222079972888
8.154724118573885
8.107363465808648
8.029603513324282
8.038729757407387
8.071102251493004
7.923480432129400
7.963062659635017
8.011525134936591
7.918613791657117
7.908376370080361
7.901128035656130
7.875691440255665
8.059555096309237
7.940896383608641
7.859940240433527
7.892686312869631
7.852802106928060
7.987097165800274
7.802782224729046
7.873016300791438
7.938488575339459
7.884665410521118
7.860336041927879
7.808400567069847
7.888858151552268
7.834561798076272
7.828921694191136
7.807279010519384
7.808755096977177
7.805127402964263
7.783925372469923
7.825987412561200
7.714945412908399
7.793617087854115
7.742521502196596
7.873369620702849
7.727772390365688
7.700072612875309
7.752778096969772
7.773517179895569
7.701307595628919
7.710622183591141
7.796061506718336
7.649426483126049
7.660738166540965
7.570731411880407
7.717183605711797
7.732481402029794
7.680321975675358
7.629560281099398
7.639999976521620
7.698941699666650
7.616732142840212
7.735415330094360
7.570641737415667
7.661844680404025
7.645843468696055
7.646301088877120
7.537302127652186
7.604833947777750
7.747230196787916
7.626544141773014
7.657000129548113
7.526371468144793
7.625969171335246
7.545078009394180
7.555117365583206
7.577261350168758
7.519333298520913
7.613371502594955
7.519272312760549
7.502941880007386
7.471667407255786
7.485937991036412
7.628784882513940
7.383363980688344
7.495514986213256
7.412570968141420
7.451201663477956
7.553036873703416
7.476487922295675
7.407706130574997
7.527406783349649
7.492681588633739
7.501371072411979
7.400654023620812
7.405142195180426
7.399328719109302
7.498883733273217
7.369792571119774
7.356667838068477
7.457029105436336
7.535537494921090
7.323701770658154
7.403394736014199
7.385996995053074
7.277765312723345
7.462446795686330
7.346658146024978
7.366944980121943
7.358004500052846
7.385284845077615
7.320425901644709
7.327764267017869
7.327893300638257
7.369825785198969
7.346190187929342
7.213865182931763
7.213876250987211
7.245881549285857
7.246613123918026
7.421722949571156
7.338409375399957
7.127504116759395
7.332503340202383
7.297803282062226
7.261083265693140
7.241944494974703
7.292573726456547
7.278857558415129
7.169844332380674
7.224277236614935
7.246696230502342
7.284807632463978
7.159104646713085
7.194846990121206
7.171505657117831
7.209533124470696
7.159595542962435
7.291710834520435
7.152486635919558
7.199495478521118
7.237042522204446
7.155700372050430
7.203868602902801
7.151167138597150
7.153198766604024
7.075425849427241
7.138219180609124
7.160854100322574
7.163712925116513
7.150334023781063
7.121748108039368
7.049446696895555
7.174132257163889
7.117875913297458
7.094583153799650
7.026904699158834
7.108818251487513
7.034395470377149
7.056024202416584
7.081224248914681
7.179343746975648
7.111869561342326
7.025636494781048
7.070447613305888
7.058420452724307
7.089471077099303
7.042859527368483
7.044862416733700
7.056755732644193
7.025618738284370
7.021473815835483
6.996074161456449
7.017902876857038
6.947231266290704
7.031221056035053
7.019337735896140
6.933782493195874
7.039383941145265
7.031182007548474
6.886317302748449
6.931402484923511
7.011612007962196
6.934259282120813
6.955605826296997
6.898977870081978
6.989116890652812
6.937509039352371
6.880084527294012
6.787668141235947
6.869483613698045
6.953145391562796
6.814057930030629
6.888621090589256
6.878710609215559
6.890442007100690
6.918122246824670
6.920259156345443
6.844455178706588
6.912788336661180
6.809069343537343
6.874985988335609
6.797955711082212
6.902225396782953
6.856017069731527
6.799478757006510
6.871303538207523
6.800981753136736
6.830518495741822
6.796039925179979
6.873966395895320
6.759304628157311
6.810044770096702
6.776673086629604
6.724717258168049
6.762995913324545
6.731330175960637
6.788320695915435
6.821301170736516
6.813008152014111
6.737770182569258
6.787470361711724
6.782657503547658
6.718063055441318
6.771520192804103
6.775153600873884
6.709691419351496
6.781360954999144
6.636759390277067
6.725204391567223
6.709017473638411
6.771826659387315
6.643227856970229
6.670598261087033
6.655060902093259
6.689148109266031
6.678855371036002
6.711377981782616
6.724992809977070
6.742910604086748
6.745745579863269
6.718184896007194
6.698936528484313
6.628323155216109
6.568673171873392
6.652977400670875
6.735292098635894
6.632564380757286
6.662483863423744
6.539719288294830
6.554494529355321
6.651606614541423
6.668660959904263
6.605026746458347
6.667063922806481
6.651645473519788
6.586318967389795
6.612202523247404
6.596056527841387
6.579055759908695
6.516832775423342
6.573571989240257
6.603489232059136
6.558391051160553
6.574552084799416
6.575066604917073
6.526226914710135
6.570270668193106
6.562386671649171
6.482273473855369
6.631410897594962
6.552853590292654
6.577269602470762
6.557233167789358
6.654296371458258
6.529250753436008
6.560175244437115
6.573214038631408
6.527509784111840
6.521941364151917
6.479061202594403
6.469879158804638
6.513877259588434
6.554913486431436
6.548926204727633
6.473031546585568
6.491674580758871
6.492469920526802
6.524421105582275
6.415299262462292
6.593475838825859
6.375175506708186
6.509285385994884
6.414830368042099
6.392209884210680
6.397987389616911
6.397347546241351
6.399204713035255
6.453567118453002
6.422030982510360
6.504466560121693
6.486393456224768
6.409444415503637
6.430345938975673
6.417814862912467
6.463791322640470
6.385877246116343
6.388985023400635
6.391088349089793
6.356250339844835
6.375577422085509
6.422639273778314
6.364344788519327
6.356301572619023
6.402666724585494
6.385455006929787
6.385318097610940
6.361758694965058
6.366395028167254
6.325693588949175
6.484167619778455
6.386535526546665
6.316638575165463
6.348946047136848
6.376205051710983
6.402717469692682
6.358946168739241
6.380580880594283
6.329352586772599
6.350670066375765
6.338312532273473
6.311054158109224
6.264902249728811
6.296115102024233
6.305181239736347
6.267451829688066
6.265559865552777
6.278321703661835
6.276859339447949
6.278207704759477
6.203695687867449
6.315478345044975
6.214024359552521
6.192830982533450
6.272358948590551
6.229798060478736
6.228882007788127
6.238626896531422
6.263691383334780
6.312061250977957
6.230564578639508
6.281879498532850
6.210976488959833
6.249708734085406
6.197790873179678
6.249452025236542
6.282465143225159
6.199817345615577
6.186478332196515
6.206498754558644
6.146336785806071
6.127535328113047
6.187913844800017
6.209604417059027
6.273172414417971
6.152273295273299
6.132823783032283
6.194455793661479
6.190008892984965
6.059523838152382
6.119539070418802
6.205295902380540
6.196784200738341
6.163089257238914
6.142301521192601
6.168686299430401
6.051966658381692
6.144889851728419
6.211486116567053
6.125751053307220
6.097734164076801
6.133766638119551
6.144039344928433
6.136570935190873
6.210435293161257
6.148743178566873
6.136957153895913
6.099674394838289
6.102519318377450
6.080050007423997
6.085704621286156
6.069794290421399
6.068298135548275
6.052531725354531
6.202899383636863
6.079855167442124
6.106031005602137
6.064369378326801
6.080900311867262
6.124661733505684
6.131394683772051
6.021440546007518
6.107089523254343
6.054179995702676
6.107583873639086
6.029338559423895
6.083734489952512
6.014299102092825
6.107328708037602
6.013606260042258
6.011055438500642
5.975527297194972
6.029213507988412
5.966140139193634
6.068253764727412
6.013040848130041
6.010796829768257
6.035018787347370
6.000825697470373
6.007496149703145
6.034422238124129
5.971882133019041
6.068885717292378
5.965437658009162
6.026365693980506
5.967703898411761
5.972989721927066
5.980301105651856
6.032625592115917
5.914730609960341
5.989455052913174
5.935205186466022
5.933441629663373
5.976562997611696
5.936621982321784
5.979561427445471
5.969566545254179
5.935727326861964
5.934610080636574
5.931920783003179
5.924646123492938
5.957782685950856
5.938457145367368
5.999082230975159
5.911800272279723
5.977938333664730
5.939809294719211
5.865313219572939
5.987783074011323
5.860647041087677
5.955820804752533
5.898654517766348
5.920259500474807
5.902075183810101
5.830670262305111
5.853113566350031
5.898045944876349
5.899039127301023
5.910796629955508
5.866026195092926
5.878159650104656
5.840620646793797
5.852177348416045
5.880946466485330
5.898182180690023
5.809049746308921
5.841254104186390
5.911017031169258
5.892656982981239
5.854714913654013
5.852490686188399
5.878054221043302
5.844999571274071
5.816499279782646
5.779497504689249
5.843260644438615
5.818386410968616
5.854031979868028
5.822066199809456
5.904217399888770
5.844740250468684
5.853170480738615
5.838616983646872
5.819926693107893
5.831320744047524
5.782138091753494
5.757364133770486
5.782230472329249
