1.000000000000000
1.000000000000000
0.968658280922501
0.848436736687836
0.736750868011708
0.644337155501962
0.578017573575036
0.529133497959668
0.471094538602797
0.430461384867713
0.383365111123755
0.381860667985792
0.338675481404553
0.317286181218814
0.304862993994712
0.273641817357345
0.279147305000074
0.251568636842089
0.246925041152439
0.236137261858221
0.220902868845696
0.241273256751115
0.203139747113823
0.203302552469463
0.184246210777893
0.183208608997774
0.166609440071485
0.164694685305101
0.161847913532857
0.151767583259055
0.161501735230172
0.155398767267843
0.157946121602680
0.133149633868288
0.143278106138872
0.135800813407572
0.130337799790507
0.127323499076875
0.117897550081934
0.111080049980715
0.109152927123267
0.108745846401903
0.109972762814767
0.114210207408891
0.104514966299309
0.101133396824659
0.100384055026475
0.093928645652238
0.095178523688975
0.095876072124550
