1.000000000000000
1.000000000000000
0.779985283296409
0.622566909975669
0.514927935222803
0.439405993105349
0.387651717221910
0.345267663523123
0.308484621991492
0.277134387351786
0.248362812529785
0.243675611261865
0.215807770772380
0.202463118337580
0.191127042749906
0.172409501684877
0.169690755130991
0.158703625186081
0.152991490126212
0.145163817806558
0.137264992879992
0.143008166285067
0.126832531655914
0.122831059460923
0.115986587010976
0.111469922014903
0.104300547733884
0.101224621925608
0.099752288171583
0.096386941434737
0.097876671436497
0.094019575698241
0.092361759977437
0.083915922075797
0.085285979957426
0.083370975066603
0.079631326197998
0.077622577207767
0.073208801875138
0.070062432522430
0.070192280537454
0.067488013824898
0.068959135087303
0.068458608820968
0.064351682304643
0.063128253746931
0.062021908986535
0.058751166103806
0.059312089050127
0.058080709890162
