0.713494865956315
0.537130276685567
0.424461229660418
0.345003489646963
0.267139826896803
0.244398071194632
0.222555779708208
0.193597600726310
0.171808044685874
0.171828519774952
0.136612619526728
0.119539922424079
0.118489759135420
0.113674267828434
0.110105868130254
0.099884809902176
0.090374155043889
0.090459384305889
0.085605685770723
0.076597314542135
0.075391552320038
0.080169643037203
0.069121674937753
0.063682269313208
0.063789030276921
0.065127249269013
0.064061435634395
0.059681291336941
0.054902585635630
0.051279636012396
0.052154654732601
0.049509715468826
0.051945877609823
0.048905532189944
0.048470249471260
0.046189295165869
0.044950694280237
0.044046906332728
0.043726008461140
0.040902791126816
0.038621278022857
0.038444578233407
0.039805933075592
0.035907981947334
0.036534428234443
0.035046421189664
0.035516318228316
0.033715463583829
0.030989198397778
0.034834893483256
