5.000000000000000
2.500000000000000
1.666666666666667
1.250000000000000
1.000000000000000
0.833333333333333
0.714285714285714
0.625000000000000
0.555555555555556
0.500000000000000
0.454545454545455
0.416666666666667
0.384615384615385
0.357142857142857
0.333333333333333
0.312500000000000
0.294117647058824
0.277777777777778
0.263157894736842
0.250000000000000
0.238095238095238
0.227272727272727
0.217391304347826
0.208333333333333
0.200000000000000
0.192307692307692
0.185185185185185
0.178571428571429
0.172413793103448
0.166666666666667
0.161290322580645
0.156250000000000
0.151515151515152
0.147058823529412
0.142857142857143
0.138888888888889
0.135135135135135
0.131578947368421
0.128205128205128
0.125000000000000
0.121951219512195
0.119047619047619
0.116279069767442
0.113636363636364
0.111111111111111
0.108695652173913
0.106382978723404
0.104166666666667
0.102040816326531
0.100000000000000
