3.000000000000000
1.500000000000000
1.000000000000000
0.750000000000000
0.600000000000000
0.500000000000000
0.428571428571429
0.375000000000000
0.333333333333333
0.300000000000000
0.272727272727273
0.250000000000000
0.230769230769231
0.214285714285714
0.200000000000000
0.187500000000000
0.176470588235294
0.166666666666667
0.157894736842105
0.150000000000000
0.142857142857143
0.136363636363636
0.130434782608696
0.125000000000000
0.120000000000000
0.115384615384615
0.111111111111111
0.107142857142857
0.103448275862069
0.100000000000000
0.096774193548387
0.093750000000000
0.090909090909091
0.088235294117647
0.085714285714286
0.083333333333333
0.081081081081081
0.078947368421053
0.076923076923077
0.075000000000000
0.073170731707317
0.071428571428571
0.069767441860465
0.068181818181818
0.066666666666667
0.065217391304348
0.063829787234043
0.062500000000000
0.061224489795918
0.060000000000000
