0.598351140510026
0.399095492462477
0.293630378844532
0.229059401064494
0.178875579435461
0.156644402187783
0.137174815953810
0.122703582120785
0.106059601429438
0.102300217418774
0.085865864568396
0.077181769562164
0.074236383887014
0.069822765097921
0.067242174078182
0.061012551425178
0.056087491506011
0.055255232338618
0.052265266018123
0.047508141195475
0.046271665851340
0.047502942214725
0.042464662521561
0.040051524514606
0.039247132314256
0.038506513736100
0.038602733508572
0.035038810935531
0.033601460858514
0.032328485874989
0.032012982899392
0.030297981341718
0.031701848420656
0.028603139127896
0.028331923940533
0.027985128689336
0.026979482713271
0.026705001047853
0.025709837760667
0.024694866354561
0.023369495405268
0.023327380207219
0.023626987118833
0.022196485288275
0.022545548503848
0.021513609491805
0.021274392300388
0.020806754293692
0.019700932501286
0.020620320787936
