0.009950160980225
0.004987478256226
0.003327727317810
0.002497196197510
0.001998186111450
0.001665353775024
0.001427769660950
0.001249432563782
0.001110434532166
0.000999331474304
0.000909090042114
0.000833272933960
0.000769615173340
0.000714182853699
0.000666499137878
0.000625014305115
0.000589251518250
0.000553488731384
0.000525951385498
0.000502109527588
0.000478267669678
0.000454425811768
0.000430583953857
0.000411033630371
0.000399112701416
0.000387191772461
0.000375270843506
0.000363349914551
0.000351428985596
0.000339508056641
0.000327587127686
0.000315666198730
0.000303745269775
0.000291824340820
0.000279903411865
0.000267982482910
0.000256061553955
0.000244140625000
0.000232219696045
0.000220298767090
0.000208854675293
0.000208854675293
0.000208854675293
0.000208854675293
0.000208854675293
0.000208854675293
0.000208854675293
0.000208854675293
0.000208854675293
0.000208854675293
0.000208854675293
0.000208854675293
0.000208854675293
0.000208854675293
0.000208854675293
0.000208854675293
0.000208854675293
0.000208854675293
0.000208854675293
0.000208854675293
0.000208854675293
0.000208854675293
0.000208854675293
0.000208854675293
0.000208854675293
0.000208854675293
0.000208854675293
0.000208854675293
0.000208854675293
0.000208854675293
0.000208854675293
0.000208854675293
0.000208854675293
0.000208854675293
0.000208854675293
0.000208854675293
0.000208854675293
0.000208854675293
0.000208854675293
0.000208854675293
0.000208854675293
0.000208854675293
0.000208854675293
0.000208854675293
0.000208854675293
0.000208854675293
0.000208854675293
0.000208854675293
0.000208854675293
0.000208854675293
0.000208854675293
0.000208854675293
0.000208854675293
0.000208854675293
0.000208854675293
0.000208854675293
0.000208854675293
0.000208854675293
0.000208854675293
0.000208854675293
