0.009950166663333
0.004987520833229
0.003327783950604
0.002496877604163
0.001998001333332
0.001665278549382
0.001427551506317
0.001249219075521
0.001110494055784
0.000999500166667
0.000908677811170
0.000832986207562
0.000768934987104
0.000714030672983
0.000666444493827
0.000624804728190
0.000588062317661
0.000555401263146
0.000526177309617
0.000499875020833
0.000476077115502
0.000454442164413
0.000434688104435
0.000416579873167
0.000399920010667
0.000384541429601
0.000370301791732
0.000357079089225
0.000344768140008
0.000333277783951
0.000322528621620
0.000312451176961
0.000302984393986
0.000294074398704
0.000285673473275
0.000277739201103
0.000270233750551
0.000263123271735
0.000256377386110
0.000249968752604
0.000243872697243
0.000238066895674
0.000232531099987
0.000227246902783
0.000222197532693
0.000217367676570
0.000212743324376
0.000208311633451
0.000204060809413
0.000199980001333
0.000196059209253
0.000192289202369
0.000188661446474
0.000185168039467
0.000181801653894
0.000178555485643
0.000175423208041
0.000172398930700
0.000169477162547
0.000166652778549
0.000163920989716
0.000161277315996
0.000158717561765
0.000156237793605
0.000153834320133
0.000151503673674
0.000149242593559
0.000147048010911
0.000144917034744
0.000142846939261
0.000140835152221
0.000138879244274
0.000136976919175
0.000135126004794
0.000133324444840
0.000131570291238
0.000129861697110
0.000128196910279
0.000126574267282
0.000124992187825
0.000123449169648
0.000121943783765
0.000120474670055
0.000119040533161
0.000117640138680
0.000116272309618
0.000114935923096
0.000113629907269
0.000112353238464
0.000111104938500
0.000109884072193
0.000108689745016
0.000107521100912
0.000106377320255
0.000105257617923
0.000104161241508
0.000103087469627
0.000102035610340
0.000101004999662
0.000099995000167
