0.009950166663334
0.004987520833229
0.003327783950604
0.002496877604164
0.001998001333332
0.001665278549382
0.001427551506316
0.001249219075520
0.001110494055783
0.000999500166665
0.000908677811169
0.000832986207561
0.000768934987102
0.000714030672982
0.000666444493826
0.000624804728189
0.000588062317658
0.000555401263143
0.000526177309615
0.000499875020830
0.000476077115498
0.000454442164408
0.000434688104431
0.000416579873162
0.000399920010662
0.000384541429596
0.000370301791726
0.000357079089218
0.000344768140002
0.000333277783944
0.000322528621613
0.000312451176954
0.000302984393978
0.000294074398697
0.000285673473269
0.000277739201096
0.000270233750544
0.000263123271727
0.000256377386101
0.000249968752595
0.000243872697233
0.000238066895664
0.000232531099978
0.000227246902773
0.000222197532684
0.000217367676561
0.000212743324367
0.000208311633443
0.000204060809404
0.000199980001325
0.000196059209246
0.000192289202361
0.000188661446467
0.000185168039462
0.000181801653889
0.000178555485638
0.000175423208037
0.000172398930695
0.000169477162542
0.000166652778545
0.000163920989712
0.000161277315991
0.000158717561761
0.000156237793600
0.000153834320130
0.000151503673671
0.000149242593555
0.000147048010907
0.000144917034742
0.000142846939259
0.000140835152219
0.000138879244272
0.000136976919173
0.000135126004792
0.000133324444838
0.000131570291237
0.000129861697109
0.000128196910277
0.000126574267280
0.000124992187824
0.000123449169646
0.000121943783763
0.000120474670054
0.000119040533160
0.000117640138679
0.000116272309617
0.000114935923094
0.000113629907267
0.000112353238460
0.000111104938496
0.000109884072189
0.000108689745011
0.000107521100908
0.000106377320250
0.000105257617918
0.000104161241502
0.000103087469622
0.000102035610334
0.000101004999656
0.000099995000161
