0.009950280189514
0.004987716674805
0.003327846527100
0.002496957778931
0.001998186111450
0.001665353775024
0.001427650451660
0.001249313354492
0.001110553741455
0.000999689102173
0.000908851623535
0.000833034515381
0.000769019126892
0.000714182853699
0.000666618347168
0.000624895095825
0.000588178634644
0.000555515289307
0.000526309013367
0.000499963760376
0.000476121902466
0.000454545021057
0.000434875488281
0.000416755676270
0.000400066375732
0.000384688377380
0.000370502471924
0.000357151031494
0.000344872474670
0.000333428382874
0.000322580337524
0.000312566757202
0.000303030014038
0.000294208526611
0.000285863876343
0.000277876853943
0.000270366668701
0.000263214111328
0.000256538391113
0.000250101089478
0.000244021415710
0.000238180160522
0.000232696533203
0.000227332115173
0.000222325325012
0.000217437744141
0.000212907791138
0.000208377838135
0.000204205513000
0.000200033187866
0.000196218490601
0.000192403793335
0.000188827514648
0.000185251235962
0.000181913375854
0.000178694725037
0.000175476074219
0.000172495841980
0.000169515609741
0.000166773796082
0.000164031982422
0.000161409378052
0.000158786773682
0.000156402587891
0.000154018402100
0.000151634216309
0.000149369239807
0.000147104263306
0.000144958496094
0.000142931938171
0.000140905380249
0.000138998031616
0.000137090682983
0.000135183334351
0.000133514404297
0.000131726264954
0.000129938125610
0.000128269195557
0.000126719474792
0.000125169754028
0.000123500823975
0.000122070312500
0.000120639801025
0.000119209289551
0.000117778778076
0.000116348266602
0.000115036964417
0.000113725662231
0.000112533569336
0.000111222267151
0.000110030174255
0.000108838081360
0.000107645988464
0.000106573104858
0.000105381011963
0.000104308128357
0.000103235244751
0.000102162361145
0.000101089477539
0.000100135803223
