9.399420722979301
18.307201724243754
43.961481767968849
12.477934328226297
6.936609838781692
5.993147303255711
2.914633698008743
13.247562729538089
4.966976101506731
8.168015280880496
3.474363444417264
15.043362332598804
2.441016220278414
2.035058382223866
3.242393512485279
5.936092917076422
2.552455626803209
3.940804899757751
3.242393512485279
3.222485058533437
5.001544144055003
1.283339400055354
8.803964073263899
4.012021913797042
4.884882405366824
1.020163787087512
1.646127198653488
5.001544144055003
5.674680378575033
7.429786985704339
3.311861259976070
0.605748494073481
1.563204273259657
1.647010448789388
0.979568003282026
4.282861967007392
5.239267202375231
4.858958080269986
6.241970871443925
4.473798954584083
5.044450257020117
2.656009968628723
5.390193702192505
0.163879907238254
6.936609838781692
1.308452686575521
7.499653961142570
4.396836114452924
6.307281344607475
4.596939498793972
0.465694966576194
2.085803111980681
0.010375579851200
2.686595653175601
1.123498509501388
2.582712025646629
1.190051108987291
1.216143433044863
1.259622037919399
6.300998663780433
0.593131635035576
7.284136879649651
4.317430009555665
6.955182804895429
1.209610778179609
0.163879907238254
2.730841840979053
0.073335389436892
6.722452370590617
4.121968828270155
5.150204760807384
2.658090897571498
0.046977189011500
1.084166148942927
5.213257189926509
5.753812506239427
4.601737182334602
5.057927177118160
0.420647992492178
2.068042456565820
0.962013064154149
1.590508163328337
0.911745328329971
0.275907750654142
6.246671953099622
2.771447018694914
0.225357445149285
2.262866456270331
3.952334913260529
1.135936948310444
2.035058382223866
3.777787182963039
2.451201542380147
0.098121250655083
4.016417514623441
0.099744207128964
0.566076926995549
3.605728588982544
7.347078319481312
3.242393512485279
0.598128410892173
3.785660619293594
2.914633698008743
2.737027143859848
2.362818196700431
2.022605102859103
2.897139650214569
5.480061702381249
0.982933985698480
1.619177247900524
0.912707540947025
0.328800278947938
0.463558222793296
1.622123193934215
4.045484018201904
0.048431375882188
2.400406885409183
0.581305480831105
0.172428301738279
7.552312559831080
1.642520637989293
0.643599071187168
2.191193744839950
1.226416559647475
0.156285507707395
3.731046465699080
2.272782928155522
1.519682220631154
2.431002329707013
0.735993300449309
4.606641175701725
1.376627691123474
0.511080689784933
2.415330155851763
2.184911954542770
0.163879907238254
2.478382836730560
0.193049206413548
1.895845022890995
0.539780345389602
0.971716810742805
0.944348145188229
3.216026638382573
0.463179841081740
1.938001795654515
1.902519636009714
3.794209013793591
2.410362808364482
1.093632338353132
5.417876460193156
3.607808946872296
3.967809405066902
1.793681227663171
1.083435919195153
0.014872495647040
0.795369877545369
1.477640490369168
2.213200218332190
2.932605979881828
0.895026888484438
1.942151741325034
1.038025745765225
0.534923794566254
2.238862418808168
2.840003065154264
0.423513584789220
1.587370347243564
4.014102842739817
5.392017427674972
3.966749654896375
2.014483521035913
3.523177085092442
2.202838644772442
0.189972231295854
2.362818196700431
0.163879907238254
1.071004081307137
1.531032077672990
1.297984095253327
1.634725296411830
0.453022069057056
0.400688646103447
0.348927173127464
1.268129352598606
1.117447377107794
5.264896772982240
0.774490549976065
5.109151762475506
0.440783247392773
0.423123158206465
0.690367323537060
2.825511461774738
0.202989589760051
0.343916151359139
0.779582628287670
0.495801579600368
2.508332410006602
2.043942981373220
0.767206694196233
1.252236351175327
4.130720821462035
1.482058059923503
3.126944981129213
0.405331954708629
3.965833465654043
1.180088281785828
3.480346254919823
1.614333432787333
1.209690749212143
0.070673510304346
0.638576245788215
0.280050231964594
0.544322753123708
0.325229730978521
2.096900077974766
2.202014807905243
1.098736271872241
1.982606643209152
1.565148282010028
1.431349870026082
0.490826606094799
0.552160902494677
0.540174773782326
1.485323809858329
0.752218062907730
1.744001934710184
0.096071237519169
0.862291294510726
0.521727926244665
1.201373952479940
1.475328635815316
2.569627862937949
1.656892943259379
0.572858391453309
0.596181817762329
0.581305480831105
2.836696644711338
0.422578529527925
0.640469879598697
2.985850712048034
0.840897422085135
4.514506572504700
0.733975019321065
0.517430480808201
0.024600517572765
3.014747961593997
1.023869537853841
0.958335031172993
4.800195577791015
0.163879907238254
0.764864634955842
0.139447259577594
2.001253640014170
1.521334725299965
0.379387199570004
4.333636062927269
0.319602385324714
0.330931033104406
1.726018406407547
2.555648169776362
0.152084835953815
0.541123208467155
1.556819523300618
0.629070566840511
2.475669369291694
0.696254440476480
1.028630919948114
0.617235485137826
0.152435618742913
2.740709813852419
1.288502958601583
1.997406392716272
2.092179637997390
1.678734075464291
1.384090754408902
2.595459493991370
0.486179165549345
0.407503286070778
0.178177160011387
1.617260107226087
0.240568858258655
2.762058056347456
2.567948835717402
0.508189964329745
0.477132168824795
1.886125280803043
0.303324774374886
0.826615475034487
2.786806143465583
1.237374561356916
1.793250735272721
1.576622452111906
0.119805646828866
2.279049119006629
0.055268518897947
2.618370484394688
0.862291294510726
0.866359521858413
0.977266445079437
0.841767870475735
1.728705759739256
1.468680375687370
1.819977985308441
0.241187672399491
1.218927843315299
2.196101306780434
1.751416830879577
1.623175317517706
0.722811713690476
2.437960623647882
1.520009694758670
0.467610063068804
1.990096065762003
2.796983496534324
0.745014585739426
1.277955578763510
0.117750674945199
2.661541888853776
0.096326317154507
1.491488899501064
0.996556685393784
0.849543826166013
2.133091544354698
0.315905270460348
2.692997238318128
1.580373897382628
1.069408417799508
0.839651186438829
0.706338224336122
0.928843893996628
0.582408947226554
2.432456868271231
1.652290389054428
0.426014915324032
1.150231870523868
1.373295966442470
3.132772849983894
1.147676184937978
1.208213431142127
2.081624134236023
2.574328976449294
1.438387407773348
0.257957234005488
0.897711638721603
0.541055092224070
3.039197832325073
2.151659144546926
0.093109479531449
2.078027335142593
0.797174134603381
0.300966876459995
0.605748494073481
0.716941265934395
0.303021765102557
1.440415915214373
1.997152054183118
1.327948814632123
0.662633508088362
0.787972488813011
1.956873909709657
0.649961002803593
0.890638565277271
0.336484563036038
0.140588471302635
3.842404921507807
0.475374284015174
0.440694482097001
0.046762541821266
0.255651315524773
0.451822813811134
0.143141665252642
1.239704554233214
2.928764780583435
0.181835524367017
1.419913458179082
1.015125303281849
2.865638786519412
0.147591475464509
1.923660980752459
2.173015102241578
3.641841636256061
0.389530119141199
0.953387432525005
0.477477093854873
0.459737058911372
2.356354028663418
1.419128380731109
2.512436678251476
0.979013329707271
1.730590003682948
0.851793379403318
0.056013921707944
1.284051524414679
0.539333860457759
0.280785487184374
1.656492564327721
0.076507805010209
0.395928671452879
0.264182355529556
0.163879907238254
1.993382743820121
1.582142734543595
0.920140073291520
2.503149206218296
0.710265931288660
1.240601414492176
1.734662881255588
2.201131557769401
1.529678922054103
0.569342674758616
0.426040433232544
1.807746395476954
1.244713981719684
0.238240139249058
1.163960900808007
1.851142171652498
0.389809590108314
2.078744829162247
2.047653732807902
1.199461832228252
0.478312413237404
1.462399863953834
1.575516668775975
3.794202554935225
0.292464462480666
0.727551412424361
1.339050206196760
1.027014562915014
0.029872697287772
1.554360244527487
0.642442347033068
0.406170329873476
0.227155308208808
1.199508908081754
1.671290017393687
1.107066076579315
1.199443980399167
3.645604965008005
0.249861101211792
0.227930915247697
0.052523543470699
1.256972525952648
0.023749590146963
0.468957832082566
1.060607526758844
0.167439942653772
0.473797384276565
0.399598029436390
1.269103040415644
0.479187379191075
0.443631646790521
0.980346388517262
0.006015987091018
0.692787531047259
0.373624790233123
0.258395675820395
0.520906649203482
0.091542618961256
2.692419404358390
0.491977339096962
1.118820136197769
1.150070412815239
0.675857331868997
1.278514143620811
2.222842770102403
0.258920244555298
0.000922748288872
0.783355048222319
0.065419983829543
1.565327734857902
0.091982561892792
0.240501117179747
0.378659926208996
0.696449771437130
2.503550247226002
0.668342220703124
0.906079204100791
0.286948444994550
1.661361473047350
0.497385547806687
3.106640783575074
1.109149644948985
0.326897624032995
1.486877489658497
0.804972431217550
1.076032086570734
0.449294260541905
1.059955419437756
1.567390525160363
1.142917704784935
0.107450940950656
3.117250683003704
0.479298391626713
2.693994327744917
0.974237243792430
0.784547972812277
0.573228984158874
0.683147262340214
1.564325976158244
0.693384247340759
0.010261463862690
2.473093898052980
1.528708006582377
1.619703371992131
0.317709349820177
1.892518508914861
1.335779563673526
0.563844273274299
0.605395610937762
0.743364821167148
2.276037920795062
0.353214174893054
1.414383403054046
2.722975263440844
1.903389536610860
2.598053455573108
0.497077559265421
0.140107601406271
1.178187858100017
2.721414286981940
0.964711452842693
1.805896997268434
1.040932540473079
0.235621858328130
0.017898991357271
2.013319828791907
0.181404652619193
0.513710998743619
0.330777288311793
0.059326614984599
0.444865720917932
1.541109678006706
1.262748348851801
0.239670565359631
0.330752607335796
2.369382191594354
0.667376094178508
0.030672997182535
1.060589807096875
0.836592139495934
0.718134157111621
0.890908950543832
1.213797452015882
0.481249782096569
0.135636663153463
1.122391469311509
0.550875536758753
0.029054493869808
0.281637258258655
0.060011991325155
0.024201431501126
0.605748494073481
0.621057558114018
0.914155542974555
0.679738943793183
0.954572877401830
0.692798025999224
0.494902875544398
0.929377923569831
1.593189795388668
2.605838114608900
0.285298234452569
3.231457407315673
0.000129183554947
1.476177783344639
1.761550863534580
1.266063790598309
0.825109942168069
1.359576755673402
0.898402451648082
0.898234243783889
0.148277066720340
1.652096780978979
0.710932847543518
2.342932146082688
0.505936974487952
1.228653976590977
1.655201376908110
0.054115011267982
0.313820479782834
0.752785933910985
0.354495235913276
0.665153773763052
0.131320027511435
0.769057795449243
1.948001439705934
0.292390422670564
1.082185123456924
0.865775746808708
0.034397240218283
1.012945419345300
0.564146958867440
0.910744572164987
0.184610638586747
1.224544258625912
0.404302133998584
0.004024091890471
2.305454589149264
0.580173065877688
0.512778115832958
1.131998162465692
0.930475427517308
0.086281231496542
0.223482731832547
0.207577106287403
0.242524529097949
0.605116618369237
0.477807281457558
0.674437992837568
0.486871498608480
0.808547467250548
0.827873037781757
0.671106455574233
0.183935370464638
0.762177030925443
0.985565107707856
0.009205803895242
0.871240638540996
0.188746737652224
0.849050375778461
1.625723009821570
0.241969153260499
0.947942823388672
0.972976431694235
0.129400554859501
1.196608113471314
0.748159203927884
0.967822950646735
0.359810006531887
1.913257479743720
1.876333592565828
1.654426051550900
1.329174874453400
0.212436904166481
0.217208489376418
0.078141602608184
0.255703703941094
0.791520866803921
0.987551628996499
1.549211029599434
0.964748325574590
0.163879907238254
1.786922072368498
0.992952845043988
0.929111744857181
0.516526976569992
1.015586144238597
1.232853117364527
0.216058103937371
1.967398742548113
0.985242682738715
1.958105628087765
0.321704934018129
1.041165173714660
0.207421733699903
0.952279732972244
0.346862837011201
1.333269566438076
1.270268312505038
1.067525534860550
1.498796881072138
0.098775389906763
0.388673816780397
0.822236732456759
0.155544812704647
0.293306905657062
1.866985634878688
1.734844052884142
0.352548155093473
0.246586242901628
0.388689395549903
1.237943252293832
1.174803394251057
0.976899820790152
1.408967632027071
0.209549257895219
0.413625599211315
0.889534777743023
0.511670206431518
0.290642232160224
0.997908633948896
0.802105300273240
1.057609385619600
1.019022575362442
1.081008076197350
0.029251032373253
1.342408405316831
2.440327822781711
1.207823542414616
0.719519649049971
0.446476625205776
1.436213564898168
0.186091405111625
0.874120357355110
0.584683925221668
1.154665895133860
1.200913068402087
0.534360054574591
3.029142072452828
0.313407710921695
0.262105570235263
0.125552995819106
0.637497034099141
0.439578725608442
0.722557343634236
0.952408312228073
1.892550206082802
0.007345317140988
0.430980972760068
0.920103756581113
0.282093231074583
0.501132802195116
0.712611343624474
1.000338785974861
0.564301956592089
1.445160709422083
0.398582132214102
0.702220020700310
0.945070056265166
2.592485084710916
1.309195257547032
1.243196948345542
0.436494115361768
0.597593149966428
1.229682548503092
0.268638533168314
0.475536261114257
0.146964997319344
1.208571288516566
1.057913995337429
0.893174695931378
1.274163502573259
0.713895459059984
0.750447021840529
0.377491055357467
1.125915408877972
1.845299257108792
0.762177030925443
0.742923738265802
1.079113681771190
0.782906259710359
0.437709958378861
0.010575730395544
0.784547972812277
0.724550193604813
1.377127896437514
2.362396987027353
0.468438739842952
1.377431977898738
0.557929648709887
0.012208797525716
0.515943963157497
0.518871450100676
0.636370313754327
0.689877596081828
1.041464044022462
0.119145891838400
0.250379179483616
1.117042881194863
0.730974518731159
0.604823380263127
0.151243532668900
1.058649086719555
0.150418602197931
0.065499537858557
0.792629541911566
0.353888352314357
1.494695684506524
0.936510760050624
1.731205091316383
0.806734239851465
0.044248549521427
0.677629266975487
0.345228285877511
0.777549414624360
0.026543614735743
0.735505663406599
0.765337578186262
0.796426647415160
0.696525177305091
0.751201965089507
0.064449746347805
0.594936345396036
0.338734558924472
1.148219926240841
0.226546850856550
0.794488368855127
0.429538441701226
0.596978779459363
0.225805359248710
1.100996099974452
0.529259047254953
1.905284974976922
0.596055441160217
0.593710108725617
0.326314042188500
0.882891971082842
0.225604490802112
0.745676596089709
0.136275169273290
1.500285374998867
0.695954316671106
1.005418535601478
1.406008871556850
0.152407185728066
0.377771671374546
1.060658961763323
0.941032154050873
0.297066527984470
2.132608360964156
0.835762654622670
1.254056162173498
0.061641448023437
0.153804543426048
0.550033063794444
0.530294729238989
0.804514213384095
0.724297612123962
2.836435674430732
0.234074290513178
0.865076063366388
0.927890582993030
0.625386642831131
0.037867343591017
0.086132712824195
1.088396813540157
0.301433515562053
0.497926157657815
1.087578578851264
1.156542795735135
1.136430893533912
0.516945216999034
1.059395006731421
0.648198022203388
0.650912316425888
0.130714696134646
0.138133676370018
0.905955979147450
0.456225932197640
1.234029874776525
0.467704674462425
0.712308696771601
0.073490655443862
0.375436529399821
0.786998259589495
0.222102386770132
0.451013997928385
1.513329155997695
0.718665044579637
0.352212504265168
1.330157835378657
0.648059277077579
1.211165442819294
0.257605145805513
0.426723758914335
1.487353045942598
0.119903727317734
1.292852637901916
0.740877218582597
1.237780002091910
0.989822581816725
0.056739062508115
0.367211628558181
0.064158137594831
0.010509880804591
1.137913080261029
0.181633734258156
0.722788757867420
1.123922700128901
1.338669007171603
1.128787156644080
1.170613375770188
0.149966267867057
1.540926254019780
0.378496284289810
0.110234317886466
1.026104257161620
0.752934902319708
0.790789958818749
0.528785653942293
1.327495151900337
1.029829449898301
0.648493034225083
0.957479120917327
0.668269141996234
0.226423073033374
0.438065448179117
1.888462496259706
1.460217821514078
0.237364562659081
0.540488193402069
0.001780017707773
0.136042470876504
0.276891615660617
1.002171614749130
0.163879907238254
0.325184410523235
0.431278639097144
0.002934257130789
1.128480836882346
0.570476043780360
0.587090203303291
1.033227603072163
1.383025781882566
1.412293711797020
1.536638733419068
0.520267921076112
0.127697372553826
1.108770221720022
0.945738183444149
1.045868986238787
0.663463255458197
0.841624961624547
0.860045843303396
1.620706564147497
0.190766488943495
1.268384788510104
1.283949127447983
1.259807015754092
1.234836056884831
0.227201625675860
0.010288122160887
1.134462203150406
2.589375475008666
1.052488699239291
0.476385607986884
1.034980299335786
0.001988282699585
1.092047602329671
0.014872495647040
0.993855111230772
0.952576743591663
0.312361270835424
1.405041373380129
0.344968942841035
0.336049652588173
1.015614633085818
1.456986901339917
0.173805823688696
0.032620961181749
1.488851225118225
0.123709474143595
1.518687061191116
1.101441362714951
0.408206383845169
0.122493451389346
0.576732312588206
0.521091401518021
1.136946178856590
1.333249867102893
0.137173473716473
1.000263893065210
0.716267972817747
1.772292171533451
0.186444928428585
0.666932341876503
0.392633001547239
0.890141452387013
0.699971431822490
0.419754963756475
0.287806272095565
0.616948907398154
1.158083158777032
0.915515941904346
0.049861451882492
1.002513446302515
0.135227764066371
1.499598620258695
0.535588980317641
0.756500448969604
0.801141734894969
0.564574958200836
0.261962046768218
1.732535044659244
0.571805908169466
0.965328976653552
0.299372317704609
1.328552743579166
0.795934283800733
0.867540159866167
0.054045069130609
0.701364242505264
0.179538674304638
0.105177176147151
1.204636283428385
0.220079952770163
0.949625013808514
1.129810289451427
0.092286567581368
0.661417459601410
0.796019895003212
1.679504247516491
0.738282690069781
1.055843607752507
0.600334022908442
0.485331127063262
0.173143238046435
0.046661954333103
0.030260590389929
0.828838845971632
