25.505257627679548
18.180180275975573
15.253290780785461
13.330354940199642
11.923031924194616
10.979232630871492
10.382608622936960
9.706132509128638
9.146685288077448
8.613480818735967
8.267756283709423
7.987659661319523
7.742584477514439
7.359346047725036
7.052289694431857
6.915951376658406
6.602068386720841
6.413298893303111
6.290129299808809
6.108654605052260
5.879298368558291
5.919940468366441
5.758894148479080
5.541077046805337
5.499641439699692
5.396296311216568
5.267366220102280
5.264320461570543
5.125787487093401
5.050925429690867
4.814880975695966
4.856512055072844
4.765069300124420
4.789932354411058
4.681554683100058
4.568983342081471
4.509260380515864
4.435635336131881
4.386178129191617
4.272814416209154
4.294120627885032
4.297234701609018
4.236939513145652
4.132800932473165
4.062043683287977
4.051483774845490
4.036171409887436
3.948297308405806
3.924257196629426
3.941326986810071
3.825870770302330
3.804136830114587
3.747235338882017
3.774815777215283
3.708920445003788
3.663336486845620
3.651073874216189
3.609877182720353
3.619402766061332
3.557168852902526
3.486338452416307
3.509679383832529
3.507806720240836
3.487252423998333
3.431236919617961
3.386342576196330
3.379568959925483
3.347044320110899
3.339540944618805
3.292249853072805
3.249872498478586
3.257004192530205
3.249943878627727
3.199283431180117
3.163665677608039
3.160071537575938
3.134609894544535
3.111504072142994
3.091543888290031
3.096259034880944
3.051039185216867
3.042633107711038
3.033632702817995
3.004040515852956
2.984100225285425
2.949174760165981
2.939562995059725
2.935523382895984
2.923494432433810
2.906568214119264
2.906602775335924
2.847304344837319
2.873338085977290
2.844702114956155
2.820117433338825
2.816995598671128
2.796079659821558
2.787566703481816
2.770403424579594
2.743587905809255
2.762825572454700
2.739015460805832
2.717845723068881
2.686668978559177
2.688538996297142
2.676758833660150
2.672813934537791
2.646799828533741
2.614251804233438
2.637672933173158
2.612203982977290
2.598012036312692
2.594811669942104
2.592155343363408
2.558459733286344
2.560454337493597
2.526842231355193
2.540197373109010
2.512603822684548
2.521329824741407
2.492113638567406
2.486701582466432
2.461873809725846
2.476436286777283
2.470478976153937
2.440999468778089
2.433304141464973
2.429972945307937
2.422543669374221
2.392438411331029
2.406211160292357
2.400180926533720
2.378059886473511
2.374547361238787
2.345222014006333
2.366525902552677
2.357332789241859
2.342375451132565
2.313609187002195
2.328898824298093
2.310495364488779
2.305976449057478
2.287518702258982
2.290461514401852
2.277095712435872
2.272432064158786
2.275183721534033
2.276074434150784
2.259928615451849
2.247742565563603
2.245797287479384
2.220360211619391
2.225293785024975
2.207012688035548
2.206196808092173
2.200325174517973
2.209822518007682
2.199772269809540
2.182649932608785
2.172052024134683
2.167204799492788
2.176940246448020
2.150122917478015
2.152196496861271
2.144256618296401
2.144819667967873
2.120073905640638
2.123327916659949
2.125437213388742
2.106857589328644
2.104787369715567
2.101032400706695
2.094586643186747
2.078721862293648
2.092621098835261
2.085752469650447
2.060120501277237
2.076626323872934
2.068794575486455
2.060160476957700
2.048592656131047
2.028902590304831
2.034080749546902
2.022740438223122
2.014602604117741
2.013972930146632
2.005716623298750
2.004940201256611
1.992824909714381
1.975200411141590
1.985294994437649
1.996463194508047
1.971266707444999
1.988460863460540
1.981577185142486
1.964730980697686
1.951991613330497
1.954772711096207
1.940085035972963
1.947690236531298
1.942335229076747
1.940761265498980
1.922580190043765
1.927795481692330
1.921654633266593
1.922219761001207
1.910357406426389
1.901963864597995
1.902840834716233
1.905098636164013
1.896605351232050
1.876838203907237
1.889023441551495
1.875930280828227
1.868538216093788
1.868339527595149
1.862719713282355
1.853218169991899
1.858168119030905
1.849496033490291
1.846991622797876
1.847200441751295
1.841698956979491
1.831668243422810
1.834405615019994
1.819121534758885
1.818349825316714
1.831621546197135
1.807798016715794
1.812324164783812
1.806046946801956
1.799988724386735
1.803798693915137
1.795732163749279
1.794455637523278
1.795096992343302
1.784562556996432
1.766244434537690
1.783023113856290
1.770489197943020
1.763670590540089
1.769307449660877
1.754615190346569
1.760808395602585
1.760941577117734
1.746662222233617
1.753208579600518
1.756383892610435
1.735660311216842
1.739765978606523
1.742423078451674
1.729264852982003
1.729754180118420
1.724541692926007
1.719131130674561
1.730671617401807
1.718239085199443
1.708947250802218
1.710828545782045
1.702828997158295
1.699757040916390
1.697656087694867
1.689471793339173
1.697397845197958
1.689072104201234
1.679728251852157
1.680522179993384
1.687584104703129
1.673782378872612
1.667113672861784
1.667262212741261
1.670251151936334
1.658588836346705
1.653033702204956
1.656978823181261
1.661522587841139
1.645688451834165
1.646240248928781
1.635732232004337
1.636948314889747
1.644646708542908
1.637125107224597
1.637246592819105
1.631998009035553
1.632300385475474
1.628128568565712
1.625818846636970
1.615508261595412
1.617208371202073
1.621777045417232
1.621306065660722
1.614823679506697
1.605759700689625
1.600647004598389
1.598896605392539
1.601454643981071
1.592539292225307
1.591602707633171
1.597347108089574
1.584794294574428
1.582496818028923
1.583226190812582
1.576923927317146
1.580093698363256
1.579759050400804
1.571381423713320
1.565426257585272
1.566846598490527
1.563936992590555
1.555647550441643
1.553939907002775
1.557664431662107
1.561604641489996
1.548438125652025
1.539279185203752
1.539509287478751
1.549310625846264
1.540194412875555
1.535559412690263
1.540888298035900
1.535772990501862
1.531693478814345
1.535650646432403
1.530824870144348
1.526329448154128
1.524690203063369
1.519970148991193
1.514631227013381
1.511100341992812
1.515448291457608
1.505193672588933
1.508511943460016
1.512342809456179
1.509735701740752
1.509421110345728
1.496926926907578
1.492502841772432
1.495118223987118
1.492887267114235
1.497667412884061
1.494170974594748
1.488406956619743
1.487997139310533
1.482949611607651
1.486987380734881
1.483850253217537
1.482046572874645
1.470458642282557
1.470397400360357
1.470077554567782
1.466019627021373
1.464811600336831
1.473569028008893
1.463133573150222
1.459425500988577
1.461883550523636
1.454179083331214
1.443740772336363
1.451815164290840
1.451128076111202
1.454029842035180
1.446833552433622
1.443516284788646
1.440346505257063
1.442249170997403
1.436231487046901
1.443142203093937
1.432900030888603
1.432856903393857
1.429372061669843
1.425200417037020
1.423702725136581
1.428794375325799
1.421491961415661
1.419574232986968
1.419658193833837
1.416608813218174
1.407071831740268
1.416612772397166
1.408334810326483
1.407182850182985
1.408146761291372
1.399111684327124
1.404507987718565
1.405300904216529
1.397129662273102
1.399669042219887
1.390905481210959
1.387789449836823
1.396785654935170
1.387406101106444
1.394566810734133
1.378197645034161
1.387279381437268
1.385457735807418
1.380064740099437
1.377756949106419
1.379686029423503
1.372658185977933
1.374134507103508
1.369210020582911
1.368585595394338
1.370526952416284
1.370553515632463
1.359015009081876
1.359353664518259
1.364103854891410
1.363903424557133
1.363542745129043
1.353819174458969
1.356694325013405
1.356098319280750
1.355606428804324
1.354489535351362
1.347448143407617
1.348417914635161
1.343450968304456
1.345909485501973
1.339449160545896
1.338864854989417
1.339752629601726
1.340037886041264
1.332701427761861
1.346093857648191
1.333611261442881
1.332238911577371
1.332864109883103
1.326553713743036
1.320413203209354
1.328689131560653
1.320946561601123
1.321705805745019
1.311917590535834
1.322423584734206
1.318909092911343
1.319610413362829
1.315273761789648
1.317015373714066
1.310786141526533
1.310192579369977
1.308958801438699
1.301753775586024
1.307230677103828
1.301106981299234
1.304482537762394
1.301421610237970
1.305608127108373
1.303062180601225
1.302194043746922
1.301802652601046
1.299568684776399
1.288293120558936
1.288335326581255
1.287296371409763
1.288765170522163
1.288829273231726
1.290351924438652
1.284014947023551
1.286306064374168
1.279674138447606
1.278179489298571
1.275963881280394
1.280895776664351
1.275475980270961
1.275390375372774
1.272522776539921
1.273297967649829
1.270296926406918
1.264886571472172
1.270355005093701
1.265135772574159
1.264117830618010
1.263585644173902
1.259725493331879
1.253585314459847
1.260303048294049
1.260538287564559
1.260904899826651
1.259624668410963
1.251865232614670
1.256959815968104
1.247879908087603
1.250534683337707
1.251089295659082
1.247984314636071
1.245319250482544
1.251954687188205
1.248246660774036
1.241836072813812
1.240038445178380
1.245148188318872
1.243076032174679
1.240167900209667
1.245394973538680
1.236110035846741
1.235827869315524
1.231626052934701
1.235576672293455
1.230808590848524
1.228562429645807
1.225120167337778
1.220885224529445
1.223084167365691
1.224069724777344
1.225515015638353
1.220637565379427
1.221573565195938
1.223658432725935
1.218359009793643
1.217312586432015
1.215084537168386
1.215735175408234
1.213039514645361
1.212033954594434
1.208222742864572
1.210109193045116
1.209637473286431
1.207191411480563
1.210501655077452
1.199511808056603
1.203046858283096
1.209557643673981
1.202258169553630
1.204103482068146
1.200840441979633
1.197496641155692
1.200108851332587
1.202121710667260
1.196106497766440
1.200375878742524
1.191027215736044
1.194969664600548
1.192306470434138
1.190648950941032
1.190219664577583
1.188521562430882
1.190360493384286
1.183617980473334
1.182360244104504
1.182448641816575
1.179009067836599
1.184324572335292
1.182343500715734
1.177779016408518
1.180114527942501
1.175672163629794
1.177249091660002
1.171406857406963
1.172496640726194
1.172863626657724
1.170922792937843
1.167612241142825
1.173182263922355
1.168284973637650
1.164693642330094
1.166440794370463
1.168770651280684
1.164604869509242
1.163456020842832
1.162543931659222
1.156579733733760
1.161281576069828
1.164509220219444
1.157088904442751
1.158518435404165
1.155252395329247
1.157626099855780
1.153973983892610
1.153220975134270
1.151786819058188
1.152079606842560
1.149112636924287
1.148596775028903
1.147042491474918
1.148143883167499
1.145455341102280
1.147211007571813
1.145428837547183
1.141043127628657
1.136014499646318
1.144023571941393
1.136510703252742
1.136354579564486
1.139989305151893
1.135125541256295
1.135268354324607
1.138105312494005
1.134033902359664
1.132734087597630
1.131502990552530
1.133862628257501
1.131609771262441
1.128132684436775
1.131139316697121
1.128543203557724
1.124704758060492
1.126667454717819
1.126027951877194
1.121091953961072
1.125125927311818
1.121369647936049
1.119290047243206
1.117508894516384
1.120590011590124
1.119215480481482
1.118402774286719
1.115398815501970
1.115010129165459
1.113070297764953
1.117199915563489
1.112053373993471
1.111277965560991
1.108245269940451
1.108424147045735
1.101130580994151
1.107907582935252
1.103924131329735
1.109198043892172
1.104199828226463
1.102147592805389
1.103466646056816
1.101145864973825
1.103815491403303
1.100580926982672
1.100996755967782
1.105492825929305
1.101657723090000
1.097405025367308
1.096777086528069
1.096130245555250
1.090878144613584
1.090980621123870
1.091957827802837
1.089992976415014
1.087636629733034
1.092284780093401
1.091050760783684
1.088226313981588
1.088477391551750
1.087214594646263
1.085400055944741
1.084927526993660
1.084169350057204
1.079333099455326
1.085870100345647
1.078652522733784
1.076875350079884
1.082196148118683
1.081924512778458
1.079910740726745
1.077169528373941
1.077618385900199
1.074399587857542
1.074130249113066
1.074488228898539
1.071751430097611
1.072648179518989
1.074108240840915
1.069713470940183
1.068600806170562
1.067085542529380
1.069016561251091
1.068797750795646
1.068162303981440
1.062491415275763
1.065474013863218
1.064899565551959
1.060548049052956
1.064233984092520
1.062983652125388
1.065041765932555
1.062653727839302
1.060156132536813
1.061595655783264
1.059147413575825
1.057614184688907
1.053918544130410
1.056980862355865
1.051822105875989
1.051523316141110
1.053522127815618
1.054025783193014
1.051264681329648
1.051892997590225
1.051821261033776
1.051060883568464
1.048945730730713
1.050073783019249
1.048380263764858
1.047252238803616
1.047351419943501
1.048554413131033
1.047432694113261
1.041946861380427
1.039786926394295
1.042436316101339
1.039751611929231
1.044207097165777
1.040388057948934
1.039986133124104
1.039733300880627
1.033679223338585
1.037071958831799
1.037072023272436
1.034120384768395
1.035780469254523
1.034528355720165
1.036026391182745
1.033672030469345
1.034121010615132
1.030973475990262
1.032612534485928
1.030907607778666
1.030240131206243
1.027109697189518
1.026775725525523
1.027811773495825
1.026330909150845
1.026586206867600
1.020872669578149
1.023510952756071
1.026399080560280
1.022350894115132
1.022146005521169
1.023311294817093
1.025167031963241
1.020009460989059
1.018082679277788
1.016218803244041
1.015390235173155
1.015466203538853
1.018841601089891
1.014209480971583
1.017491451328381
1.014811657072238
1.015778451262076
1.011662839474831
1.014837663422812
1.012840665012467
1.011011171813531
1.010688689678379
1.008000682520968
1.006404675716656
1.009216388871457
1.010370591877900
1.009996094646157
1.003979142004409
1.005176943735522
1.007339252667160
1.003457856991494
1.004197549751637
0.999223903765618
1.002066978988704
1.000704677329145
1.000289610602368
1.000232476135766
0.999504204765742
1.000330755989308
1.000307958387551
0.998553476751223
0.997152607976127
0.992599175142766
0.994000049650328
0.995139414428631
0.992378313817822
0.994537530601781
0.994373172195033
0.993802870544559
0.993579154365038
0.989826229229178
0.989788569569600
0.989487857388729
0.987769358539511
0.989429317432635
0.987462885635485
0.986848066563026
0.985761029805022
0.983002583180811
0.984924821667167
0.985649385022799
0.982665189821088
0.983381493273167
0.982576147080509
0.980709243150178
0.981872557064871
0.979321998563666
0.983003296731633
0.980118097604168
0.976594916648110
0.977127120393172
0.980705470442323
0.978272961532942
0.976734623755128
0.971804352150932
0.979224300521496
0.978678173639452
0.973961530313262
0.973426532853219
0.973289748935962
0.971975466199497
0.969781388443839
0.969996291022140
0.966740398786283
0.968449146191633
0.970272349751577
0.967481301353406
0.967310535615530
0.966583661266344
0.966128744983159
0.965539471005562
0.965314425011028
0.963205140990420
0.963294671372972
0.968188192451921
0.962194535889672
0.961986306035656
0.961071433409489
0.959891420125258
0.959686360446273
0.957696325406570
0.962766363076194
0.957440284818163
0.959366017577393
0.954728956905954
0.957325451374730
0.959229918112266
0.955291509966905
0.957562817293703
0.954179291292829
0.954572588690378
0.951426934946382
0.954979287728655
0.954512270152943
0.953164566042004
0.950839929006102
0.949116207224257
0.948712629114552
0.951274938558297
0.947172648292442
0.949619137083973
0.949741387298329
0.945830393668654
0.947235890024737
0.946642561609135
0.946466058123980
0.941734278049877
0.944327880983470
0.943260947816118
0.946454002653731
0.944452038919570
0.944433877896286
0.939412308587804
0.940228058853374
0.943141315551055
0.938730488073241
0.940152287863936
0.943466814836104
0.939522059603109
0.935677935569837
0.938022385505311
0.936574728005623
0.936246527770228
0.937161905116499
0.937035943744067
0.935929429241518
0.934787702675166
0.937365858034341
0.935022632140031
0.932001954700752
0.931957436059721
0.932668200064057
0.928900793503449
0.930541580431830
0.932293466740302
0.929489299055583
0.925024834677079
0.929322021640403
0.927989045357879
0.927395398100170
0.926862251792830
0.924387139814280
0.929548872387370
0.924652726684325
0.924644405091219
0.924092407906767
0.923764864031115
0.924034245239355
0.923891491180982
0.920282368004120
0.921452306442579
0.919805552493547
0.922527336296380
0.918496629668923
0.918958812084581
0.919471319915440
0.918084491537500
0.918835705124266
0.915624451444730
0.916558331586390
0.916652813360623
0.917995993565596
0.917127655911334
0.916555467639283
0.914153496810609
0.908858803216683
0.913269669129908
0.913305164284249
0.910794210641121
0.912873947884380
0.909830414727476
0.910166869163975
0.909470517759759
0.909723208646794
0.912582128562485
0.911102558910704
0.909154289593693
0.909617326409288
0.905296175399205
0.909338763143234
0.903041328349871
0.906186301230105
0.905157016693469
0.907235537587929
0.906780143529265
0.902575624301005
0.902693120691885
0.906229466579329
0.904586031848593
0.903831245547079
0.901268504157614
0.901237849580242
0.900650490803970
0.899802739925611
0.898431992247058
0.900312237804837
0.898701796443892
0.897425634607263
0.898314154117255
0.898911419523329
0.898404646095705
0.897664308441404
0.896027451105311
0.895771077743508
0.895748737540875
0.895745777636531
0.895286575679385
0.895450046713274
0.891779303042146
0.893460028060676
0.891629674570225
0.891589834123945
0.888938882909867
0.892049937236413
0.890054954003418
0.889762273639406
0.887192106475571
0.888884100048586
0.888330985275471
0.887851938613684
0.889178714230854
0.884548894461678
0.884611929425458
0.887596646678112
0.886975186405869
0.886036101189226
0.886247962999575
0.884552133612822
0.885410046137638
0.885078472057550
0.883227851632462
0.881762436989409
0.883943576002558
0.880969486716750
0.880727082801420
0.879237105401628
0.879079529157453
0.882214184227068
0.878039292730043
0.876472705136494
0.879690337189767
0.874517203492857
0.877546956573702
0.879193860770433
0.877455395478142
0.877352693317240
0.876682427281632
0.877055182316071
0.875145990089956
0.873810453834486
0.877429586556966
0.874407857990935
0.869240673151150
0.873859349159026
0.871626783433236
0.873066028913083
0.869282059531368
0.870852937743557
0.872327846376125
0.870294271607430
0.870068762202175
