16.415471821986351
14.084524648988280
10.309135252444591
8.939245189010659
8.101956162625552
6.265784714673806
7.066512388369532
6.442633953054134
5.956022637167879
5.952743694651939
5.586127908897410
5.120365285865349
4.460913648525842
4.493205088703843
4.704642314991516
4.253168064973847
4.475543414951904
4.006453277795799
3.611908951321589
3.942865821666165
3.940538700386746
3.779671226919203
3.625810406557693
3.463769832752947
3.436592281103545
3.231877364865257
3.187702892250893
3.313955993776912
3.149980077167939
3.197790751446468
3.015538688740799
2.920800205552990
2.973142280695818
2.969505236974009
2.857757270902002
2.918741703953816
2.732194863685135
2.690042402567387
2.641752932226597
2.740646336833502
2.630122244208348
2.671495863312174
2.652281906403573
2.546506251805952
2.631677459397284
2.636103147014919
2.518567929896386
2.608716667888186
2.483101116018511
2.441291359043369
2.371916115096042
2.331323247512794
2.341079814437993
2.363505741432418
2.390956774725818
2.184381725416901
2.317162776069683
2.245068197008064
2.249401977285178
2.199695669267496
2.180757351052517
2.220421568294768
2.187587947167918
2.223345130794208
2.144918740078730
2.181445949514616
2.111912924711048
2.082967975468810
2.073848337924280
2.031404395995426
2.069473656827515
2.034998613463336
1.976040496537441
1.985884677778033
1.965580862799359
1.945496261356439
1.912871121945658
1.849008572823562
1.911561348040767
1.907105576714204
1.917146032956317
1.894095493328251
1.885099005836119
1.851311660042064
1.850358849937677
1.864856213489784
1.847490713195318
1.791289667799737
1.791110414071276
1.793878022341751
1.782776553900922
1.791587593633146
1.754749163518312
1.774490577306999
1.670622470745051
1.747849260596984
1.701701795571243
1.728285643489947
1.705795404786424
1.743278413956754
1.650454063298305
1.676088775808927
1.681145206761910
1.687896379922181
1.644740469777416
1.639988043523599
1.643791245172090
1.612483752584059
1.665599004255936
1.659871490119858
1.662039389428819
1.658683739745806
1.617329766585791
1.596611937164973
1.618374727246589
1.586307271788999
1.593548059434150
1.609644379660275
1.558544279854915
1.559335909927462
1.569982190631407
1.534576447410329
1.536748835075399
1.551649966204742
1.505021574137765
1.510739850494000
1.484082583143129
1.506014198639805
1.517564914887989
1.516075140280853
1.506898615484155
1.467619991046076
1.512165648022638
1.481981385710275
1.452796555554116
1.421056280918324
1.483162647434626
1.474814871091534
1.430064512476404
1.458395046486355
1.428702433164403
1.445933632309809
1.449254395506884
1.392580735298478
1.432302274340901
1.396225457590739
1.413675480661078
1.397567089729620
1.428335185688334
1.449447629374458
1.397602536386163
1.357211626622076
1.382438626867242
1.410613087359691
1.403966254482744
1.374331347958272
1.340395899254873
1.355759920811492
1.331156160035701
1.357883919848667
1.334189225412812
1.343045187258342
1.338874519539333
1.370461316807333
1.341764161670311
1.314349953020275
1.340450221810385
1.323993556614576
1.313098123416905
1.298177204462543
1.305283089831298
1.284877604309495
1.296458944913133
1.312502979815979
1.294025602293110
1.289632008550083
1.294220165623409
1.279965846080545
1.300029667088801
1.271311500597400
1.268335059586788
1.258682591459918
1.273416474506273
1.261888344299761
1.236954282365964
1.244619558202453
1.261839014134912
1.252009611520499
1.255026545111391
1.263199404531233
1.249860962746884
1.235270715795080
1.208556509618995
1.214782613501009
1.226166789830946
1.230921070351448
1.208844739992609
1.193988339147212
1.226677085705889
1.222767866270909
1.211515964861042
1.218600611043288
1.203110052470404
1.207268213456933
1.191755714804921
1.195987931236753
1.194898416670922
1.199915753186651
1.168600460895024
1.188751817765012
1.162359513061691
1.156508643689947
1.171976992576284
1.161677391632636
1.168851945293664
1.141779444012462
1.152068544222089
1.145762236356146
1.152418375258559
1.147203624616345
1.151936732093212
1.150316096014595
1.128884206155411
1.147156633988156
1.112660332755285
1.125000129534587
1.141725864011940
1.151774525856584
1.112992003782636
1.142437117483219
1.112823056204703
1.119920160514407
1.144792769151976
1.121223320771678
1.131244768070793
1.101134015618663
1.100568419881563
1.115740636383122
1.105023466388323
1.092071366900653
1.104700460153315
1.083773868897560
1.090323439648739
1.086695735277294
1.104710035190234
1.105391898235109
1.084170692492576
1.079134412642505
1.094755915502876
1.081748145762593
1.102547315447429
1.081144731574212
1.102927043201094
1.074882577795423
1.088326050916451
1.047540228483487
1.065235012161215
1.052364282487346
1.042948277389501
1.032252090651002
1.058150579515082
1.069230260057807
1.052716477846223
1.040423464659383
1.037095201125214
1.030242865664338
1.036022741002234
1.045189783514269
1.025305941337672
1.019314327124125
1.034928452293872
1.033961176859328
1.043929850595248
1.036692660654935
1.017351711360367
1.031082665822137
1.020511035630761
1.026691585135671
1.013534053569515
1.026187823122561
1.031214601941117
1.027212349148009
1.014140100133997
1.005642828811177
1.002723208771609
0.993549895877867
0.997810901613407
1.024549138975295
1.020526458740447
1.007564637923529
1.005304864305270
0.994453982488881
0.994390716504284
1.002223174129880
0.993108844534816
0.983080973639919
0.985598687037661
0.983567367438384
0.992667642874910
0.979487744771702
0.977997209660706
0.991038526788439
0.982310574373012
0.980433604399147
0.967111918644425
0.962798644405160
0.980242564641137
0.983051518804346
0.970959234875655
0.961268244056511
0.974658113475988
0.954803746788496
0.961176353075422
0.969013370996343
0.968560325806826
0.949429074251594
0.968281548291508
0.967388399071024
0.979272722578803
0.952537655027985
0.954463904086048
0.946493563632199
0.958868404973087
0.943233080966328
0.942600150609288
0.948342751510543
0.952743778772387
0.943428410783490
0.936522118077950
0.939483300482187
0.960045107587888
0.935771539157363
0.935165275373814
0.937019352310228
0.943308328419672
0.940502357379820
0.935229719082568
0.927391039205799
0.921774068642363
0.918267583075304
0.933916568950329
0.912700838072426
0.927233593142005
0.909644298471711
0.921399355078160
0.938517467066631
0.913725703499891
0.921659537927802
0.913206641366020
0.894848191388900
0.918271254598183
0.902004158201288
0.922148766165322
0.909261799148585
0.905585595008579
0.903789044742236
0.910665430567536
0.902915975379666
0.906344954425923
0.895450588422338
0.897974797490523
0.890776207636833
0.897042301246187
0.887051129570008
0.894534509782816
0.894549625811466
0.889460836651575
0.886563598144768
0.882404770222155
0.877576676099670
0.879212350979735
0.885781367261239
0.897209697863911
0.872448471288572
0.880105642871968
0.874855164039995
0.885706275917170
0.886785349457813
0.877116389529412
0.882586965867032
0.873790324324431
0.877147503825184
0.873530758444800
0.868037742470618
0.865459424265133
0.882207670627815
0.871298983799498
0.876065289199538
0.874128345991346
0.868785089625572
0.868544136856017
0.873083950129661
0.866528952339490
0.871016962612652
0.849059913218080
0.851335773712431
0.851077530177099
0.858520437624157
0.859715866299410
0.838498600610569
0.857109684502889
0.858996191361217
0.858629145164650
0.851312766388276
0.852698712458547
0.836475464555976
0.846979950637798
0.852184837231554
0.840687267925663
0.841628662384870
0.836225299151233
0.830437637633772
0.840686389856333
0.837344286712414
0.836805048341046
0.832558874141258
0.837504177000591
0.827390950489367
0.833044936594773
0.839545980734660
0.837580533538232
0.842231498412756
0.827516535053158
0.834583319799058
0.835979931230689
0.846899740003181
0.816696172730410
0.829971099735321
0.810277935454231
0.819507482798872
0.813323217672232
0.809454451454268
0.825997728169764
0.823001946618387
0.815731964996295
0.822193013816166
0.811851692636243
0.821022739067603
0.813108313516076
0.819730013510486
0.820063754983453
0.803340587118427
0.809779773803281
0.809379488080179
0.805996612816452
0.804574794576300
0.804887935691230
0.807833905455283
0.798774056075663
0.816569635062011
0.806800586046143
0.792032119046253
0.793307178217682
0.791819654628632
0.800324379017091
0.806114353963646
0.792785194211396
0.815991634749493
0.804901880409237
0.783009632941541
0.795585305244891
0.792108684834896
0.791778514702594
0.792784244198446
0.789343138399413
0.790257209927476
0.785412339660563
0.781538681552379
0.782224281910530
0.781915078206146
0.788926977434180
0.781821993127947
0.793141311756647
0.780138093682108
0.793815855253732
0.780350903070197
0.784459585263491
0.772840069811971
0.783882919484173
0.778264565639264
0.786161553992749
0.776519568138326
0.770265378008035
0.774573197896195
0.768068760317608
0.763258213134504
0.767442331679004
0.772481435171125
0.787543348866131
0.775350309019911
0.776894096127324
0.770189664227960
0.760352846660836
0.771789366592357
0.775277931497019
0.770113046669500
0.771953656466917
0.773112552453483
0.759404204312856
0.766852572995826
0.763253889544324
0.762723935451946
0.751788376196393
0.757664597926003
0.753708546976472
0.757384171899714
0.756551232410651
0.763759046425367
0.752861332288667
0.756497667334160
0.754513534613312
0.750602182158581
0.745202776203762
0.753400746924270
0.764439228865924
0.738008419323173
0.749340220300652
0.754656676047272
0.758790633185374
0.751803014749919
0.752440007351175
0.749955844255971
0.747386787716501
0.751544936895787
0.741950946029895
0.742843962426966
0.743231820609996
0.737745054678353
0.743531757055329
0.743499544261787
0.747605244161467
0.737187805152806
0.736841430955100
0.743192305885191
0.726621862765564
0.731173673111980
0.733519222564292
0.735334349666294
0.728572013384149
0.731663656200019
0.742214262368148
0.733235661604390
0.727953958541188
0.723586041242707
0.738901781632662
0.733261631928380
0.730762819513769
0.728099841862615
0.723485529271215
0.730345620850483
0.723002485931538
0.735982584885337
0.721463773285281
0.725775104845494
0.730820639129647
0.724087971293433
0.726840263202078
0.720354045094010
0.726110308481497
0.716378192480359
0.724059685962979
0.719000159624620
0.724493481845450
0.717610577166538
0.721147691125461
0.722932517004940
0.724391484752852
0.719858041793622
0.731675262206280
0.715260809667398
0.713598846096473
0.715556295131038
0.712420478074437
0.716296097473953
0.706206205856720
0.712307045558677
0.709180115662771
0.709277574937084
0.716243666159961
0.698853719744395
0.705878072558840
0.698810014955283
0.703072292756856
0.708263630330084
0.710803445057201
0.709666328453828
0.709388299984422
0.708715630735484
0.703037012926984
0.705706386955976
0.703971325813281
0.703322054845353
0.706689936867587
0.705776630907024
0.699577671596062
0.692787302233970
0.693537062815578
0.697522515357339
0.699923457916013
0.702059843090087
0.692625404409228
0.687885002819198
0.703657082605546
0.692371952808337
0.701745337269646
0.686567618119590
0.697641092011158
0.689649591830603
0.695017549761559
0.692547283358867
0.684505018033639
0.692320064400407
0.685860759035452
0.684404418060281
0.684064098001180
0.686741354919355
0.691302666190890
0.687018834166958
0.695582913129736
0.683071808666801
0.694697652042883
0.684866136758942
0.681900496316734
0.686134960067743
0.679015500016268
0.675149270426917
0.675123698441370
0.685649586743691
0.692863422906304
0.683774199980147
0.674105426951567
0.680768770780043
0.678300633883178
0.673365164997986
0.675099859507236
0.685839069853509
0.686451349017689
0.667503797607896
0.671819547784700
0.670789782644762
0.681247311927549
0.672606593275078
0.666496163713316
0.679298251725227
0.673442549631400
0.671771869082671
0.673454084405305
0.671805419075361
0.666305942102138
0.671557175553442
0.673516154139787
0.668704929752915
0.669567400237309
0.666233728505872
0.671172254680472
0.668181843258543
0.668251576151600
0.665122158385058
0.666272891427889
0.666870892396406
0.666569954042760
0.664798721423297
0.653083619990115
0.664234317605973
0.657756217997714
0.658334829239590
0.664677020030674
0.662545584603801
0.654238332386845
0.653446871628144
0.657639277070426
0.663806803768642
0.659912646555031
0.652541151772203
0.654872477908213
0.658577072429078
0.655913988129919
0.662845529019818
0.653606036546785
0.655827362589366
0.651441900799955
0.656852882732511
0.656261472606398
0.658599332907671
0.650200403548616
0.652572623945334
0.649092992553390
0.648643318426134
0.651415208728003
0.653151939597320
0.656696850049935
0.648425056745246
0.644173439654529
0.650255428076573
0.641111385610248
0.649865570163772
0.652408066415907
0.644074442093232
0.650665645161595
0.647812178719297
0.644454983118522
0.644033405204096
0.645988210335797
0.645460057280414
0.643581376464733
0.647058632883832
0.642894487290336
0.640344544431397
0.643609118087518
0.634430884324121
0.644483202378061
0.639735958566687
0.643556532495327
0.638654351728154
0.634442181785072
0.634589779808967
0.629105484467770
0.625332732499098
0.644263938374414
0.639003004980266
0.633031617362713
0.640389904042684
0.630163209203377
0.633137501142181
0.628325872518200
0.632814749256812
0.636982779632777
0.625158020493364
0.636151156174925
0.627908414016872
0.629738876101545
0.625188658058990
0.627452278148325
0.636534241393925
0.628490354903091
0.632438648625938
0.629345589326728
0.629978522237115
0.630825582249204
0.628924037995845
0.620593548280415
0.627551413266315
0.626273937030650
0.627501598768072
0.623378782863253
0.623113658197041
0.626020704379466
0.617936837197094
0.627230755310322
0.622812381840644
0.626926637212472
0.615697487084118
0.627911723121813
0.619372204630944
0.620305773010232
0.615932189927805
0.615838840518982
0.624301255455060
0.614656686567377
0.613884801197543
0.622475635164941
0.619389857484505
0.616269607609195
0.619938245127417
0.620963625640367
0.607875933032660
0.625406171194995
0.623400164226258
0.612077617217399
0.617094444471677
0.618126003022135
0.617531393289555
0.612604038414646
0.614365140259358
0.611901668958869
0.610394923334524
0.616628466549096
0.613176254349038
0.609330171010608
0.614835725070397
0.607438866636631
0.605113087008771
0.609702651642317
0.605788158096990
0.610311917056740
0.602828257114966
0.606632627758089
0.612785940953326
0.606442302021820
0.602328564663483
0.611929997640988
0.608394161319568
0.610567653939937
0.604440794346468
0.607428179479618
0.609664460196371
0.612804512863198
0.608043369069218
0.609228341850375
0.604131165773997
0.608296124953463
0.594798757463783
0.601236145272839
0.602900116268095
0.601058897390996
0.596966442646126
0.596333050096656
0.599324126886526
0.598867789322411
0.604418125472937
0.599408925434308
0.603895607814889
0.601911314426307
0.599489330246950
0.597417177046302
0.591601553243209
0.601305838900321
0.592961659351363
0.596220570143549
0.595829611566084
0.601827108271693
0.595767562790924
0.593036973971664
0.591674588591998
0.593427161889215
0.595030261146869
0.600372339939500
0.592575026633644
0.592785113669196
0.588776202657843
0.595515204136777
0.591839341623076
0.599214776832556
0.590097832880960
0.593455231559387
0.590060401322249
0.589058286030625
0.589792998980311
0.588891013334272
0.588867876111904
0.589467665599660
0.591687654460353
0.584425463004284
0.588595259570439
0.589788137481056
0.591106735519228
0.591339870139769
0.586617621580909
0.588429966611846
0.586183474627246
0.587786362367103
0.584487810554870
0.583984577880993
0.583305555588781
0.587194015873820
0.588178148150339
0.583909291920043
0.578493151083958
0.585337841576717
0.589116581630686
0.587266085803117
0.583117061926820
0.582438771375955
0.578072696948858
0.588404793593190
0.586857274609247
0.579059456983888
0.572946996315686
0.577490194205868
0.577520508765023
0.579581017551911
0.577212089018802
0.574603262324398
0.570922647325745
0.576804754642481
0.572485573948819
0.575701089540721
0.581010789390833
0.578920774445790
0.573888403661118
0.573754851708677
0.574050575652939
0.577041395623428
0.574152883231000
0.574194623183727
0.575798353964716
0.575427493836114
0.574935339752185
0.570287597991714
0.573819221609558
0.577070236089661
0.572231614562790
0.574870129776144
0.571633578842034
0.571616907422509
0.569660810912089
0.568790975883714
0.571003446003450
0.575185116034878
0.567745790579176
0.570221933100008
0.568580968004155
0.568079434255295
0.564692780318809
0.561351413560983
0.568125646500079
0.565016681651951
0.570633340073254
0.566294406344722
0.570460140197315
0.570075460291687
0.565725463868659
0.568457386938637
0.565655692121146
0.563749893939379
0.568347097252730
0.566102161154812
0.560953589974423
0.566204559936782
0.560940283140758
0.566512910894357
0.566933316476547
0.565157444333072
0.562716837174856
0.565954733042750
0.563216757624293
0.564187304038327
0.556911042243337
0.559456599114701
0.561025554199156
0.561808394103466
0.559726557023941
0.558729286747044
0.555684545634579
0.561475956486946
0.559040625668828
0.559154512992119
0.557583985216444
0.554874887967354
0.555164695167753
0.559067057135785
0.558100832015705
0.556859752330791
0.555703395962470
0.555595687547438
0.553468719505338
0.552234802474535
0.553756407983188
0.549698333153371
0.553025888303015
0.555804088478324
0.551956065433399
0.555767200167287
0.553808051713925
0.551579421103366
0.552334518639562
0.560620197776816
0.551549311628251
0.551904973528016
0.547632541730096
0.545579394445086
0.555708287310713
0.547043064236173
0.556041037618604
0.550505286853521
0.549688482029682
0.551822101398990
0.550142476101688
0.548797218192598
0.549536480439279
0.546587229782923
0.546661967172745
0.549074262864005
0.544918123558792
0.549101423561625
0.549423352700187
0.545053206144250
0.547219358208595
0.549148486467833
0.547571120278242
0.551417332258265
0.542585444216774
0.546527502049446
0.547995319395984
0.547425406538320
0.545454538370366
0.548990544487164
0.544806316963638
0.542318827333745
0.541205709304713
0.537830648830919
0.546045067530755
0.543725310254025
0.543881444583905
0.541498060157257
0.539159412008724
0.538329532321440
0.541601815167585
0.539770643566631
0.535599760022869
