8.764640095969924
2.576980551870889
2.872226466597510
11.777780173172118
24.190335208137839
0.213923479596815
1.291520470910967
7.723624277259972
2.028314065585818
7.107770280133963
1.734489212990383
4.534614967228237
11.810937687437274
7.596864176070596
2.842117792492843
2.920583918388047
4.457125043926652
2.843011656055154
5.852585235912329
5.050398440206919
2.954234418064402
0.069376297986253
2.139773206506447
3.083980585403111
0.165808290621555
4.352801196038399
3.110276589786821
2.081912474544595
3.375828297955962
2.472198960008484
0.494715571414531
1.455901238136846
2.933174172573814
3.469296894950560
2.590348926362196
4.770388464281098
2.385561268831566
3.787475515320153
4.752380386199462
2.339560943536526
3.668575041662905
0.797867747091914
0.917695664270184
0.263706982505539
1.284070729922263
3.753209418030423
0.851234748372548
0.294178974696422
0.162543565193687
1.623912073697397
1.024479578426224
5.736913869179148
1.019144324743195
0.287116236877381
1.843640867467485
4.058623670932661
2.914212078327751
1.495952116903425
0.001038757091010
6.158495666291429
1.674849827167918
0.193327578214280
2.794415974647137
1.546251511120857
1.201855463837660
2.022701620487965
0.911051426122896
2.168898001427920
3.596818610441431
0.178701638204615
2.183799377521893
3.029347873416157
0.141015611746127
1.196001177298712
1.409201984629732
0.855067619211269
1.347500042388447
0.848817701374827
2.386395130916100
0.982942698335592
3.617273223516804
0.238949127145901
0.859930271214751
2.196334427886285
1.179971289618493
1.491450558655799
1.493090519765417
0.380405027148356
0.729648730575832
1.671822227307445
0.757078277301304
1.427783615765350
4.259278800377331
0.002548419946550
1.307162456253678
2.007691272695780
0.912433165407663
2.602912058004733
0.374394842017352
0.135878140144513
2.381181127222675
0.358737085226664
0.279588109193043
1.389574966015971
2.574819977648986
0.084801492088189
0.080861210525342
3.229438831888018
0.495034872329114
3.525569106527911
2.894412243776941
1.069431679691235
0.105851360337169
0.826358161605981
0.051781518238982
0.134126824753423
0.227865182471163
2.577053153693043
0.781826899437107
0.008496360159825
0.035253605563696
1.722123331482948
1.181931499327163
0.442510003767524
1.270554045874690
0.174233130485163
1.638028909348577
1.800992063174618
0.009250513071919
2.117047381076503
0.073022716383321
0.298255744343436
0.142121107128645
1.161567072677371
0.886395870819456
0.854915682060096
1.131913033734918
1.374442566423511
0.930487083475953
2.287346210864598
1.030438865677922
0.968790528537482
0.282947966187521
2.940000056548371
0.195517768472911
0.275742628387604
0.291999228758613
0.453686975692051
0.395011240567726
0.525963410285726
0.314645322933757
0.656116114749722
0.056436182410721
1.074625620728824
0.930315683414477
1.494580342891936
1.492786746978254
0.131059802473487
2.177751862471609
0.423237104666413
0.640617130278855
0.249249769759274
2.077249289429318
0.369106583328914
0.039712755926161
0.379468912986454
1.606656613610880
0.484135542594657
2.010797461787746
1.168136713112830
1.643062039249116
0.138133424608213
3.430064600952647
0.550736253294730
1.467794836597562
0.899940197000376
1.705516525028997
1.429985971172897
1.338399089483630
0.801837976521256
1.272638324098494
0.129408916291595
0.096064823576341
0.285212995313429
3.437504863816088
1.150553150340698
0.151952976371916
0.939846941091218
0.264307064371735
1.610775590985384
1.538461144465600
0.126517798582256
0.875283505862342
2.067631504617196
0.442274123120342
2.847226203270765
2.406325442564423
0.695527474615545
0.038336466708756
0.967262826638716
1.089689599273214
0.606430701719887
1.269724552350198
0.202688532986116
0.755840836529444
0.681797416215488
1.332381147841289
1.397564787900734
1.324169011600560
0.673517865609597
0.620428904177800
2.674014684274340
0.902561605640045
1.939200722237132
2.551816278759958
1.159416272035941
0.781905833190137
1.005010854857147
1.480066053919415
0.552659862315636
0.360022994669578
0.044536335587111
0.736754686287412
0.881503218456942
0.297487076339678
0.538387887803594
1.313826779802781
0.050245704758083
1.640955679073357
0.972052341319596
0.619973598831848
1.426063306287261
1.237607588540811
0.145951137915119
0.324746857136319
0.005287667861751
0.422379304701735
0.307183583519731
0.289076509194160
0.006424570172499
0.137545971741588
1.130874572604682
0.180135628207154
0.597354956622581
0.520919901882706
1.962168945096693
0.618218455870760
2.284332869528157
1.138965657659753
0.939839888389656
1.220877136776352
1.493931308598661
0.210703481392471
0.391271937977280
1.177633857792927
0.903040033675410
0.770159308437258
0.457313752614596
0.358317037639324
2.037062484988468
0.037575728437048
0.191956567741784
1.886596192643339
0.658274440753871
0.905764368448388
1.177649087388119
0.796299803740141
0.063975879343133
0.115168809579586
0.826811115168340
0.283053722559885
0.781212244352957
0.938449258964852
1.445487767149416
0.073674967688447
2.881276611730158
0.648921434539204
1.278446987109191
1.272602423798276
0.913858047367512
1.133170358572414
0.118813504820992
0.684957490206273
0.167967649842382
1.248930992891133
0.902455760293321
0.793116777629336
1.493583542693443
0.376555955119954
0.469795376668685
0.296180149230338
0.770016252199042
1.083877808974449
0.291429669252921
0.476390341759952
1.197615161220369
1.005351514956857
1.032211606280214
0.881258643887293
0.690232910252433
0.245828046189871
0.160859848770230
0.995352960937851
0.867989929228258
0.270686809111652
1.033489860036354
2.656661872353254
0.000234860980470
1.232573037763387
0.953702962803220
0.522878462854862
0.695920116238852
0.011423367893883
0.739834071083152
0.712956592040172
0.260628841570053
0.579210512523389
0.087813078696314
2.934059398046287
1.813627709142111
0.583871255430097
0.155268171605314
2.063636875691685
0.196993885942220
0.782380965270789
0.535568272269273
0.260320656600669
0.464872429277563
0.658857962317569
2.425068567228067
0.812675095083705
0.224892937599833
1.494875142596470
0.217063407932216
0.373136302290249
0.701630658274240
1.399662574282473
0.081202972273104
0.876771395395792
0.833945785368030
0.365828489609640
0.570048228800630
0.804903527054421
0.706787583657757
0.721657893527635
0.867904899756326
0.672690599073661
0.345503822374354
0.388880880649680
0.414536476005310
0.764558118916398
0.330043713959725
0.684430723953142
0.358408937530470
0.334437671095600
0.075992931269553
0.652307782043295
0.263146817557953
1.552292571295027
0.902724581783644
0.727667195520809
0.392477259281605
0.501955664304688
1.061494597197907
1.457428227656123
0.556758513669308
1.436520196989449
0.054899973583844
1.115214074045582
0.424188509719386
0.686895403576557
0.222424416420637
0.188644995675133
0.027257432872830
1.098025851936711
1.342073171507337
1.801077442988174
0.824412908582786
0.006897374392224
0.523315557917130
1.533277139364202
0.614148545034595
0.959394434216222
0.872434765888755
1.484015769700449
0.111077074751904
0.523619911456194
1.378320475296704
0.466395211961668
0.723503082389726
0.630211577253732
0.081254580119975
0.185960335406293
0.613269540952103
1.086572409091218
0.050694997834341
0.606471584115951
0.046264031912642
2.200016253040531
0.014402492415286
0.209434778957785
0.509195449483769
0.140750520705723
0.611699739433192
1.326974763518649
0.820843443174084
0.427067395220149
0.963639721564050
1.517770584369799
0.787999300819763
0.373819985518082
1.237325124828487
0.299762769721497
0.105446234807289
1.614220743512448
0.869991480757676
0.661039980175588
0.436631016860417
0.141115632667095
0.807271900158668
0.004780257515165
0.625998700195595
0.146856332059201
1.420803497811335
1.471337779923715
1.432244071690207
0.846603096985746
0.619359552504449
0.390461556402613
0.874089751893848
0.615211899852113
0.196721672196844
0.757206067320823
0.464982137774626
1.096666791749612
0.602333455545960
1.298333625746551
0.396608551788404
0.330688721745673
1.031410912047505
0.555419617881284
0.883346389245418
0.438335480709952
0.106921202176750
0.706241854077660
0.128739458052536
0.067431861471675
0.438835761185771
1.037972313458255
0.331682452394375
0.733138628126852
0.198186001237758
0.153369431865343
0.838787272590537
0.780487322177891
0.792453653544385
0.126997402790607
0.945079624155113
0.812260619162942
0.786388903953593
0.694958314694532
1.087033073249131
0.690418085299342
0.474607015072536
0.409484787922565
0.890731629969792
0.206489548506084
0.148336939426343
0.030513746706873
0.350522108910582
0.010444475300972
0.863990102181674
0.500677792533082
0.257524795719775
1.353222291585382
0.111430809478605
1.173728570230423
0.061995963243788
0.042072033264930
0.695233762208574
0.666800961944631
0.474065139426699
0.917863875739329
0.602753714340736
1.461257515215209
0.997146900455050
0.870664890462422
0.048261518555222
0.091863757268555
0.957812963395924
0.727400892269912
0.515899522144935
0.686023257649509
0.564427964762160
2.593107736543431
0.128282165560876
0.065199363648276
0.078637246751015
0.387387447629237
0.335498494965464
1.467878611980353
0.894976940417337
0.985295785494657
0.076233400571567
0.306223779981707
1.427233104970526
0.701341172133169
0.421747219853472
0.208526930765288
0.232704475909742
0.066697913664228
1.046677830818084
0.723667082497172
1.152757975508763
0.749337673070755
0.367075846972767
0.135676502708293
1.277607912282178
0.147689509280355
0.459283292059240
0.068859624878797
1.044372068097005
1.271513409816095
0.700551823662465
0.099108113349047
0.488864064636459
0.153997536702207
0.412860822732455
0.082127719449147
1.366662684804339
0.222310402475500
1.417275680327975
0.060238735484234
0.655309846604354
1.114522781266658
1.020640438056290
0.202241398083515
0.770297849226694
1.252756873018001
0.160576682150889
0.145592443636588
0.585953440427488
0.853684402640994
0.389184268883184
0.280187956464943
1.121283379721888
0.515684428402210
0.377393405379109
0.416217020076033
0.206056649386113
0.071344660213697
0.292246601051431
0.552954718511927
0.090566622047049
0.396749529294510
1.069632046934288
0.711881121074555
0.370984583348445
0.298811237395427
0.962414813637992
0.180333982807554
0.859365886960688
0.752474943425568
0.688197718412169
0.233342148463692
0.672995576104228
0.404494485037930
0.517637488912669
1.464252843264177
0.320215293784855
0.043631026778684
0.291701141440171
0.741846863399957
0.020789339862318
0.609475414682350
0.508758692991535
0.274417475194923
0.446915241005655
0.281198518702752
1.107910583027717
0.426366006082958
0.278845356629972
0.894292992720608
0.123835491902724
0.663959373003820
1.225986193359716
0.370798487094532
0.275914690359201
0.936030972886044
0.797369615083142
0.077692384297706
1.019230290229359
0.673486152439153
0.303784035606782
0.420897035943085
0.577248009956350
0.816793496597171
0.328985854540832
0.161823554165125
0.012709693125061
0.558445300465905
0.143813754991555
1.021903964729859
1.052111326237764
1.031765099402918
0.348426399536947
1.237272207114586
0.980763595135471
0.335137182601756
0.495884170946397
0.024646067604493
1.631525968746473
0.277309472649108
1.030386147227034
0.309764268398766
1.185339318278864
1.382616306038443
1.572132973176025
0.999884562275952
0.347905386837454
1.098338334793681
0.716359480778607
1.479520351845366
0.525170171290483
0.300076615429788
0.528231648712591
0.123809085247075
0.351477673411523
0.474101252590913
0.127550578409796
0.795048605796381
0.059785501218386
0.025770321648764
0.310340622663944
0.824653206315247
0.248850587124252
0.299880302825102
0.578422590638212
0.129323883980504
0.495927365847621
1.047001578654744
0.387816448815158
0.428724590971598
0.072717953135594
1.665860539202214
0.229347421864901
0.353540105496421
1.030219718767825
0.486315534519804
0.844598018424961
1.068234758509789
0.968502532998741
0.770488291009116
0.695521484255295
0.921583080061339
0.275515318329411
1.011754096194068
0.639650964021484
0.492821102241805
0.166617235474547
0.762304516193637
0.569060175304315
0.797996689814397
0.233179724133407
0.992683903365020
0.787501750166768
0.765179043782211
0.607199056078429
0.182867325635442
1.176311487966899
0.927776561432609
1.414810728132011
0.178864363304086
0.732215253307345
0.171764853375691
0.601430075964601
0.352175035609235
1.072136507059184
0.080172998736487
0.156001467325979
0.069937535045227
0.596121519801443
0.140960306950433
0.359722228234261
0.747391705755206
0.072256172320209
1.205809181357296
0.013183978796121
0.946134750159104
0.662104925255676
0.228411306323892
0.843075872506716
1.193266773770205
1.568076931210015
0.744013397110479
0.649536817275759
0.033276883179809
0.791103271025008
0.082125550235247
0.400445167055864
0.182150132148138
0.004585553663162
1.353408504992558
0.033877856119688
0.601056359966037
1.475151205526373
1.434670359921938
0.254989117058670
0.107575817985321
0.265155506690775
0.644794347455417
0.330694155295930
0.791122321968999
0.288933639023298
0.240901386373139
0.231657520490330
1.001605223731502
0.147216488358026
0.151856791764430
1.106178614446748
0.344338072140857
0.907239590133912
0.640813208001134
0.227911137525950
0.266477306936878
0.168618803033468
0.399521359506025
0.057145038485203
0.748820978619932
0.489838259369066
1.291722060561000
1.103886879016272
0.422520122891257
0.177400001057009
0.741040717502472
1.032642741281279
0.105539627968795
0.092992238408499
0.106098622059051
0.240108292766706
0.004818342521958
0.368080441289578
0.716536245111030
1.217432701531322
0.160388452463224
0.089458531602986
0.505201075206685
0.164582784472714
0.021486392792298
0.280156551983879
0.043967408875488
0.308945104545757
0.555010044576449
0.313664039157771
0.580250086603229
0.380667709014176
0.044406909081147
0.637857521875048
0.303652584045295
0.346706221314008
0.652762053207539
1.248370682662340
1.215565080308807
0.229946833870372
0.230707730914162
0.165977999632673
0.641483684851039
1.205850139364429
0.426091716692014
0.067872499370480
0.140562574276117
1.210584197347089
0.908070069216990
0.391169939830064
0.083131650032271
0.010040034398742
0.396694493855676
0.386825613048785
0.141276674984965
0.116602850934981
0.120057493185470
0.020341092844120
1.078195294310035
0.663913154594866
0.546086113389919
0.081743884609580
0.077674941339666
0.029188707001396
0.919707260970540
1.111905837581446
0.450661882280997
0.347914291512012
0.456142330387706
0.159674220809507
0.655319016179305
0.409495740489717
1.045090018459149
0.203309439528681
0.662345829905490
0.650269056105117
0.081340208581338
0.047709710459657
0.681773334804490
0.254886555266381
0.871843300525768
0.107216437642990
0.653507866983574
0.275220794368352
0.248836512338443
0.174993705596250
0.032290664034207
0.090787280160129
0.597904705727785
0.562328210037322
0.604985828128861
0.840186043836269
0.520240428315503
0.724697611810996
0.033807488937725
0.154863194026632
0.698805069943376
0.665711704925741
1.312175863423590
0.134111677398778
0.141732986424699
1.102479323144564
0.625668454860403
0.020857807766902
0.274045989128069
0.119594153319554
0.569296149356376
0.691006327206082
0.120283589477395
0.547987605446565
1.163446946946806
0.179339210371637
0.138549280277914
0.438022961672800
0.115373100570878
0.735151712852485
0.255271492519171
1.466739413091545
0.713256503734073
0.024949005328153
0.071859131751353
0.233655375237902
0.114289137202860
0.866564870593919
0.046995925087458
0.773025848348027
0.285291378665079
0.050414383264524
0.661812052782267
0.422299652827206
0.191950103725446
0.009915123843768
0.795147822002576
0.041233858862853
0.846831449934882
0.482869585461799
0.285610530809379
0.288421618854841
0.823526309033639
0.705033831635518
0.447836850257715
1.278881014084504
0.076499598588157
0.948437866912002
1.736957924824480
0.837221535267247
0.338325822277625
0.572255951380981
1.408355010618266
0.688787497319510
0.290235313646150
0.689570895172722
0.073298618109845
0.088083215713311
0.065390173009376
0.234247914673205
0.309673709464079
0.352317859463540
0.726951326030388
0.022865013481265
0.080217816126066
1.406266862609044
0.589372994813544
0.146757716979266
0.088008246857186
0.018162194449246
0.373764131068327
0.132043823634945
0.886453215444476
0.257100517119852
0.077019287252995
0.209804863851701
0.668099922851297
0.629125922115151
0.162000175324664
1.022804527761309
0.186249006342138
0.677716348002605
0.762782530925051
0.175159099375520
0.619198427450982
0.080614649710355
0.754890866056030
1.362130750807779
0.240534990698393
0.591035179192261
0.734080859976984
0.452121637391400
0.349456849820655
0.347394018232052
0.567420527210913
0.723569014771584
0.502490441312801
1.005636196827822
0.016942245434421
0.164909245880324
0.015064220454974
0.329766480929379
0.468221103141275
0.067585099841637
0.208591210905553
0.141567679960644
0.278893162939454
0.285378989002993
0.710663847240085
0.443706293041174
0.237862837400883
0.137956042832286
0.185177122043513
1.108495238917726
1.072227791082526
0.519838043192948
0.526887904253414
0.758347038381942
0.222046563336306
0.005453527826148
0.379676656087639
0.468465019280814
0.056964999307041
0.336482434279390
0.258050343183129
0.448770001245521
1.076113597397239
0.910361797422297
0.280260480179123
0.182825706469515
0.212520320456264
0.036622708089368
0.206230267359103
0.718417636312722
0.878943741092343
0.041346786526191
0.944258654528625
0.612506784506621
0.141733553411200
0.020584922967572
0.147205505993270
0.333854753239422
0.028306025919051
0.151274745243370
1.772695383600336
0.953707534924348
0.482083345864993
0.520687933280811
0.084581357133089
0.609292081757246
0.587155963121518
0.687471549366279
0.406586487072559
1.312562764000859
0.018006959925771
0.314645249337673
0.061901399515222
0.736916303303190
0.103175817547452
0.423819307486411
0.736032539307189
0.214152708276998
0.136260808368888
0.676803574919063
0.401256320923238
0.519519470021038
0.181956696458911
0.304777781638393
0.143821215235590
0.054671915146884
0.180687880295153
1.284750223740531
0.357434593686605
0.879191202262660
0.154929399794071
0.497926428396397
0.249046685137955
1.056952131574576
0.221974902667114
1.076152072454875
