0.000000000000000	0.000000000000000
0.104719755119660	0.104719755119660
0.209439510239320	0.198473283126998
0.314159265358979	0.281262681771909
0.418879020478639	0.353220152987320
0.523598775598299	0.414598371456178
0.628318530717959	0.465755630235801
0.733038285837618	0.507138271906321
0.837758040957278	0.539262422022057
0.942477796076938	0.562696487110029
1.047197551196598	0.578045349654188
1.151917306316258	0.585936742214299
1.256637061435917	0.587009936286987
1.361356816555577	0.581906640228714
1.466076571675237	0.571263852293731
1.570796326794896	0.555708341180804
1.675516081914556	0.535852408020634
1.780235837034216	0.512290602981209
1.884955592153875	0.485597112265307
1.989675347273535	0.456323586156558
2.094395102393195	0.424997237781439
2.199114857512855	0.392119099590609
2.303834612632515	0.358162376240581
2.408554367752175	0.323570875991431
2.513274122871834	0.288757536446808
2.617993877991494	0.254103083875791
2.722713633111154	0.219954878669654
2.827433388230814	0.186626003551736
2.932153143350474	0.154394647352229
3.036872898470134	0.123503827233864
3.141592653589794	0.094161478163035
3.246312408709454	0.066540922138858
3.351032163829114	0.040781713045714
3.455751918948774	0.016990837520782
3.560471674068434	-0.004755760916754
3.665191429188094	-0.024411377309436
3.769911184307754	-0.041956509809037
3.874630939427413	-0.057396646209072
3.979350694547073	-0.070759925669755
4.084070449666733	-0.082094726656461
4.188790204786392	-0.091467228024291
4.293509959906052	-0.098958984820322
4.398229715025711	-0.104664554327492
4.502949470145371	-0.108689201640270
4.607669225265030	-0.111146708034145
4.712388980384690	-0.112157299845763
4.817108735504349	-0.111845710687296
4.921828490624009	-0.110339385652979
5.026548245743668	-0.107766832739290
5.131268000863328	-0.104256123941098
5.235987755982987	-0.099933546318870
5.340707511102647	-0.094922401654407
5.445427266222306	-0.089341952019609
5.550147021341965	-0.083306507576683
5.654866776461625	-0.076924652125008
5.759586531581284	-0.070298601243069
5.864306286700944	-0.063523687295351
5.969026041820603	-0.056687965052925
6.073745796940263	-0.049871931197145
6.178465552059922	-0.043148350534499
6.283185307179582	-0.036582181352160
6.387905062299241	-0.030230591998037
6.492624817418901	-0.024143060488432
6.597344572538560	-0.018361548742616
6.702064327658220	-0.012920742926501
6.806784082777879	-0.007848351363729
6.911503837897539	-0.003165451544327
7.016223593017198	0.001113122072682
7.120943348136858	0.004978357510832
7.225663103256517	0.008426619693488
7.330382858376177	0.011459187131186
7.435102613495836	0.014081777717692
7.539822368615495	0.016304069961799
7.644542123735155	0.018139225437272
7.749261878854814	0.019603417667842
7.853981633974474	0.020715372089041
7.958701389094133	0.021495921153927
8.063421144213793	0.021967578083898
8.168140899333453	0.022154132215958
8.272860654453114	0.022080268369630
8.377580409572774	0.021771212154668
8.482300164692434	0.021252402667928
8.587019919812095	0.020549193586673
8.691739674931755	0.019686583257530
8.796459430051415	0.018688974006168
8.901179185171076	0.017579960552928
9.005898940290736	0.016382147113882
9.110618695410396	0.015116992494887
9.215338450530057	0.013804682247439
9.320058205649717	0.012464026748683
9.424777960769378	0.011112383892902
9.529497715889038	0.009765604936904
9.634217471008698	0.008438001925836
9.738937226128359	0.007142335037519
9.843656981248019	0.005889818121023
9.948376736367679	0.004690140667098
10.053096491487340	0.003551504432636
10.157816246607000	0.002480672946640
10.262536001726660	0.001483032149306
10.367255756846321	0.000562660456942
10.471975511965981	-0.000277593398581
10.576695267085642	-0.001036026338147
10.681415022205302	-0.001711992213793
10.786134777324962	-0.002305809810385
10.890854532444623	-0.002818668887417
10.995574287564283	-0.003252535475839
11.100294042683943	-0.003610057539123
11.205013797803604	-0.003894471999660
11.309733552923264	-0.004109514022664
11.414453308042924	-0.004259329341205
11.519173063162585	-0.004348390299027
11.623892818282245	-0.004381416183485
11.728612573401906	-0.004363298320094
11.833332328521566	-0.004299030303705
11.938052083641226	-0.004193643649745
12.042771838760887	-0.004052149062925
12.147491593880547	-0.003879483440692
12.252211349000207	-0.003680462654829
12.356931104119868	-0.003459740087151
12.461650859239528	-0.003221770834478
12.566370614359188	-0.002970781443816
12.671090369478849	-0.002710744991127
12.775810124598509	-0.002445361275992
12.880529879718170	-0.002178041869709
12.985249634837830	-0.001911899725792
13.089969389957490	-0.001649743039094
13.194689145077151	-0.001394073022595
13.299408900196811	-0.001147085258977
13.404128655316471	-0.000910674277058
13.508848410436132	-0.000686441000565
13.613568165555792	-0.000475702718308
13.718287920675452	-0.000279505230044
13.823007675795113	-0.000098636830855
13.927727430914773	0.000066356191653
14.032447186034434	0.000215152859135
14.137166941154094	0.000347639898969
14.241886696273754	0.000463893513335
14.346606451393415	0.000564160779664
14.451326206513075	0.000648840920977
14.556045961632735	0.000718466663718
14.660765716752396	0.000773685879329
14.765485471872056	0.000815243684275
14.870205226991716	0.000843965151843
14.974924982111377	0.000860738767958
15.079644737231037	0.000866500742669
15.184364492350698	0.000862220269151
15.289084247470358	0.000848885803024
15.393804002590018	0.000827492416803
15.498523757709679	0.000799030267359
15.603243512829339	0.000764474198493
15.707963267948999	0.000724774486248
15.812683023068660	0.000680848721282
15.917402778188320	0.000633574810741
16.022122533307979	0.000583785071406
16.126842288427639	0.000532261376579
16.231562043547299	0.000479731311143
16.336281798666960	0.000426865282432
16.441001553786620	0.000374274528994
16.545721308906280	0.000322509964885
16.650441064025941	0.000272061793863
16.755160819145601	0.000223359825496
16.859880574265262	0.000176774423948
16.964600329384922	0.000132618019688
17.069320084504582	0.000091147114798
17.174039839624243	0.000052564713594
17.278759594743903	0.000017023112036
17.383479349863563	-0.000015373018297
17.488199104983224	-0.000044563313108
17.592918860102884	-0.000070528223384
17.697638615222544	-0.000093285403202
17.802358370342205	-0.000112886028207
17.907078125461865	-0.000129411091646
18.011797880581526	-0.000142967720667
18.116517635701186	-0.000153685551399
18.221237390820846	-0.000161713197033
18.325957145940507	-0.000167214838927
18.430676901060167	-0.000170366966591
18.535396656179827	-0.000171355288327
18.640116411299488	-0.000170371830414
18.744836166419148	-0.000167612238973
18.849555921538808	-0.000163273295095
