0.000000000000000	0.000000000000000
0.110879740714934	0.110879740714934
0.221759481429868	0.209465164528857
0.332639222144802	0.295759062974899
0.443518962859736	0.369928275612790
0.554398703574669	0.432290249330394
0.665278444289603	0.483292550994721
0.776158185004537	0.523489008591455
0.887037925719471	0.553515359450300
0.997917666434405	0.574066406608088
1.108797407149339	0.585875871126015
1.219677147864273	0.589699463093601
1.330556888579206	0.586301206972031
1.441436629294140	0.576442740429268
1.552316370009074	0.560875132384624
1.663196110724008	0.540332701208545
1.774075851438941	0.515528324777195
1.884955592153875	0.487149792396388
1.995835332868809	0.455856832761774
2.106715073583743	0.422278546166067
2.217594814298677	0.387011061876697
2.328474555013611	0.350615325392577
2.439354295728545	0.313614990292860
2.550234036443479	0.276494442884758
2.661113777158413	0.239697023839532
2.771993517873347	0.203623529928412
2.882873258588281	0.168631082507600
2.993752999303215	0.135032440188307
3.104632740018149	0.103095814446412
3.215512480733083	0.073045222350495
3.326392221448017	0.045061383617303
3.437271962162951	0.019283142941051
3.548151702877885	-0.004190624557071
3.659031443592819	-0.025298685179643
3.769911184307753	-0.044014768797867
3.880790925022687	-0.060344621041220
3.991670665737621	-0.074322866691404
4.102550406452555	-0.086009762377599
4.213430147167489	-0.095487910233089
4.324309887882422	-0.102858995510729
4.435189628597356	-0.108240601336477
4.546069369312289	-0.111763143709690
4.656949110027223	-0.113566960227841
4.767828850742156	-0.113799577291814
4.878708591457090	-0.112613173000928
4.989588332172024	-0.110162246667591
5.100468072886957	-0.106601500832278
5.211347813601891	-0.102083937714257
5.322227554316824	-0.096759169016292
5.433107295031758	-0.090771935718522
5.543987035746691	-0.084260832761116
5.654866776461625	-0.077357232163038
5.765746517176559	-0.070184397024295
5.876626257891492	-0.062856777915950
5.987505998606426	-0.055479482315418
6.098385739321359	-0.048147906963762
6.209265480036293	-0.040947522300360
6.320145220751226	-0.033953797478766
6.431024961466160	-0.027232253905948
6.541904702181093	-0.020838634798966
6.652784442896027	-0.014819177941093
6.763664183610961	-0.009210978660647
6.874543924325894	-0.004042430060859
6.985423665040828	0.000666272299648
7.096303405755761	0.004902573744181
7.207183146470695	0.008660963820765
7.318062887185628	0.011942351026359
7.428942627900562	0.014753419566752
7.539822368615495	0.017105977998146
7.650702109330429	0.019016308725133
7.761581850045363	0.020504526418315
7.872461590760296	0.021593952484217
7.983341331475230	0.022310511788883
8.094221072190164	0.022682156920564
8.205100812905098	0.022738324388942
8.315980553620031	0.022509426308660
8.426860294334965	0.022026380311253
8.537740035049898	0.021320179677240
8.648619775764832	0.020421504983056
8.759499516479766	0.019360377917713
8.870379257194699	0.018165857342861
8.981258997909633	0.016865777147347
9.092138738624566	0.015486524983129
9.203018479339500	0.014052860562513
9.313898220054433	0.012587771845731
9.424777960769367	0.011112367151342
9.535657701484300	0.009645800977690
9.646537442199234	0.008205231129543
9.757417182914168	0.006805804597589
9.868296923629101	0.005460669536838
9.979176664344035	0.004181010630298
10.090056405058968	0.002976105103390
10.200936145773902	0.001853396668996
10.311815886488835	0.000818584729448
10.422695627203769	-0.000124273763501
10.533575367918703	-0.000972652290171
10.644455108633636	-0.001725434964749
10.755334849348570	-0.002382791197950
10.866214590063503	-0.002946046908734
10.977094330778437	-0.003417554209974
11.087974071493370	-0.003800561322000
11.198853812208304	-0.004099084292058
11.309733552923237	-0.004317781919789
11.420613293638171	-0.004461835111100
11.531493034353105	-0.004536831707622
11.642372775068038	-0.004548657668160
11.753252515782972	-0.004503395313862
11.864132256497905	-0.004407229191668
11.975011997212839	-0.004266359962192
12.085891737927772	-0.004086926579426
12.196771478642706	-0.003874936901348
12.307651219357640	-0.003636206753166
12.418530960072573	-0.003376307358899
12.529410700787507	-0.003100520962453
12.640290441502440	-0.002813804376376
12.751170182217374	-0.002520760124825
12.862049922932307	-0.002225614786853
12.972929663647241	-0.001932204096444
13.083809404362174	-0.001643964316410
13.194689145077108	-0.001363929373752
13.305568885792042	-0.001094733223751
13.416448626506975	-0.000838616898312
13.527328367221909	-0.000597439690143
13.638208107936842	-0.000372693927585
13.749087848651776	-0.000165522804463
13.859967589366709	0.000023259255391
13.970847330081643	0.000193144199199
14.081727070796576	0.000343906387830
14.192606811511510	0.000475577528098
14.303486552226444	0.000588420912441
14.414366292941377	0.000682905350965
14.525246033656311	0.000759679146693
14.636125774371244	0.000819544429711
14.747005515086178	0.000863432130396
14.857885255801111	0.000892377836403
14.968764996516045	0.000907498743119
15.079644737230979	0.000909971873159
15.190524477945912	0.000901013707577
15.301404218660846	0.000881861340037
15.412283959375779	0.000853755235489
15.523163700090713	0.000817923647154
15.634043440805646	0.000775568719897
15.744923181520580	0.000727854284595
15.855802922235513	0.000675895326842
15.966682662950447	0.000620749094411
16.077562403665382	0.000563407791225
16.188442144380318	0.000504792791276
16.299321885095253	0.000445750293761
16.410201625810188	0.000387048330779
16.521081366525124	0.000329375031043
16.631961107240059	0.000273338037113
16.742840847954994	0.000219464969602
16.853720588669930	0.000168204829441
16.964600329384865	0.000119930228466
17.075480070099800	0.000074940339263
17.186359810814736	0.000033464457079
17.297239551529671	-0.000004333930322
17.408119292244606	-0.000038352664969
17.518999032959542	-0.000068546128425
17.629878773674477	-0.000094920228665
17.740758514389412	-0.000117527247685
17.851638255104348	-0.000136460626927
17.962517995819283	-0.000151849760764
18.073397736534218	-0.000163854861245
18.184277477249154	-0.000172661950224
18.295157217964089	-0.000178478027880
18.406036958679024	-0.000181526459631
18.516916699393960	-0.000182042616636
18.627796440108895	-0.000180269798479
18.738676180823830	-0.000176455460333
18.849555921538766	-0.000170847760994
