0.000000000000000	0.000000000000000
0.942477796076938	0.942477796076938
1.884955592153876	0.996691196055834
2.827433388230814	0.281188678363266
3.769911184307752	-0.505825232236695
4.712388980384690	-0.797587457147168
5.654866776461628	-0.383979961685911
6.597344572538566	0.275518649256751
7.539822368615503	0.646210360807677
8.482300164692441	0.425884534481187
9.424777960769379	-0.121670997648065
10.367255756846317	-0.520133129025830
11.309733552923255	-0.435243992969557
12.252211349000193	0.011102571781820
13.194689145077131	0.411297800622093
14.137166941154069	0.424456095574735
15.079644737231007	0.070085566381886
16.022122533307943	-0.316108272508506
16.964600329384879	-0.400526553520020
17.907078125461815	-0.129247706533172
18.849555921538752	0.232694048802535
