0.000000000000000	1.000000000000000
0.942477796076938	0.057522203923062
1.884955592153876	-0.759171749903123
2.827433388230814	-0.835047694360445
3.769911184307752	-0.309569335346607
4.712388980384690	0.438851182683451
5.654866776461628	0.699749759291756
6.597344572538566	0.393316121710166
7.539822368615503	-0.233772962337782
8.482300164692441	-0.580974463704558
9.424777960769379	-0.422781452291357
10.367255756846317	0.090070170787709
11.309733552923255	0.473588414081789
12.252211349000193	0.424620325811477
13.194689145077131	0.013961384562495
14.137166941154069	-0.375998809380885
15.079644737231007	-0.409764389673606
16.022122533307943	-0.089570578068688
16.964600329384879	0.287835796361512
17.907078125461815	0.384032129820234
18.849555921538752	0.143564603907091
