0.000000000000000	1.000000000000000
0.099208189060730	0.900791810939270
0.198416378121461	0.801599758964541
0.297624567182191	0.703477082525955
0.396832756242921	0.607406226418378
0.496040945303652	0.514259318113789
0.595249134364382	0.424776231433959
0.694457323425112	0.339557104860726
0.793665512485842	0.259065708956717
0.892873701546573	0.183640126929811
0.992081890607303	0.113507643751143
1.091290079668034	0.048801355127233
1.190498268728764	-0.010423332284535
1.289706457789494	-0.064173526309725
1.388914646850225	-0.112505702873049
1.488122835910955	-0.155514889729489
1.587331024971685	-0.193326191254868
1.686539214032416	-0.226088469184728
1.785747403093146	-0.253969874820638
1.884955592153877	-0.277154867831761
1.984163781214607	-0.295842340120835
2.083371970275337	-0.310244478018892
2.182580159336067	-0.320586032736215
2.281788348396797	-0.327103720045571
2.380996537457527	-0.330045529613942
2.480204726518258	-0.329669787245296
2.579412915578988	-0.326243875284756
2.678621104639718	-0.320042573919080
2.777829293700448	-0.311346036101835
2.877037482761178	-0.300437449111903
2.976245671821908	-0.287600464976022
3.075453860882639	-0.273116499740995
3.174662049943369	-0.257262008369594
3.273870239004099	-0.240305839145380
3.373078428064829	-0.222506760784753
3.472286617125559	-0.204111239191407
3.571494806186289	-0.185351521256665
3.670702995247019	-0.166444062471679
3.769911184307750	-0.147588315213446
3.869119373368480	-0.128965876800420
3.968327562429210	-0.110739981711572
4.067535751489940	-0.093055311190293
4.166743940550671	-0.076038085876543
4.265952129611401	-0.059796402880208
4.365160318672132	-0.044420777364301
4.464368507732862	-0.029984849667583
4.563576696793593	-0.016546221642715
4.662784885854323	-0.004147389623794
4.761993074915054	0.007183254259561
4.861201263975785	0.017430376266486
4.960409453036515	0.026590630326041
5.059617642097246	0.034671578181817
5.158825831157976	0.041690612878549
5.258034020218707	0.047673895376367
5.357242209279438	0.052655311970193
5.456450398340168	0.056675458614297
5.555658587400899	0.059780657123296
5.654866776461629	0.062022007445319
5.754074965522360	0.063454479682977
5.853283154583091	0.064136049181877
5.952491343643821	0.064126877735894
6.051699532704552	0.063488543710356
6.150907721765282	0.062283323613084
6.250115910826013	0.060573527320187
6.349324099886744	0.058420888775223
6.448532288947474	0.055886013526214
6.547740478008205	0.053027883954309
6.646948667068935	0.049903422496635
6.746156856129666	0.046567112593959
6.845365045190396	0.043070676522306
6.944573234251127	0.039462808716937
7.043781423311858	0.035788962685015
7.142989612372588	0.032091189144196
7.242197801433319	0.028408022628928
7.341405990494049	0.024774413480639
7.440614179554780	0.021221701885023
7.539822368615511	0.017777630438388
7.639030557676241	0.014466391612142
7.738238746736972	0.011308706434398
7.837446935797702	0.008321930713558
7.936655124858433	0.005520185182981
8.035863313919164	0.002914506040708
8.135071502979894	0.000513012486175
8.234279692040625	-0.001678911990181
8.333487881101355	-0.003658427634664
8.432696070162086	-0.005425038657495
8.531904259222816	-0.006980388343521
8.631112448283547	-0.008328051526563
8.730320637344278	-0.009473326700534
8.829528826405008	-0.010423029832907
8.928737015465739	-0.011185291739935
9.027945204526469	-0.011769360679666
9.127153393587200	-0.012185411619595
9.226361582647931	-0.012444363441685
9.325569771708661	-0.012557705159380
9.424777960769392	-0.012537332040015
9.523986149830122	-0.012395392352275
9.623194338890853	-0.012144145292953
9.722402527951584	-0.011795830490691
9.821610717012314	-0.011362549337369
9.920818906073045	-0.010856158260824
10.020027095133775	-0.010288173926050
10.119235284194506	-0.009669690236424
10.218443473255236	-0.009011306901932
10.317651662315967	-0.008323069248111
10.416859851376698	-0.007614418857400
10.516068040437428	-0.006894154563766
10.615276229498159	-0.006170403261635
10.714484418558889	-0.005450599940948
10.813692607619620	-0.004741476321221
10.912900796680351	-0.004049057428315
11.012108985741081	-0.003378665437612
11.111317174801812	-0.002734930095873
11.210525363862542	-0.002121805030574
11.309733552923273	-0.001542589259188
11.408941741984004	-0.000999953221196
11.508149931044734	-0.000495968671616
11.607358120105465	-0.000032141796076
11.706566309166195	0.000390551066956
11.805774498226926	0.000771625681755
11.904982687287657	0.001111050701216
12.004190876348387	0.001409207500454
12.103399065409118	0.001666849538592
12.202607254469848	0.001885061690819
12.301815443530579	0.002065219953545
12.401023632591309	0.002208951885755
12.500231821652040	0.002318098109979
12.599440010712771	0.002394675156944
12.698648199773501	0.002440839899393
12.797856388834232	0.002458855783005
12.897064577894962	0.002451061026076
12.996272766955693	0.002419838924974
13.095480956016424	0.002367590369400
13.194689145077154	0.002296708640488
13.293897334137885	0.002209556535770
13.393105523198615	0.002108445838257
13.492313712259346	0.001995619122218
13.591521901320077	0.001873233865978
13.690730090380807	0.001743348821933
13.789938279441538	0.001607912576267
13.889146468502268	0.001468754215315
13.988354657562999	0.001327576002174
14.087562846623729	0.001185947956032
14.186771035684460	0.001045304217533
14.285979224745191	0.000906941076338
14.385187413805921	0.000772016531765
14.484395602866652	0.000641551253819
14.583603791927382	0.000516430810002
14.682811980988113	0.000397409022863
14.782020170048844	0.000285112324192
14.881228359109574	0.000180044973918
14.980436548170305	0.000082595015081
15.079644737231035	-0.000006959159539
15.178852926291766	-0.000088441748403
15.278061115352497	-0.000161772103318
15.377269304413227	-0.000226957019709
15.476477493473958	-0.000284082855240
15.575685682534688	-0.000333307569698
15.674893871595419	-0.000374852771519
15.774102060656150	-0.000408995848637
15.873310249716880	-0.000436062253581
15.972518438777611	-0.000456418004953
16.071726627838341	-0.000470462459759
16.170934816899070	-0.000478621403528
16.270143005959799	-0.000481340497813
16.369351195020528	-0.000479079117646
16.468559384081257	-0.000472304604731
16.567767573141985	-0.000461486955802
16.666975762202714	-0.000447093959528
16.766183951263443	-0.000429586789735
16.865392140324172	-0.000409416057559
16.964600329384901	-0.000387018320354
17.063808518445629	-0.000362813040908
17.163016707506358	-0.000337199986649
17.262224896567087	-0.000310557055120
17.361433085627816	-0.000283238509032
17.460641274688545	-0.000255573601665
17.559849463749273	-0.000227865571258
17.659057652810002	-0.000200390981315
17.758265841870731	-0.000173399382403
17.857474030931460	-0.000147113270049
17.956682219992189	-0.000121728312674
18.055890409052918	-0.000097413823203
18.155098598113646	-0.000074313447926
18.254306787174375	-0.000052546046416
18.353514976235104	-0.000032206736767
18.452723165295833	-0.000013368081100
18.551931354356562	0.000003918612881
18.651139543417290	0.000019621897450
18.750347732478019	0.000033728719569
18.849555921538748	0.000046242905504
