0.000000000000000	1.000000000000000
0.628318530717959	0.374912453431282
1.256637061435917	-0.031916133630615
1.884955592153876	-0.223029992560379
2.513274122871834	-0.253578278097928
3.141592653589793	-0.192098415767656
3.769911184307752	-0.102982571197937
4.398229715025710	-0.027967010188765
5.026548245743669	0.016987025730916
5.654866776461628	0.033500869405564
6.283185307179586	0.031129903114532
6.911503837897545	0.020342818480623
7.539822368615503	0.008821107841720
8.168140899333462	0.000512432025166
8.796459430051421	-0.003667785665450
9.424777960769379	-0.004555107661405
10.053096491487338	-0.003573777651750
10.681415022205297	-0.001991923199178
11.309733552923255	-0.000609342726104
11.938052083641214	0.000248570096449
12.566370614359172	0.000586822556636
13.194689145077131	0.000568788641698
13.823007675795090	0.000383893267133
14.451326206513048	0.000175501209757
15.079644737231007	0.000020280225982
15.707963267948966	-0.000061129852768
16.336281798666924	-0.000081600011733
16.964600329384883	-0.000066234439777
17.592918860102841	-0.000038283007336
18.221237390820800	-0.000012897059570
18.849555921538759	0.000003384558174
