0.000000000000000	0.000000000000000
0.376991118430775	0.305929966742932
0.753982236861550	0.475253358060302
1.130973355292325	0.534272301770434
1.507964473723101	0.513096359499480
1.884955592153876	0.440057223487560
2.261946710584651	0.339737273253443
2.638937829015426	0.232116299683911
3.015928947446202	0.131992845803102
3.392920065876977	0.048790021813965
3.769911184307752	-0.013034696040880
4.146902302738527	-0.053033440061150
4.523893421169302	-0.073544323448798
4.900884539600077	-0.078490066884271
5.277875658030852	-0.072377522465973
5.654866776461627	-0.059563226872604
6.031857894892402	-0.043781694933998
6.408849013323176	-0.027902181924031
6.785840131753951	-0.013867192321819
7.162831250184726	-0.002761632991013
7.539822368615501	0.005037444032079
7.916813487046276	0.009674581242693
8.293804605477051	0.011627637743329
8.670795723907826	0.011541008317752
9.047786842338601	0.010093463338863
9.424777960769376	0.007905179903595
9.801769079200151	0.005482294239086
10.178760197630925	0.003193344593050
10.555751316061700	0.001269991489244
10.932742434492475	-0.000176022054988
11.309733552923250	-0.001127030805436
11.686724671354025	-0.001630747965068
12.063715789784800	-0.001773098744485
12.440706908215574	-0.001655355435409
12.817698026646349	-0.001376917204251
13.194689145077124	-0.001023957970508
13.571680263507899	-0.000663386113154
13.948671381938674	-0.000341102608732
14.325662500369448	-0.000083358836048
14.702653618800223	0.000099965062314
15.079644737230998	0.000211185222582
15.456635855661773	0.000260538886887
15.833626974092548	0.000262356510937
16.210618092523323	0.000231995404651
16.587609210954099	0.000183654510815
16.964600329384876	0.000129044661837
17.341591447815652	0.000076794078135
17.718582566246429	0.000032419759350
18.095573684677206	-0.000001317213473
18.472564803107982	-0.000023841032907
18.849555921538759	-0.000036114434373
