0.000000000000000	1.000000000000000
0.235619449019234	0.764444716530659
0.471238898038469	0.542112731121726
0.706858347057703	0.342105086110695
0.942477796076938	0.169582908305849
1.178097245096172	0.026527175719291
1.413716694115407	-0.087196495507207
1.649336143134641	-0.172984956047063
1.884955592153876	-0.232973028908390
2.120575041173110	-0.269767706528180
2.356194490192345	-0.286322609702200
2.591813939211579	-0.285852441575702
2.827433388230814	-0.271729687283896
3.063052837250048	-0.247348583213529
3.298672286269283	-0.215971043821192
3.534291735288517	-0.180581113737206
3.769911184307752	-0.143771411610960
4.005530633326986	-0.107674015512314
4.241150082346220	-0.073936452618400
4.476769531365454	-0.043735283730821
4.712388980384688	-0.017816329908175
4.948008429403922	0.003449179126410
5.183627878423156	0.020001111742622
5.419247327442390	0.032025602172847
5.654866776461624	0.039892724643778
5.890486225480858	0.044099026687830
6.126105674500092	0.045216358024006
6.361725123519326	0.043847874680324
6.597344572538560	0.040591704951770
6.832964021557794	0.036012418067954
7.068583470577028	0.030620101021906
7.304202919596262	0.024856536971677
7.539822368615496	0.019087720375365
7.775441817634730	0.013601764209839
8.011061266653964	0.008611162222380
8.246680715673198	0.004258357781829
8.482300164692433	0.000623624306326
8.717919613711667	-0.002265639252514
8.953539062730901	-0.004424969261209
9.189158511750135	-0.005902889093192
9.424777960769369	-0.006771448289289
9.660397409788603	-0.007117614292986
9.896016858807837	-0.007035761428327
10.131636307827071	-0.006621395464326
10.367255756846305	-0.005966161689374
10.602875205865539	-0.005154110747517
10.838494654884773	-0.004259139594843
11.074114103904007	-0.003343484122467
11.309733552923241	-0.002457113950991
11.545353001942475	-0.001637866847750
11.780972450961709	-0.000912158070482
12.016591899980943	-0.000296106487045
12.252211349000177	0.000203067631246
12.487830798019411	0.000585500748639
12.723450247038645	0.000857107631660
12.959069696057879	0.001028052680663
13.194689145077113	0.001111336436622
13.430308594096347	0.001121542968773
13.665928043115581	0.001073776082819
13.901547492134815	0.000982796929874
14.137166941154049	0.000862362891731
14.372786390173284	0.000724757632825
14.608405839192518	0.000580494859302
14.844025288211752	0.000438173413831
15.079644737230986	0.000304458585161
15.315264186250220	0.000184163598894
15.550883635269454	0.000080405833644
15.786503084288688	-0.000005185972497
16.022122533307922	-0.000072234726279
16.257741982327158	-0.000121366348133
16.493361431346393	-0.000153964359816
16.728980880365629	-0.000171939211672
16.964600329384865	-0.000177520675829
17.200219778404101	-0.000173078705472
17.435839227423337	-0.000160975590587
17.671458676442573	-0.000143450079028
17.907078125461808	-0.000122532398731
18.142697574481044	-0.000099987806979
18.378317023500280	-0.000077285380702
18.613936472519516	-0.000055588208124
18.849555921538752	-0.000035760897694
