0.000000000000000	0.000000000000000
0.134639685153848	0.125575762744685
0.269279370307697	0.233109683982249
0.403919055461545	0.323090704809246
0.538558740615393	0.396275710365295
0.673198425769241	0.453632478811815
0.807838110923090	0.496281734359325
0.942477796076938	0.525444616871328
1.077117481230786	0.542398593791885
1.211757166384634	0.548442506484066
1.346396851538483	0.544870018600291
1.481036536692331	0.532950029612314
1.615676221846179	0.513912412986361
1.750315907000028	0.488937544498164
1.884955592153876	0.459148356900165
2.019595277307724	0.425603991870536
2.154234962461572	0.389294453189574
2.288874647615421	0.351135956167398
2.423514332769269	0.311966895414095
2.558154017923117	0.272544507308319
2.692793703076966	0.233542386237448
2.827433388230814	0.195549033646195
2.962073073384662	0.159067590074879
3.096712758538510	0.124516839257057
3.231352443692359	0.092233496687622
3.365992128846207	0.062475717571369
3.500631814000055	0.035427691912205
3.635271499153903	0.011205144689654
3.769911184307752	-0.010138470542860
3.904550869461600	-0.028605306276228
4.039190554615448	-0.044246198810191
4.173830239769297	-0.057153684956357
4.308469924923145	-0.067455126483696
4.443109610076993	-0.075306080462055
4.577749295230841	-0.080884022724889
4.712388980384690	-0.084382502839651
4.847028665538538	-0.086005783669752
4.981668350692386	-0.085963997448530
5.116308035846235	-0.084468833268634
5.250947721000083	-0.081729757629993
5.385587406153931	-0.077950759591068
5.520227091307779	-0.073327604477729
5.654866776461628	-0.068045574412081
5.789506461615476	-0.062277669622240
5.924146146769324	-0.056183241202189
6.058785831923172	-0.049907023451097
6.193425517077021	-0.043578531982403
6.328065202230869	-0.037311792381860
6.462704887384717	-0.031205363288477
6.597344572538566	-0.025342617375644
6.731984257692414	-0.019792243828576
6.866623942846262	-0.014608936546307
7.001263628000110	-0.009834233422093
7.135903313153959	-0.005497473636498
7.270542998307807	-0.001616841875965
7.405182683461655	0.001799529303360
7.539822368615503	0.004752425189295
7.674462053769352	0.007250406199431
7.809101738923200	0.009308677412752
7.943741424077048	0.010947988177907
8.078381109230897	0.012193576826794
8.213020794384745	0.013074172812653
8.347660479538593	0.013621066016771
8.482300164692441	0.013867250558742
8.616939849846290	0.013846648224381
8.751579535000138	0.013593414607525
8.886219220153986	0.013141329254754
9.020858905307835	0.012523269508381
9.155498590461683	0.011770766360818
9.290138275615531	0.010913639457862
9.424777960769379	0.009979707411537
9.559417645923228	0.008994568795384
9.694057331077076	0.007981448584993
9.828697016230924	0.006961104361647
9.963336701384772	0.005951786303714
10.097976386538621	0.004969244834729
10.232616071692469	0.004026779764386
10.367255756846317	0.003135324834177
10.501895442000166	0.002303561748444
10.636535127154014	0.001538058019650
10.771174812307862	0.000843423269686
10.905814497461710	0.000222478993572
11.040454182615559	-0.000323562804683
11.175093867769407	-0.000794916263803
11.309733552923255	-0.001193037317436
11.444373238077103	-0.001520441606298
11.579012923230952	-0.001780527458226
11.713652608384800	-0.001977406302061
11.848292293538648	-0.002115742455049
11.982931978692497	-0.002200603818209
12.117571663846345	-0.002237324634256
12.252211349000193	-0.002231381111302
12.386851034154041	-0.002188280395131
12.521490719307890	-0.002113463084836
12.656130404461738	-0.002012219231816
12.790770089615586	-0.001889617540679
12.925409774769435	-0.001750447301949
13.060049459923283	-0.001599172429789
13.194689145077131	-0.001439896851720
13.329328830230979	-0.001276340399890
13.463968515384828	-0.001111824282805
13.598608200538676	-0.000949265170400
13.733247885692524	-0.000791176901513
13.867887570846372	-0.000639678818927
14.002527256000221	-0.000496509750578
14.137166941154069	-0.000363046683953
14.271806626307917	-0.000240327221730
14.406446311461766	-0.000129074958015
14.541085996615614	-0.000029726973963
14.675725681769462	0.000057537282912
14.810365366923310	0.000132766401726
14.945005052077159	0.000196207287294
15.079644737231007	0.000248275835942
15.214284422384855	0.000289528455991
15.348924107538704	0.000320634809744
15.483563792692552	0.000342352085306
15.618203477846400	0.000355501041481
15.752843163000248	0.000360944008087
15.887482848154097	0.000359564967653
16.022122533307943	0.000352251793178
16.156762218461793	0.000339880670519
16.291401903615643	0.000323302693234
16.426041588769493	0.000303332582364
16.560681273923343	0.000280739453521
16.695320959077193	0.000256239528746
16.829960644231043	0.000230490670510
16.964600329384893	0.000204088599843
17.099240014538744	0.000177564649444
17.233879699692594	0.000151384895427
17.368519384846444	0.000125950507783
17.503159070000294	0.000101599159159
17.637798755154144	0.000078607333922
17.772438440307994	0.000057193384200
17.907078125461844	0.000037521186328
18.041717810615694	0.000019704259488
18.176357495769544	0.000003810218018
18.310997180923394	-0.000010134560547
18.445636866077244	-0.000022140158342
18.580276551231094	-0.000032248325930
18.714916236384944	-0.000040527760142
18.849555921538794	-0.000047069522475
