0.000000000000000	0.000000000000000
0.157079632679490	0.144742627178128
0.314159265358979	0.264971508967195
0.471238898038469	0.361586159239002
0.628318530717959	0.435949408444142
0.785398163397448	0.489759947689544
0.942477796076938	0.524932068064234
1.099557428756428	0.543495241216840
1.256637061435917	0.547516977160866
1.413716694115407	0.539046989615424
1.570796326794897	0.520078282479782
1.727875959474386	0.492520306142939
1.884955592153876	0.458179947580592
2.042035224833366	0.418747202489306
2.199114857512855	0.375783546245889
2.356194490192345	0.330712050395015
2.513274122871834	0.284809068459386
2.670353755551324	0.239197799231302
2.827433388230814	0.194844240587760
2.984513020910303	0.152556022867989
3.141592653589793	0.112984430524195
3.298672286269283	0.076629662774190
3.455751918948772	0.043849118747849
3.612831551628262	0.014868272048501
3.769911184307752	-0.010206447201596
3.926990816987241	-0.031373410439143
4.084070449666731	-0.048720829867645
4.241150082346221	-0.062411659277661
4.398229715025710	-0.072668843834460
4.555309347705200	-0.079761299935300
4.712388980384690	-0.083990901787192
4.869468613064179	-0.085680658236807
5.026548245743669	-0.085164186195839
5.183627878423159	-0.082776526574546
5.340707511102648	-0.078846303376162
5.497787143782138	-0.073689193740985
5.654866776461628	-0.067602653230491
5.811946409141117	-0.060861823815113
5.969026041820607	-0.053716539808713
6.126105674500097	-0.046389338000539
6.283185307179586	-0.039074371693874
6.440264939859076	-0.031937123929572
6.597344572538566	-0.025114812770909
6.754424205218055	-0.018717381175020
6.911503837897545	-0.012828965684946
7.068583470577035	-0.007509741876148
7.225663103256524	-0.002798050010439
7.382742735936014	0.001287288577948
7.539822368615503	0.004744545550090
7.696902001294993	0.007586622131442
7.853981633974483	0.009838610610978
8.011061266653972	0.011535433441262
8.168140899333462	0.012719603009006
8.325220532012953	0.013439135941592
8.482300164692443	0.013745647191894
8.639379797371934	0.013692641231868
8.796459430051424	0.013334010568373
8.953539062730915	0.012722745517751
9.110618695410405	0.011909853753087
9.267698328089896	0.010943483560755
9.424777960769386	0.009868240983871
9.581857593448877	0.008724688049369
9.738937226128368	0.007549007022574
9.896016858807858	0.006372814050850
10.053096491487349	0.005223104583542
10.210176124166839	0.004122312522656
10.367255756846330	0.003088465099112
10.524335389525820	0.002135415914069
10.681415022205311	0.001273139365381
10.838494654884801	0.000508070729589
10.995574287564292	-0.000156522573133
11.152653920243782	-0.000720151598664
11.309733552923273	-0.001184709951839
11.466813185602764	-0.001554081336238
11.623892818282254	-0.001833759056061
11.780972450961745	-0.002030484429454
11.938052083641235	-0.002151909619513
12.095131716320726	-0.002206289022946
12.252211349000216	-0.002202202095753
12.409290981679707	-0.002148309353484
12.566370614359197	-0.002053142269622
12.723450247038688	-0.001924926913650
12.880529879718178	-0.001771440421408
13.037609512397669	-0.001599898771827
13.194689145077160	-0.001416873851294
13.351768777756650	-0.001228237412393
13.508848410436141	-0.001039129268941
13.665928043115631	-0.000853946904032
13.823007675795122	-0.000676353591383
13.980087308474612	-0.000509302131425
14.137166941154103	-0.000355071370927
14.294246573833593	-0.000215312797126
14.451326206513084	-0.000091104663763
14.608405839192574	0.000016988693508
14.765485471872065	0.000108854470317
14.922565104551555	0.000184767813399
15.079644737231046	0.000245328677130
15.236724369910537	0.000291400498065
15.393804002590027	0.000324051824710
15.550883635269518	0.000344501805528
15.707963267949008	0.000354070217510
15.865042900628499	0.000354132513767
16.022122533307989	0.000346080183586
16.179202165987480	0.000331286553830
16.336281798666970	0.000311078017102
16.493361431346461	0.000286710550052
16.650441064025951	0.000259351284110
16.807520696705442	0.000230064810157
16.964600329384933	0.000199803836920
17.121679962064423	0.000169403778976
17.278759594743914	0.000139580822426
17.435839227423404	0.000110933002953
17.592918860102895	0.000083943830164
17.749998492782385	0.000058988002181
17.907078125461876	0.000036338773398
18.064157758141366	0.000016176564517
18.221237390820857	-0.000001401564205
18.378317023500347	-0.000016371919846
18.535396656179838	-0.000028773968711
18.692476288859329	-0.000038700178404
18.849555921538819	-0.000046286135205
