0.000000000000000	1.000000000000000
0.314159265358979	0.686043420032604
0.628318530717959	0.402928537043571
0.942477796076938	0.167210802972153
1.256637061435917	-0.015649387834790
1.570796326794897	-0.146835497363440
1.884955592153876	-0.230822177377089
2.199114857512855	-0.273773555017850
2.513274122871834	-0.282931313404606
2.827433388230814	-0.266225181921618
3.141592653589793	-0.231748040820169
3.455751918948772	-0.187112060794789
3.769911184307752	-0.138868172164931
4.084070449666731	-0.092140893095960
4.398229715025710	-0.050518236963578
4.712388980384690	-0.016146318972893
5.026548245743669	0.010053409196515
5.340707511102648	0.028115694378700
5.654866776461628	0.038758583208706
5.969026041820607	0.043132039170306
6.283185307179586	0.042601441047982
6.597344572538566	0.038572659837552
6.911503837897545	0.032361275149299
7.225663103256524	0.025105020187505
7.539822368615503	0.017715434499350
7.853981633974483	0.010862343029358
8.168140899333462	0.004983502502070
8.482300164692441	0.000311568456609
8.796459430051421	-0.003088813146514
9.110618695410400	-0.005279832363050
9.424777960769379	-0.006409937800301
9.738937226128359	-0.006677160568379
10.053096491487338	-0.006298387019946
10.367255756846317	-0.005485552724208
10.681415022205297	-0.004428871888854
10.995574287564276	-0.003286584741662
11.309733552923255	-0.002180291287990
11.623892818282235	-0.001194719583526
11.938052083641214	-0.000380716242263
12.252211349000193	0.000239692513221
12.566370614359172	0.000667178236247
12.880529879718152	0.000918745457413
13.194689145077131	0.001021737024299
13.508848410436110	0.001008620008215
13.823007675795090	0.000912781719132
14.137166941154069	0.000765415108754
14.451326206513048	0.000593457542742
14.765485471872028	0.000418466738443
15.079644737231007	0.000256269705656
15.393804002589986	0.000117199951318
15.707963267948966	0.000006739170068
16.022122533307943	-0.000073603925266
16.336281798666924	-0.000125318782802
16.650441064025905	-0.000151932346419
16.964600329384886	-0.000158140872603
17.278759594743867	-0.000149082871278
17.592918860102849	-0.000129776211847
17.907078125461830	-0.000104721975910
18.221237390820811	-0.000077662642597
18.535396656179792	-0.000051472426858
18.849555921538773	-0.000028152438315
