0.000000000000000	0.000000000000000
0.094247779607694	0.089806457627204
0.188495559215388	0.170750680170509
0.282743338823081	0.242951115478743
0.376991118430775	0.306597319352551
0.471238898038469	0.361941726759527
0.565486677646163	0.409290239535920
0.659734457253857	0.448992487023528
0.753982236861550	0.481432385972646
0.848230016469244	0.507019415726977
0.942477796076938	0.526180847563797
1.036725575684632	0.539355028146207
1.130973355292326	0.546985715586027
1.225221134900019	0.549517398394246
1.319468914507713	0.547391486807133
1.413716694115407	0.541043246515390
1.507964473723100	0.530899341041307
1.602212253330794	0.517375856070827
1.696460032938488	0.500876693034766
1.790707812546181	0.481792237093046
1.884955592153875	0.460498224102381
1.979203371761569	0.437354750448768
2.073451151369263	0.412705387597359
2.167698930976957	0.386876379036029
2.261946710584650	0.360175910457000
2.356194490192344	0.332893454276198
2.450442269800038	0.305299196884392
2.544690049407731	0.277643561481617
2.638937829015425	0.250156841230953
2.733185608623119	0.223048957149321
2.827433388230812	0.196509353073203
2.921681167838506	0.170707036673128
3.015928947446200	0.145790771320876
3.110176727053894	0.121889419086101
3.204424506661587	0.099112430647589
3.298672286269281	0.077550473768675
3.392920065876975	0.057276188443067
3.487167845484668	0.038345054018395
3.581415625092362	0.020796351621875
3.675663404700056	0.004654204047987
3.769911184307750	-0.010071325131290
3.864158963915443	-0.023383091200882
3.958406743523137	-0.035295703823218
4.052654523130831	-0.045834354336926
4.146902302738525	-0.055033649180703
4.241150082346219	-0.062936462068767
4.335397861953913	-0.069592815751939
4.429645641561607	-0.075058802419755
4.523893421169301	-0.079395550099476
4.618141200776996	-0.082668240833696
4.712388980384690	-0.084945184998165
4.806636759992384	-0.086296954869128
4.900884539600078	-0.086795579466888
4.995132319207772	-0.086513801782187
5.089380098815466	-0.085524398721174
5.183627878423160	-0.083899563466247
5.277875658030855	-0.081710349425445
5.372123437638549	-0.079026174513951
5.466371217246243	-0.075914384160364
5.560618996853937	-0.072439871142651
5.654866776461631	-0.068664750121225
5.749114556069325	-0.064648084539332
5.843362335677019	-0.060445663396116
5.937610115284714	-0.056109825259935
6.031857894892408	-0.051689326775162
6.126105674500102	-0.047229252822800
6.220353454107796	-0.042770965422788
6.314601233715490	-0.038352088413696
6.408849013323184	-0.034006524913800
6.503096792930879	-0.029764504556456
6.597344572538573	-0.025652657502636
6.691592352146267	-0.021694112264091
6.785840131753961	-0.017908614421715
6.880087911361655	-0.014312663394218
6.974335690969349	-0.010919664501108
7.068583470577043	-0.007740093669607
7.162831250184738	-0.004781672255634
7.257079029792432	-0.002049549582260
7.351326809400126	0.000453509057058
7.445574589007820	0.002726931030994
7.539822368615514	0.004772143580902
7.634070148223208	0.006592381389611
7.728317927830902	0.008192496124788
7.822565707438597	0.009578769409388
7.916813487046291	0.010758730509756
8.011061266653984	0.011740979873221
8.105309046261677	0.012535019492962
8.199556825869371	0.013151090929472
8.293804605477064	0.013600021676118
8.388052385084757	0.013893080421656
8.482300164692450	0.014041841635775
8.576547944300144	0.014058059785094
8.670795723907837	0.013953553376856
8.765043503515530	0.013740098925907
8.859291283123223	0.013429334847547
8.953539062730917	0.013032675194395
9.047786842338610	0.012561233079424
9.142034621946303	0.012025753559624
9.236282401553996	0.011436555695158
9.330530181161690	0.010803483447044
9.424777960769383	0.010135865032159
9.519025740377076	0.009442480317232
9.613273519984769	0.008731535803298
9.707521299592463	0.008010646728316
9.801769079200156	0.007286825797993
9.896016858807849	0.006566478042927
9.990264638415542	0.005855401293490
10.084512418023236	0.005158791762101
10.178760197630929	0.004481254225231
10.273007977238622	0.003826816304176
10.367255756846316	0.003198946354027
10.461503536454009	0.002600574483813
10.555751316061702	0.002034116247208
10.649999095669395	0.001501498562035
10.744246875277089	0.001004187437662
10.838494654884782	0.000543217112007
10.932742434492475	0.000119220223767
11.026990214100168	-0.000267541329517
11.121237993707862	-0.000617145171290
11.215485773315555	-0.000929977161293
11.309733552923248	-0.001206700317675
11.403981332530941	-0.001448224190948
11.498229112138635	-0.001655674908943
11.592476891746328	-0.001830366086396
11.686724671354021	-0.001973770768021
11.780972450961714	-0.002087494549899
11.875220230569408	-0.002173250000942
11.969468010177101	-0.002232832484189
12.063715789784794	-0.002268097456769
12.157963569392487	-0.002280939307761
12.252211349000181	-0.002273271774725
12.346459128607874	-0.002247009962658
12.440706908215567	-0.002204053973360
12.534954687823260	-0.002146274138813
12.629202467430954	-0.002075497839165
12.723450247038647	-0.001993497874190
12.817698026646340	-0.001901982346757
12.911945806254034	-0.001802586007725
13.006193585861727	-0.001696863003873
13.100441365469420	-0.001586280963814
13.194689145077113	-0.001472216351384
13.288936924684807	-0.001355951011592
13.383184704292500	-0.001238669830857
13.477432483900193	-0.001121459430868
13.571680263507886	-0.001005307813918
13.665928043115580	-0.000891104876889
13.760175822723273	-0.000779643711174
13.854423602330966	-0.000671622606612
13.948671381938659	-0.000567647678940
14.042919161546353	-0.000468236042209
14.137166941154046	-0.000373819450113
14.231414720761739	-0.000284748333024
14.325662500369432	-0.000201296160805
14.419910279977126	-0.000123664064984
14.514158059584819	-0.000051985657693
14.608405839192512	0.000013668011266
14.702653618800205	0.000073283413740
14.796901398407899	0.000126899469240
14.891149178015592	0.000174602483701
14.985396957623285	0.000216521142770
15.079644737230979	0.000252821597194
15.173892516838672	0.000283702673676
15.268140296446365	0.000309391240533
15.362388076054058	0.000330137753484
15.456635855661752	0.000346212003131
15.550883635269445	0.000357899082002
15.645131414877138	0.000365495585576
15.739379194484831	0.000369306058399
15.833626974092525	0.000369639693345
15.927874753700218	0.000366807289192
16.022122533307911	0.000361118469004
16.116370312915606	0.000352879159418
16.210618092523301	0.000342389328661
16.304865872130996	0.000329940979168
16.399113651738691	0.000315816388850
16.493361431346386	0.000300286593519
16.587609210954081	0.000283610101570
16.681856990561776	0.000266031830893
16.776104770169471	0.000247782256980
16.870352549777166	0.000229076760402
16.964600329384862	0.000210115161205
17.058848108992557	0.000191081427325
17.153095888600252	0.000172143543790
17.247343668207947	0.000153453529310
17.341591447815642	0.000135147586833
17.435839227423337	0.000117346374692
17.530087007031032	0.000100155385175
17.624334786638727	0.000083665417608
17.718582566246422	0.000067953133415
17.812830345854117	0.000053081681055
17.907078125461812	0.000039101379223
18.001325905069507	0.000026050447272
18.095573684677202	0.000013955772393
18.189821464284897	0.000002833703729
18.284069243892592	-0.000007309135737
18.378317023500287	-0.000016475028020
18.472564803107982	-0.000024674337496
18.566812582715677	-0.000031924693898
18.661060362323372	-0.000038250187376
18.755308141931067	-0.000043680581361
18.849555921538762	-0.000048250548293
