0.000000000000000	1.000000000000000
0.269279370307697	0.730830070035234
0.538558740615393	0.481281167299461
0.807838110923090	0.263594980873794
1.077117481230786	0.083520531844942
1.346396851538483	-0.057822505346216
1.615676221846179	-0.162013316886170
1.884955592153876	-0.232086623726562
2.154234962461572	-0.271925646709055
2.423514332769269	-0.286001499643015
2.692793703076966	-0.279201221976617
2.962073073384662	-0.256608457578353
3.231352443692359	-0.223219126590644
3.500631814000055	-0.183644413962831
3.769911184307752	-0.141866732234906
4.039190554615448	-0.101089883850477
4.308469924923145	-0.063690159342657
4.577749295230841	-0.031250130860299
4.847028665538538	-0.004647208567285
5.116308035846235	0.015829150349064
5.385587406153931	0.030350835166979
5.654866776461628	0.039427289296019
5.924146146769324	0.043791622620581
6.193425517077021	0.044300641841646
6.462704887384717	0.041851059925079
6.731984257692414	0.037312976141365
7.001263628000110	0.031480707029534
7.270542998307807	0.025040091758891
7.539822368615503	0.018550564996420
7.809101738923200	0.012439690328779
8.078381109230897	0.007007531368820
8.347660479538593	0.002438193185757
8.616939849846290	-0.001183964502937
8.886219220153986	-0.003855632400019
9.155498590461683	-0.005635183673933
9.424777960769379	-0.006624038397966
9.694057331077076	-0.006949774683031
9.963336701384772	-0.006751643242653
10.232616071692469	-0.006168830868348
10.501895442000166	-0.005331560343271
10.771174812307862	-0.004354912464484
11.040454182615559	-0.003335109349531
11.309733552923255	-0.002347903346853
11.579012923230952	-0.001448666568965
11.848292293538648	-0.000673764677675
12.117571663846345	-0.000042816709454
12.386851034154041	0.000438517886237
12.656130404461738	0.000775530913314
12.925409774769435	0.000981481981626
13.194689145077131	0.001074825060248
13.463968515384828	0.001076771984048
13.733247885692524	0.001009267626891
14.002527256000221	0.000893407047243
14.271806626307917	0.000748289284804
14.541085996615614	0.000590275800810
14.810365366923310	0.000432603360819
15.079644737231007	0.000285290573331
15.348924107538704	0.000155273162367
15.618203477846400	0.000046704074932
15.887482848154097	-0.000038640605816
16.156762218461793	-0.000100901495154
16.426041588769490	-0.000141664069229
16.695320959077186	-0.000163508201167
16.964600329384883	-0.000169602767712
17.233879699692579	-0.000163360413756
17.503159070000276	-0.000148160065083
17.772438440307972	-0.000127138606677
18.041717810615669	-0.000103048370728
18.310997180923366	-0.000078173672893
18.580276551231062	-0.000054297485244
18.849555921538759	-0.000032708274311
