0.000000000000000	0.000000000000000
0.110879740714934	0.104732582264428
0.221759481429868	0.197210141266546
0.332639222144802	0.277658887912786
0.443518962859736	0.346436243876133
0.554398703574669	0.404010733745285
0.665278444289603	0.450940035060773
0.776158185004537	0.487849415081587
0.887037925719471	0.515411980354493
0.997917666434405	0.534331497043742
1.108797407149339	0.545328037230552
1.219677147864273	0.549126364031626
1.330556888579206	0.546446762335864
1.441436629294140	0.537997921371300
1.552316370009074	0.524471450089578
1.663196110724008	0.506537630776085
1.774075851438941	0.484842070118235
1.884955592153875	0.460002975135013
1.995835332868809	0.432608853157451
2.106715073583743	0.403216503102723
2.217594814298677	0.372349224823785
2.328474555013611	0.340495221522368
2.439354295728545	0.308106205795900
2.550234036443479	0.275596242780822
2.661113777158413	0.243340874962257
2.771993517873347	0.211676574192120
2.882873258588281	0.180900559446440
2.993752999303215	0.151271006263945
3.104632740018149	0.123007658059456
3.215512480733083	0.096292832811298
3.326392221448017	0.071272802826592
3.437271962162951	0.048059511765066
3.548151702877885	0.026732582717013
3.659031443592819	0.007341564268201
3.769911184307753	-0.010091641883393
3.880790925022687	-0.025570228406406
3.991670665737621	-0.039119859157386
4.102550406452555	-0.050786025221232
4.213430147167489	-0.060631424363807
4.324309887882422	-0.068733401697147
4.435189628597356	-0.075181482766883
4.546069369312289	-0.080075023878565
4.656949110027223	-0.083520998563136
4.767828850742156	-0.085631933811041
4.878708591457090	-0.086524005156927
4.989588332172024	-0.086315295878281
5.100468072886957	-0.085124222436730
5.211347813601891	-0.083068125763810
5.322227554316824	-0.080262025982381
5.433107295031758	-0.076817536566688
5.543987035746691	-0.072841932690776
5.654866776461625	-0.068437367521430
5.765746517176559	-0.063700229417138
5.876626257891492	-0.058720632353613
5.987505998606426	-0.053582031377476
6.098385739321359	-0.048360954473552
6.209265480036293	-0.043126841907188
6.320145220751226	-0.037941983867235
6.431024961466160	-0.032861547087360
6.541904702181093	-0.027933681064509
6.652784442896027	-0.023199694524484
6.763664183610961	-0.018694292905474
6.874543924325894	-0.014445867838430
6.985423665040828	-0.010476829893631
7.096303405755761	-0.006803976228696
7.207183146470695	-0.003438885205586
7.318062887185628	-0.000388330532631
7.428942627900562	0.002345291979059
7.539822368615495	0.004763531388694
7.650702109330429	0.006871448083596
7.761581850045363	0.008677184876898
7.872461590760296	0.010191547299110
7.983341331475230	0.011427597043650
8.094221072190164	0.012400261947648
8.205100812905098	0.013125965331827
8.315980553620031	0.013622276992246
8.426860294334965	0.013907587635976
8.537740035049898	0.014000808085458
8.648619775764832	0.013921094144221
8.759499516479766	0.013687597621130
8.870379257194699	0.013319243651930
8.981258997909633	0.012834534135600
9.092138738624566	0.012251376818402
9.203018479339500	0.011586939309825
9.313898220054433	0.010857527100685
9.424777960769367	0.010078484473133
9.535657701484300	0.009264117043663
9.646537442199234	0.008427634561770
9.757417182914168	0.007581112496717
9.868296923629101	0.006735470881117
9.979176664344035	0.005900468840574
10.090056405058968	0.005084713221523
10.200936145773902	0.004295679732385
10.311815886488835	0.003539745034245
10.422695627203769	0.002822228254266
10.533575367918703	0.002147440445941
10.644455108633636	0.001518740582968
10.755334849348570	0.000938596746163
10.866214590063503	0.000408651243398
10.977094330778437	-0.000070211510619
11.087974071493370	-0.000497795436509
11.198853812208304	-0.000874522541751
11.309733552923237	-0.001201362872981
11.420613293638171	-0.001479765464212
11.531493034353105	-0.001711590980704
11.642372775068038	-0.001899046664688
11.753252515782972	-0.002044624098418
11.864132256497905	-0.002151040212859
11.975011997212839	-0.002221181887307
12.085891737927772	-0.002258054407034
12.196771478642706	-0.002264733972895
12.307651219357640	-0.002244324389191
12.418530960072573	-0.002199917994103
12.529410700787507	-0.002134560840770
12.640290441502440	-0.002051222086739
12.751170182217374	-0.001952767504920
12.862049922932307	-0.001841936990345
12.972929663647241	-0.001721325903698
13.083809404362174	-0.001593370064669
13.194689145077108	-0.001460334185359
13.305568885792042	-0.001324303515987
13.416448626506975	-0.001187178461734
13.527328367221909	-0.001050671920368
13.638208107936842	-0.000916309084950
13.749087848651776	-0.000785429454176
13.859967589366709	-0.000659190794304
13.970847330081643	-0.000538574800856
14.081727070796576	-0.000424394215029
14.192606811511510	-0.000317301158609
14.303486552226444	-0.000217796461883
14.414366292941377	-0.000126239771237
14.525246033656311	-0.000042860236531
14.636125774371244	0.000032232407382
14.747005515086178	0.000099036535604
14.857885255801111	0.000157647259895
14.968764996516045	0.000208245126809
15.079644737230979	0.000251085011433
15.190524477945912	0.000286485315479
15.301404218660846	0.000314817563543
15.412283959375779	0.000336496476751
15.523163700090713	0.000351970589147
15.634043440805646	0.000361713458966
15.744923181520580	0.000366215514474
15.855802922235513	0.000365976562529
15.966682662950447	0.000361498977293
16.077562403665382	0.000353281576785
16.188442144380318	0.000341814186131
16.299321885095253	0.000327572878491
16.410201625810188	0.000311015877699
16.521081366525124	0.000292580100618
16.631961107240059	0.000272678312090
16.742840847954994	0.000251696861070
16.853720588669930	0.000229993963070
16.964600329384865	0.000207898491374
17.075480070099800	0.000185709237468
17.186359810814736	0.000163694599883
17.297239551529671	0.000142092659914
17.408119292244606	0.000121111602571
17.518999032959542	0.000100930441483
17.629878773674477	0.000081700007271
17.740758514389412	0.000063544160115
17.851638255104348	0.000046561188774
17.962517995819283	0.000030825360091
18.073397736534218	0.000016388585089
18.184277477249154	0.000003282169962
18.295157217964089	-0.000008481377405
18.406036958679024	-0.000018906512251
18.516916699393960	-0.000028012813527
18.627796440108895	-0.000035833162109
18.738676180823830	-0.000042411956007
18.849555921538766	-0.000047803379473
