0.000000000000000	0.000000000000000
0.235619449019234	0.207861186641171
0.471238898038469	0.361031166579959
0.706858347057703	0.463910058229339
0.942477796076938	0.522600039466540
1.178097245096172	0.543994628727866
1.413716694115407	0.535142085186804
1.649336143134641	0.502861624026950
1.884955592153876	0.453527090845470
2.120575041173110	0.392939069368661
2.356194490192345	0.326236052401373
2.591813939211579	0.257824730179840
2.827433388230814	0.191329362175015
3.063052837250048	0.129568680088008
3.298672286269283	0.074567963522034
3.534291735288517	0.027608006661166
3.769911184307752	-0.010694050869289
4.005530633326986	-0.040281704479935
4.241150082346220	-0.061545105356216
4.476769531365454	-0.075206317250277
4.712388980384688	-0.082211555885869
4.948008429403922	-0.083635399185150
5.183627878423156	-0.080599580939060
5.419247327442390	-0.074207243379984
5.654866776461624	-0.065492389570994
5.890486225480858	-0.055383584887491
6.126105674500092	-0.044680542599800
6.361725123519326	-0.034041975163239
6.597344572538560	-0.023982940320887
6.832964021557794	-0.014879839428716
7.068583470577028	-0.006981232229901
7.304202919596262	-0.000422716394570
7.539822368615496	0.004755726748396
7.775441817634730	0.008591312742626
8.011061266653964	0.011180114612130
8.246680715673198	0.012659706920341
8.482300164692433	0.013193452142294
8.717919613711667	0.012956862748987
8.953539062730901	0.012126274352896
9.189158511750135	0.010869898935609
9.424777960769369	0.009341193839168
9.660397409788603	0.007674381023876
9.896016858807837	0.005981879879908
10.131636307827071	0.004353372559540
10.367255756846305	0.002856199765064
10.602875205865539	0.001536783281932
10.838494654884773	0.000422785289106
11.074114103904007	-0.000474260305784
11.309733552923241	-0.001156076241486
11.545353001942475	-0.001634724202559
11.780972450961709	-0.001929796065973
12.016591899980943	-0.002065830572621
12.252211349000177	-0.002070035792114
12.487830798019411	-0.001970365357702
12.723450247038645	-0.001793968594121
12.959069696057879	-0.001566011760502
13.194689145077113	-0.001308849762802
13.430308594096347	-0.001041514667572
13.665928043115581	-0.000779478783028
13.901547492134815	-0.000534645437880
14.137166941154049	-0.000315519274172
14.372786390173284	-0.000127509233529
14.608405839192518	0.000026679182808
14.844025288211752	0.000146600965345
15.079644737230986	0.000233610823052
15.315264186250220	0.000290411315385
15.550883635269454	0.000320630466211
15.786503084288688	0.000328443573750
16.022122533307922	0.000318248588620
16.257741982327158	0.000294399765024
16.493361431346393	0.000261000386079
16.728980880365629	0.000221752254432
16.964600329384865	0.000179857308653
17.200219778404101	0.000137965123984
17.435839227423337	0.000098159106784
17.671458676442573	0.000061973803268
17.907078125461808	0.000030435814527
18.142697574481044	0.000004121239400
18.378317023500280	-0.000016776743253
18.613936472519516	-0.000032375680955
18.849555921538752	-0.000043031619212
