0.000000000000000	0.000000000000000
0.314159265358979	0.264811243353533
0.628318530717959	0.433567539920915
0.942477796076938	0.519535904153271
1.256637061435917	0.539315030432879
1.570796326794897	0.509828300479739
1.884955592153876	0.446861423479706
2.199114857512855	0.364411995974846
2.513274122871834	0.274326047193734
2.827433388230814	0.186034361694057
3.141592653589793	0.106407374831250
3.455751918948772	0.039796798001932
3.769911184307752	-0.011715954370682
4.084070449666731	-0.047911661756420
4.398229715025710	-0.069948164948419
4.712388980384690	-0.079876972618702
5.026548245743669	-0.080215119115350
5.340707511102648	-0.073598649590157
5.654866776461628	-0.062524627835485
5.969026041820607	-0.049177462472931
6.283185307179586	-0.035329781108955
6.597344572538566	-0.022305348392948
6.911503837897545	-0.010990240829982
7.225663103256524	-0.001878275592727
7.539822368615503	0.004862505148324
7.853981633974483	0.009313797319164
8.168140899333462	0.011730657052470
8.482300164692441	0.012471473100403
8.796459430051421	0.011938553355744
9.110618695410400	0.010531470907139
9.424777960769379	0.008613614283205
9.738937226128359	0.006491131113510
10.053096491487338	0.004402621689759
10.367255756846317	0.002517478021720
10.681415022205297	0.000940609554752
10.995574287564276	-0.000278622730951
11.309733552923255	-0.001135197842297
11.623892818282235	-0.001656543733073
11.938052083641214	-0.001891171792240
12.252211349000193	-0.001898664202129
12.566370614359172	-0.001741495663147
12.880529879718152	-0.001478880042000
13.194689145077131	-0.001162606136844
13.508848410436110	-0.000834666384759
13.823007675795090	-0.000526383335972
14.137166941154069	-0.000258692498771
14.451326206513048	-0.000043236009161
14.765485471872028	0.000116051832141
15.079644737231007	0.000221139601097
15.393804002589986	0.000278089898673
15.707963267948966	0.000295402577241
16.022122533307943	0.000282609652575
16.336281798666924	0.000249172278441
16.650441064025905	0.000203690296799
16.964600329384886	0.000153405190059
17.278759594743867	0.000103957466295
17.592918860102849	0.000059348550464
17.907078125461830	0.000022053616875
18.221237390820811	-0.000006766242143
18.535396656179792	-0.000026998282425
18.849555921538773	-0.000039296447945
