0.000000000000000	1.000000000000000
0.144996584011837	0.855012622088679
0.289993168023673	0.713131275501392
0.434989752035510	0.576990631014619
0.579986336047346	0.448698640945152
0.724982920059183	0.329792122719762
0.869979504071020	0.221277369915343
1.014976088082856	0.123713444665083
1.159972672094693	0.037307494764221
1.304969256106529	-0.037996626367152
1.449965840118366	-0.102445562518941
1.594962424130203	-0.156421995326069
1.739959008142039	-0.200407068169991
1.884955592153876	-0.234956247327832
2.029952176165712	-0.260684522693794
2.174948760177549	-0.278257040833803
2.319945344189386	-0.288381939282060
2.464941928201222	-0.291803060835704
2.609938512213059	-0.289291187034196
2.754935096224895	-0.281633306264017
2.899931680236732	-0.269620130965975
3.044928264248568	-0.254032549134531
3.189924848260405	-0.235627928204211
3.334921432272242	-0.215127211358634
3.479918016284078	-0.193203609548889
3.624914600295915	-0.170473460738826
3.769911184307751	-0.147489562607078
3.914907768319588	-0.124737035446029
4.059904352331425	-0.102631570420300
4.204900936343262	-0.081519779336079
4.349897520355099	-0.061681285943591
4.494894104366936	-0.043332176264577
4.639890688378773	-0.026629442450219
4.784887272390610	-0.011676096342766
4.929883856402447	0.001473317858122
5.074880440414284	0.012807027587256
5.219877024426121	0.022350318363228
5.364873608437958	0.030159926756039
5.509870192449795	0.036318631341486
5.654866776461632	0.040930108949860
5.799863360473469	0.044114106177286
5.944859944485306	0.046001963697950
6.089856528497143	0.046732521594090
6.234853112508980	0.046448426262215
6.379849696520817	0.045292852466234
6.524846280532654	0.043406647243697
6.669842864544491	0.040925895452738
6.814839448556328	0.037979899859332
6.959836032568165	0.034689562041741
7.104832616580002	0.031166144318217
7.249829200591839	0.027510387649874
7.394825784603676	0.023811956230327
7.539822368615513	0.020149176355920
7.684818952627350	0.016589035194769
7.829815536639187	0.013187404183412
7.974812120651024	0.009989451864131
8.119808704662860	0.007030211887982
8.264805288674697	0.004335273487648
8.409801872686534	0.001921563811751
8.554798456698371	-0.000201806037904
8.699795040710208	-0.002032656739934
8.844791624722045	-0.003574840918158
8.989788208733883	-0.004837347541384
9.134784792745720	-0.005833427529895
9.279781376757557	-0.006579754784561
9.424777960769394	-0.007095634215001
9.569774544781231	-0.007402265850420
9.714771128793068	-0.007522071793732
9.859767712804905	-0.007478090643795
10.004764296816742	-0.007293442074443
10.149760880828579	-0.006990862530979
10.294757464840416	-0.006592311489104
10.439754048852253	-0.006118646418617
10.584750632864090	-0.005589363501637
10.729747216875927	-0.005022400266255
10.874743800887764	-0.004433995602084
11.019740384899601	-0.003838602112261
11.164736968911438	-0.003248845412850
11.309733552923275	-0.002675524799816
11.454730136935112	-0.002127649648793
11.599726720946949	-0.001612505976681
11.744723304958786	-0.001135747759008
11.889719888970623	-0.000701507846077
12.034716472982460	-0.000312523637574
12.179713056994297	0.000029726955904
12.324709641006134	0.000324883329596
12.469706225017971	0.000573557413874
12.614702809029808	0.000777189506914
12.759699393041645	0.000937907455832
12.904695977053482	0.001058391492543
13.049692561065319	0.001141746606215
13.194689145077156	0.001191383930682
13.339685729088993	0.001210912247516
13.484682313100830	0.001204040357578
13.629678897112667	0.001174490758491
13.774675481124504	0.001125924784364
13.919672065136341	0.001061879118122
14.064668649148178	0.000985713375984
14.209665233160015	0.000900568287328
14.354661817171852	0.000809333850217
14.499658401183689	0.000714626731431
14.644654985195526	0.000618776097907
14.789651569207363	0.000523817011659
14.934648153219200	0.000431490489829
15.079644737231037	0.000343249322936
15.224641321242874	0.000260268754672
15.369637905254711	0.000183461153135
15.514634489266548	0.000113493843357
15.659631073278385	0.000050809321799
15.804627657290222	-0.000004352867314
15.949624241302059	-0.000051933248650
16.094620825313896	-0.000092029111038
16.239617409325732	-0.000124871295623
16.384613993337567	-0.000150801519461
16.529610577349402	-0.000170250606503
16.674607161361237	-0.000183717929533
16.819603745373072	-0.000191752301652
16.964600329384908	-0.000194934495030
17.109596913396743	-0.000193861508611
17.254593497408578	-0.000189132655590
17.399590081420413	-0.000181337496198
17.544586665432249	-0.000171045601656
17.689583249444084	-0.000158798101181
17.834579833455919	-0.000145100935493
17.979576417467754	-0.000130419717224
18.124573001479590	-0.000115176080619
18.269569585491425	-0.000099745389757
18.414566169503260	-0.000084455665570
18.559562753515095	-0.000069587587114
18.704559337526931	-0.000055375421040
18.849555921538766	-0.000042008734918
