0.000000000000000	0.000000000000000
0.209439510239320	0.187507056014677
0.418879020478639	0.331661804530554
0.628318530717959	0.435247211935917
0.837758040957278	0.502246071829142
1.047197551196598	0.537312407442809
1.256637061435917	0.545360161374337
1.466076571675237	0.531285425695216
1.675516081914556	0.499794353837133
1.884955592153876	0.455299063165080
2.094395102393196	0.401850515141238
2.303834612632515	0.343089158489009
2.513274122871834	0.282205161144916
2.722713633111154	0.221907798211772
2.932153143350473	0.164407367871585
3.141592653589793	0.111413399685184
3.351032163829112	0.064151091816243
3.560471674068431	0.023395245337791
3.769911184307751	-0.010481407847605
3.979350694547070	-0.037450020102471
4.188790204786390	-0.057762488842956
4.398229715025709	-0.071887791440092
4.607669225265029	-0.080451277254475
4.817108735504349	-0.084179325592277
5.026548245743669	-0.083850805472368
5.235987755982989	-0.080256008096777
5.445427266222309	-0.074163179192938
5.654866776461628	-0.066292418250771
5.864306286700948	-0.057296481744332
6.073745796940268	-0.047747880522685
6.283185307179588	-0.038131565644389
6.492624817418908	-0.028842435168865
6.702064327658228	-0.020186860689146
6.911503837897548	-0.012387425847896
7.120943348136867	-0.005590089774665
7.330382858376187	0.000126965218086
7.539822368615507	0.004743474080972
7.749261878854827	0.008286805564737
7.958701389094147	0.010821748654334
8.168140899333466	0.012440765184408
8.377580409572785	0.013255009419793
8.587019919812104	0.013386326030506
8.796459430051423	0.012960357489558
9.005898940290741	0.012100822114948
9.215338450530060	0.010924965482251
9.424777960769379	0.009540140790940
9.634217471008698	0.008041437542400
9.843656981248017	0.006510251826417
10.053096491487336	0.005013674646593
10.262536001726655	0.003604565934729
10.471975511965974	0.002322180017472
10.681415022205293	0.001193212078844
10.890854532444612	0.000233143392795
11.100294042683931	-0.000552225385335
11.309733552923250	-0.001165149860883
11.519173063162569	-0.001614308511789
11.728612573401888	-0.001913226947236
11.938052083641207	-0.002078811418264
12.147491593880526	-0.002130028949086
12.356931104119845	-0.002086758464366
12.566370614359164	-0.001968825816532
12.775810124598483	-0.001795225832767
12.985249634837801	-0.001583526468886
13.194689145077120	-0.001349443859978
13.404128655316439	-0.001106572412870
13.613568165555758	-0.000866250960850
13.823007675795077	-0.000637544229404
14.032447186034396	-0.000427318254330
14.241886696273715	-0.000240388751375
14.451326206513034	-0.000079722560648
14.660765716752353	0.000053326012185
14.870205226991672	0.000158760039952
15.079644737230991	0.000237679751662
15.289084247470310	0.000292028559176
15.498523757709629	0.000324354231540
15.707963267948948	0.000337591808317
15.917402778188267	0.000334872716054
16.126842288427586	0.000319362654912
16.336281798666906	0.000294129186944
16.545721308906227	0.000262038598280
16.755160819145548	0.000225680525735
16.964600329384869	0.000187318023903
17.174039839624189	0.000148860182810
17.383479349863510	0.000111854063496
17.592918860102831	0.000077492570424
17.802358370342152	0.000046634893962
18.011797880581472	0.000019836301629
18.221237390820793	-0.000002615697573
18.430676901060114	-0.000020661474578
18.640116411299434	-0.000034427984403
18.849555921538755	-0.000044187966221
