0.000000000000000	0.000000000000000
0.104719755119660	0.099236641563499
0.209439510239320	0.187538261784207
0.314159265358979	0.265085062148827
0.418879020478639	0.332163162351989
0.523598775598299	0.389149886730863
0.628318530717959	0.436497416474491
0.733038285837618	0.474716410982582
0.837758040957278	0.504360681228438
0.942477796076938	0.526013548830478
1.047197551196598	0.540276171293257
1.151917306316258	0.547757859232568
1.256637061435917	0.549068244949392
1.361356816555577	0.544811067085390
1.466076571675237	0.535579295727173
1.570796326794896	0.521951320210312
1.675516081914556	0.504487944692370
1.780235837034216	0.483729973917678
1.884955592153875	0.460196215722117
1.989675347273535	0.434381772134653
2.094395102393195	0.406756533542819
2.199114857512855	0.377763827737033
2.303834612632515	0.347819206191568
2.408554367752175	0.317309372946486
2.513274122871834	0.286591276849708
2.617993877991494	0.255991396157227
2.722713633111154	0.225805246442148
2.827433388230814	0.196297139594126
2.932153143350474	0.167700214733705
3.036872898470134	0.140216752499953
3.141592653589794	0.114018773704096
3.246312408709454	0.089248912921980
3.351032163829114	0.066021548139016
3.455751918948774	0.044424159712474
3.560471674068434	0.024518886058459
3.665191429188094	0.006344239739072
3.769911184307754	-0.010083054050743
3.874630939427413	-0.024766134439900
3.979350694547073	-0.037726033453979
4.084070449666733	-0.048999689559150
4.188790204786392	-0.058637975937988
4.293509959906052	-0.066703769228780
4.398229715025711	-0.073270080288052
4.502949470145371	-0.078418264452916
4.607669225265030	-0.082236324954013
4.712388980384690	-0.084817319670105
4.817108735504349	-0.086257878379069
4.921828490624009	-0.086656835062580
5.026548245743668	-0.086113977647660
5.131268000863328	-0.084728915781070
5.235987755982987	-0.082600065783712
5.340707511102647	-0.079823750768889
5.445427266222306	-0.076493412978145
5.550147021341965	-0.072698934644102
5.654866776461625	-0.068526063090818
5.759586531581284	-0.064055935296323
5.864306286700944	-0.059364696744845
5.969026041820603	-0.054523209070857
6.073745796940263	-0.049596840732771
6.178465552059922	-0.044645334745004
6.283185307179582	-0.039722747340718
6.387905062299241	-0.034877451333688
6.492624817418901	-0.030152197896800
6.597344572538560	-0.025584230477638
6.702064327658220	-0.021205444628319
6.806784082777879	-0.017042587636327
6.911503837897539	-0.013117492003463
7.016223593017198	-0.009447337027625
7.120943348136858	-0.006044932992583
7.225663103256517	-0.002919022758664
7.330382858376177	-0.000074595866355
7.435102613495836	0.002486789391255
7.539822368615495	0.004766680109029
7.644542123735155	0.006769402930906
7.749261878854814	0.008501741659031
7.853981633974474	0.009972621357735
7.958701389094133	0.011192801623157
8.063421144213793	0.012174581322036
8.168140899333453	0.012931516748408
8.272860654453114	0.013478154807466
8.377580409572774	0.013829782514140
8.482300164692434	0.014002193791745
8.587019919812095	0.014011474274644
8.691739674931755	0.013873804559021
8.796459430051415	0.013605282108221
8.901179185171076	0.013221761803559
9.005898940290736	0.012738714938163
9.110618695410396	0.012171106279795
9.215338450530057	0.011533288678208
9.320058205649717	0.010838914562821
9.424777960769378	0.010100863566446
9.529497715889038	0.009331185419680
9.634217471008698	0.008541057187322
9.738937226128359	0.007740753861806
9.843656981248019	0.006939631287997
9.948376736367679	0.006146120367719
10.053096491487340	0.005367731479799
10.157816246607000	0.004611068051118
10.262536001726660	0.003881848224930
10.367255756846321	0.003184933593322
10.471975511965981	0.002524363990009
10.576695267085642	0.001903397376526
10.681415022205302	0.001324553898109
10.786134777324962	0.000789663234181
10.890854532444623	0.000299914421214
10.995574287564283	-0.000144092618043
11.100294042683943	-0.000542294546379
11.205013797803604	-0.000895111732252
11.309733552923264	-0.001203395604592
11.414453308042924	-0.001468376767657
11.519173063162585	-0.001691614341006
11.623892818282245	-0.001874946930415
11.728612573401906	-0.002020445578075
11.833332328521566	-0.002130368984994
11.938052083641226	-0.002207121245596
12.042771838760887	-0.002253212284363
12.147491593880547	-0.002271221137244
12.252211349000207	-0.002263762176662
12.356931104119868	-0.002233454338397
12.461650859239528	-0.002182893371524
12.566370614359188	-0.002114627098952
12.671090369478849	-0.002031133646002
12.775810124598509	-0.001934802567741
12.880529879718170	-0.001827918782533
12.985249634837830	-0.001712649199221
13.089969389957490	-0.001591031908555
13.194689145077151	-0.001464967795636
13.299408900196811	-0.001336214419220
13.404128655316471	-0.001206381995503
13.508848410436132	-0.001076931318238
13.613568165555792	-0.000949173443673
13.718287920675452	-0.000824270967493
13.823007675795113	-0.000703240721615
13.927727430914773	-0.000586957721054
14.032447186034434	-0.000476160194999
14.137166941154094	-0.000371455541481
14.241886696273754	-0.000273327051417
14.346606451393415	-0.000182141255192
14.451326206513075	-0.000098155753071
14.556045961632735	-0.000021527399592
14.660765716752396	0.000047679278718
14.765485471872056	0.000109483543286
14.870205226991716	0.000163979882331
14.974924982111377	0.000211329519904
15.079644737231037	0.000251752076652
15.184364492350698	0.000285517454043
15.289084247470358	0.000312938004370
15.393804002590018	0.000334361039604
15.498523757709679	0.000350161723371
15.603243512829339	0.000360736381898
15.707963267948999	0.000366496261837
15.812683023068660	0.000367861755441
15.917402778188320	0.000365257106640
16.022122533307979	0.000359105605200
16.126842288427639	0.000349825270367
16.231562043547299	0.000337825020121
16.336281798666960	0.000323501317526
16.441001553786620	0.000307235281511
16.545721308906280	0.000289390245864
16.650441064025941	0.000270309747140
16.755160819145601	0.000250315919677
16.859880574265262	0.000229708273805
16.964600329384922	0.000208762831765
17.069320084504582	0.000187731594632
17.174039839624243	0.000166842312785
17.278759594743903	0.000146298532027
17.383479349863563	0.000126279887355
17.488199104983224	0.000106942616631
17.592918860102884	0.000088420266832
17.697638615222544	0.000070824566328
17.802358370342205	0.000054246437516
17.907078125461865	0.000038757125249
18.011797880581526	0.000024409417759
18.116517635701186	0.000011238938106
18.221237390820846	-0.000000734514333
18.325957145940507	-0.000011505591317
18.430676901060167	-0.000021082009536
18.535396656179827	-0.000029483166556
18.640116411299488	-0.000036738773133
18.744836166419148	-0.000042887514502
18.849555921538808	-0.000047975751717
