0.000000000000000	1.000000000000000
0.134639685153848	0.865367159519098
0.269279370307697	0.733221308481030
0.403919055461545	0.605712351853456
0.538558740615393	0.484610313286785
0.673198425769241	0.371260895262736
0.807838110923090	0.266602020502225
0.942477796076938	0.171214723432865
1.077117481230786	0.085387776513667
1.211757166384634	0.009182247815803
1.346396851538483	-0.057511855654097
1.481036536692331	-0.114930228911769
1.615676221846179	-0.163400581435308
1.750315907000028	-0.203319253570969
1.884955592153876	-0.235135916995954
2.019595277307724	-0.259343901752091
2.154234962461572	-0.276473848443205
2.288874647615421	-0.287088773063210
2.423514332769269	-0.291779136777468
2.558154017923117	-0.291157046701123
2.692793703076966	-0.285849210514439
2.827433388230814	-0.276488680259455
2.962073073384662	-0.263705719978851
3.096712758538510	-0.248118307807629
3.231352443692359	-0.230322842798577
3.365992128846207	-0.210885590771511
3.500631814000055	-0.190335300523807
3.635271499153903	-0.169157282675034
3.769911184307752	-0.147789096110664
3.904550869461600	-0.126617852880790
4.039190554615448	-0.105979045042263
4.173830239769297	-0.086156722214970
4.308469924923145	-0.067384806276042
4.443109610076993	-0.049849315166752
4.577749295230841	-0.033691274574648
4.712388980384690	-0.019010117093129
4.847028665538538	-0.005867396810777
4.981668350692386	0.005709322093534
5.116308035846235	0.015722514970005
5.250947721000083	0.024200771180595
5.385587406153931	0.031194959127636
5.520227091307779	0.036774531204348
5.654866776461628	0.041024005858073
5.789506461615476	0.044039655050974
5.924146146769324	0.045926418853209
6.058785831923172	0.046795063863425
6.193425517077021	0.046759597940449
6.328065202230869	0.045934949871519
6.462704887384717	0.044434918819258
6.597344572538566	0.042370394574777
6.731984257692414	0.039847845816871
6.866623942846262	0.036968069835768
7.001263628000110	0.033825193658588
7.135903313153959	0.030505913349076
7.270542998307807	0.027088955559964
7.405182683461655	0.023644743270619
7.539822368615503	0.020235246082683
7.674462053769352	0.016913994471160
7.809101738923200	0.013726236964666
7.943741424077048	0.010709219299912
8.078381109230897	0.007892565091203
8.213020794384745	0.005298738399051
8.347660479538593	0.002943569696605
8.482300164692441	0.000836828047410
8.616939849846290	-0.001017176240041
8.751579535000138	-0.002618972680194
8.886219220153986	-0.003973308025784
9.020858905307835	-0.005088531078321
9.155498590461683	-0.005975994389334
9.290138275615531	-0.006649480843348
9.424777960769379	-0.007124661673734
9.559417645923228	-0.007418591100969
9.694057331077076	-0.007549241509850
9.828697016230924	-0.007535081905930
9.963336701384772	-0.007394701317622
10.097976386538621	-0.007146477843192
10.232616071692469	-0.006808293183460
10.367255756846317	-0.006397291752089
10.501895442000166	-0.005929682814839
10.636535127154014	-0.005420583574661
10.771174812307862	-0.004883900687047
10.905814497461710	-0.004332247354476
11.040454182615559	-0.003776892903997
11.175093867769407	-0.003227741590827
11.309733552923255	-0.002693337285648
11.444373238077103	-0.002180890686063
11.579012923230952	-0.001696325735006
11.713652608384800	-0.001244342022582
11.848292293538648	-0.000828490084622
11.982931978692497	-0.000451256683383
12.117571663846345	-0.000114157355718
12.252211349000193	0.000182166265178
12.386851034154041	0.000437846613174
12.521490719307890	0.000653689852811
12.656130404461738	0.000831076811132
12.790770089615586	0.000971866700096
12.925409774769435	0.001078304911525
13.060049459923283	0.001152935934931
13.194689145077131	0.001198522228411
13.329328830230979	0.001217969666518
13.463968515384828	0.001214259998239
13.598608200538676	0.001190390574282
13.733247885692524	0.001149321446531
13.867887570846372	0.001093929804289
14.002527256000221	0.001026971591784
14.137166941154069	0.000951050049076
14.271806626307917	0.000868590833625
14.406446311461766	0.000781823311321
14.541085996615614	0.000692767553136
14.675725681769462	0.000603226535327
14.810365366923310	0.000514783016367
14.945005052077159	0.000428800551059
15.079644737231007	0.000346428100357
15.214284422384855	0.000268607702953
15.348924107538704	0.000196084690317
15.483563792692552	0.000129419949338
15.618203477846400	0.000069003764777
15.752843163000248	0.000015070806153
15.887482848154097	-0.000032284140573
16.022122533307943	-0.000073090058166
16.156762218461793	-0.000107483522479
16.291401903615643	-0.000135692748529
16.426041588769493	-0.000158022101245
16.560681273923343	-0.000174837275161
16.695320959077193	-0.000186551310085
16.829960644231043	-0.000193611574399
16.964600329384893	-0.000196487814522
17.099240014538744	-0.000195661338488
17.233879699692594	-0.000191615373676
17.368519384846444	-0.000184826613751
17.503159070000294	-0.000175757947721
17.637798755154144	-0.000164852344867
17.772438440307994	-0.000152527852966
17.907078125461844	-0.000139173653708
18.041717810615694	-0.000125147108383
18.176357495769544	-0.000110771718527
18.310997180923394	-0.000096335920254
18.445636866077244	-0.000082092627111
18.580276551231094	-0.000068259434373
18.714916236384944	-0.000055019397496
18.849555921538794	-0.000042522298749
