0.000000000000000	0.000000000000000
0.117809724509617	0.110870158915101
0.235619449019234	0.207911364352392
0.353429173528852	0.291411464090640
0.471238898038469	0.361822678047017
0.589048622548086	0.419733662631430
0.706858347057703	0.465839631083161
0.824668071567321	0.500913659209155
0.942477796076938	0.525781045479155
1.060287520586555	0.541297589471839
1.178097245096172	0.548331936063364
1.295906969605790	0.547751679172957
1.413716694115407	0.540412676442513
1.531526418625024	0.527150937697586
1.649336143134641	0.508776464158813
1.767145867644259	0.486068491150647
1.884955592153876	0.459771694008973
2.002765316663493	0.430593033515929
2.120575041173110	0.399199028978472
2.238384765682727	0.366213344745110
2.356194490192344	0.332214654168783
2.474004214701961	0.297734801422115
2.591813939211578	0.263257316163576
2.709623663721195	0.229216350700629
2.827433388230812	0.195996107229840
2.945243112740429	0.163930808056638
3.063052837250046	0.133305238868082
3.180862561759663	0.104355868478901
3.298672286269280	0.077272521781837
3.416482010778897	0.052200558867720
3.534291735288514	0.029243494429251
3.652101459798131	0.008465978645917
3.769911184307748	-0.010102946068089
3.887720908817365	-0.026466399283899
4.005530633326982	-0.040656111126952
4.123340357836599	-0.052728841627584
4.241150082346216	-0.062762838043536
4.358959806855833	-0.070854386914796
4.476769531365450	-0.077114506916197
4.594579255875067	-0.081665818310809
4.712388980384684	-0.084639615447371
4.830198704894301	-0.086173160552106
4.948008429403918	-0.086407210135359
5.065818153913535	-0.085483779637626
5.183627878423152	-0.083544147366012
5.301437602932769	-0.080727095164181
5.419247327442386	-0.077167380443942
5.537057051952003	-0.072994432018971
5.654866776461621	-0.068331260475178
5.772676500971238	-0.063293572470023
5.890486225480855	-0.057989077286454
6.008295949990472	-0.052516973115634
6.126105674500089	-0.046967599869180
6.243915399009706	-0.041422244807274
6.361725123519323	-0.035953086906691
6.479534848028940	-0.030623265682482
6.597344572538557	-0.025487060120947
6.715154297048174	-0.020590163480859
6.832964021557791	-0.015970039972780
6.950773746067408	-0.011656349726579
7.068583470577025	-0.007671428994140
7.186393195086642	-0.004030813193107
7.304202919596259	-0.000743791160217
7.422012644105876	0.002186020170555
7.539822368615493	0.004760090540444
7.657632093125110	0.006984389513064
7.775441817634727	0.008868805947291
7.893251542144344	0.010426580770191
8.011061266653961	0.011673759060299
8.128870991163579	0.012628666513996
8.246680715673197	0.013311414468073
8.364490440182815	0.013743436798817
8.482300164692433	0.013947061218949
8.600109889202050	0.013945116753427
8.717919613711668	0.013760578496631
8.835729338221286	0.013416250138532
8.953539062730904	0.012934484196718
9.071348787240522	0.012336939404139
9.189158511750140	0.011644374277931
9.306968236259758	0.010876475530856
9.424777960769376	0.010051719681436
9.542587685278994	0.009187265968875
9.660397409788612	0.008298878481418
9.778207134298230	0.007400875258403
9.896016858807847	0.006506102023452
10.013826583317465	0.005625928145242
10.131636307827083	0.004770262399335
10.249446032336701	0.003947586115749
10.367255756846319	0.003165001338356
10.485065481355937	0.002428291690119
10.602875205865555	0.001741993728629
10.720684930375173	0.001109476685895
10.838494654884791	0.000533028611215
10.956304379394409	0.000013947073000
11.074114103904027	-0.000447367278698
11.191923828413644	-0.000851315835144
11.309733552923262	-0.001199007228272
11.427543277432880	-0.001492163841022
11.545353001942498	-0.001733030708212
11.663162726452116	-0.001924287735604
11.780972450961734	-0.002068966017674
11.898782175471352	-0.002170368893691
12.016591899980970	-0.002231998248125
12.134401624490588	-0.002257486436120
12.252211349000206	-0.002250534098498
12.370021073509823	-0.002214854023984
12.487830798019441	-0.002154121119471
12.605640522529059	-0.002071928462267
12.723450247038677	-0.001971749331431
12.841259971548295	-0.001856905048444
12.959069696057913	-0.001730538400228
13.076879420567531	-0.001595592369711
13.194689145077149	-0.001454793860238
13.312498869586767	-0.001310642069682
13.430308594096385	-0.001165401147584
13.548118318606003	-0.001021096753435
13.665928043115620	-0.000879516125708
13.783737767625238	-0.000742211268800
13.901547492134856	-0.000610504868038
14.019357216644474	-0.000485498550645
14.137166941154092	-0.000368083122468
14.254976665663710	-0.000258950425709
14.372786390173328	-0.000158606481228
14.490596114682946	-0.000067385599721
14.608405839192564	0.000014534831379
14.726215563702182	0.000087119154578
14.844025288211800	0.000150458087118
14.961835012721417	0.000204753423291
15.079644737231035	0.000250302988368
15.197454461740653	0.000287486013337
15.315264186250271	0.000316749075179
15.433073910759889	0.000338592723883
15.550883635269507	0.000353558894841
15.668693359779125	0.000362219183966
15.786503084288743	0.000365164042932
15.904312808798361	0.000362992933453
16.022122533307979	0.000356305462621
16.139932257817595	0.000345693505986
16.257741982327211	0.000331734311362
16.375551706836827	0.000314984564300
16.493361431346443	0.000295975385642
16.611171155856059	0.000275208222700
16.728980880365675	0.000253151588153
16.846790604875292	0.000230238594774
16.964600329384908	0.000206865229465
17.082410053894524	0.000183389306685
17.200219778404140	0.000160130039154
17.318029502913756	0.000137368162532
17.435839227423372	0.000115346550615
17.553648951932988	0.000094271258198
17.671458676442604	0.000074312930209
17.789268400952221	0.000055608517744
17.907078125461837	0.000038263244228
18.024887849971453	0.000022352768036
18.142697574481069	0.000007925491253
18.260507298990685	-0.000004995031980
18.378317023500301	-0.000016407630245
18.496126748009917	-0.000026331031406
18.613936472519534	-0.000034801395542
18.731746197029150	-0.000041869894778
18.849555921538766	-0.000047600366490
