0.000000000000000	1.000000000000000
0.209439510239320	0.790600553832477
0.418879020478639	0.590521443028897
0.628318530717959	0.406631849415270
0.837758040957278	0.243321611780228
1.047197551196598	0.102787701494712
1.256637061435917	-0.014387728087671
1.466076571675237	-0.108684813627805
1.675516081914556	-0.181242621583051
1.884955592153876	-0.233613446026851
2.094395102393196	-0.267633068875388
2.303834612632515	-0.285354422416897
2.513274122871834	-0.289001065825150
2.722713633111154	-0.280913661570570
2.932153143350473	-0.263479863009209
3.141592653589793	-0.239051221387842
3.351032163829112	-0.209857811635463
3.560471674068431	-0.177932423203951
3.769911184307751	-0.145053160247118
3.979350694547070	-0.112708545794238
4.188790204786390	-0.082084758281186
4.398229715025709	-0.054071585734901
4.607669225265029	-0.029282308651673
4.817108735504349	-0.008082679174560
5.026548245743669	0.009375101686709
5.235987755982989	0.023116498964351
5.445427266222309	0.033308992270928
5.654866776461628	0.040228063679331
5.864306286700948	0.044225728869050
6.073745796940268	0.045702197738512
6.283185307179588	0.045081046509085
6.492624817418908	0.042788132692296
6.702064327658228	0.039234350267197
6.911503837897548	0.034802190967186
7.120943348136867	0.029835950508250
7.330382858376187	0.024635305038071
7.539822368615507	0.019451892634280
7.749261878854827	0.014488473398811
7.958701389094147	0.009900210924921
8.168140899333466	0.005797614943232
8.377580409572785	0.002250704556041
8.587019919812104	-0.000706012505229
8.796459430051423	-0.003068102593496
9.005898940290741	-0.004855616647095
9.215338450530060	-0.006107600304440
9.424777960769379	-0.006876902388051
9.634217471008698	-0.007225430257275
9.843656981248017	-0.007219954368892
10.053096491487336	-0.006928523173888
10.262536001726655	-0.006417513754771
10.471975511965974	-0.005749313654542
10.681415022205293	-0.004980605225254
10.890854532444612	-0.004161205385920
11.100294042683931	-0.003333400599437
11.309733552923250	-0.002531708679140
11.519173063162569	-0.001782995129432
11.728612573401888	-0.001106871454765
11.938052083641207	-0.000516305553054
12.147491593880526	-0.000018379267694
12.356931104119845	0.000384865231673
12.566370614359164	0.000695540916359
12.775810124598483	0.000919035690135
12.985249634837801	0.001063170666045
13.194689145077120	0.001137423011886
13.404128655316439	0.001152231882757
13.613568165555758	0.001118399108456
13.823007675795077	0.001046590302068
14.032447186034396	0.000946936979127
14.241886696273715	0.000828736148894
14.451326206513034	0.000700240642745
14.660765716752353	0.000568531128126
14.870205226991672	0.000439459243591
15.079644737230991	0.000317650487424
15.289084247470310	0.000206555295048
15.498523757709629	0.000108537040798
15.707963267948948	0.000024986390265
15.917402778188267	-0.000043547591953
16.126842288427586	-0.000097218001629
16.336281798666906	-0.000136739461292
16.545721308906227	-0.000163252112749
16.755160819145548	-0.000178194755888
16.964600329384869	-0.000183190424200
17.174039839624189	-0.000179946562534
17.383479349863510	-0.000170170977179
17.592918860102831	-0.000155503877187
17.802358370342152	-0.000137465625046
18.011797880581472	-0.000117419263535
18.221237390820793	-0.000096546477008
18.430676901060114	-0.000075835368397
18.640116411299434	-0.000056078273711
18.849555921538755	-0.000037877777532
