0.000000000000000	1.000000000000000
0.471238898038469	0.529785615458140
0.942477796076938	0.158379671590042
1.413716694115407	-0.090278519644979
1.884955592153876	-0.226259056648077
2.356194490192345	-0.270937380569451
2.827433388230814	-0.250744898748560
3.298672286269283	-0.193617259347479
3.769911184307752	-0.124150137820049
4.241150082346221	-0.059884892750019
4.712388980384690	-0.010455715336163
5.183627878423159	0.021093195968284
5.654866776461628	0.036188050393389
6.126105674500097	0.038664086497845
6.597344572538566	0.033114107846581
7.068583470577035	0.023756942764198
7.539822368615503	0.013819073381557
8.011061266653972	0.005342335864249
8.482300164692440	-0.000714647597688
8.953539062730908	-0.004217523321516
9.424777960769376	-0.005550695495331
9.896016858807844	-0.005339733306668
10.367255756846312	-0.004240993396858
10.838494654884780	-0.002809807288707
11.309733552923248	-0.001439797343972
11.780972450961716	-0.000355920551148
12.252211349000184	0.000358990976680
12.723450247038652	0.000722432610726
13.194689145077120	0.000808890512865
13.665928043115589	0.000713472175432
14.137166941154057	0.000526337485911
14.608405839192525	0.000318263238130
15.079644737230993	0.000135513814076
15.550883635269461	0.000001227637656
16.022122533307929	-0.000079540647796
16.493361431346397	-0.000113503344372
16.964600329384865	-0.000113208442975
17.435839227423333	-0.000092419547878
17.907078125461801	-0.000063123429726
18.378317023500269	-0.000034058667941
18.849555921538737	-0.000010424533842
