0.000000000000000	0.000000000000000
0.171359599286716	0.156677543152864
0.342719198573432	0.284218750155703
0.514078797860148	0.383891062862907
0.685438397146864	0.457586798439984
0.856797996433580	0.507624819123733
1.028157595720296	0.536572470800207
1.199517195007012	0.547104890806706
1.370876794293728	0.541903071041105
1.542236393580444	0.523584167548030
1.713595992867160	0.494655094412781
1.884955592153876	0.457481080456615
2.056315191440592	0.414262898847258
2.227674790727308	0.367018844327776
2.399034390014025	0.317569638391798
2.570393989300741	0.267525999252149
2.741753588587457	0.218279527773496
2.913113187874173	0.170997875209177
3.084472787160889	0.126625007045616
3.255832386447605	0.085886940068829
3.427191985734321	0.049302790444422
3.598551585021037	0.017200478717261
3.769911184307753	-0.010263912736485
3.941270783594469	-0.033084307891596
4.112630382881185	-0.051381518061138
4.283989982167901	-0.065379908293493
4.455349581454617	-0.075384734244027
4.626709180741333	-0.081760820428675
4.798068780028049	-0.084913044342138
4.969428379314765	-0.085268912583176
5.140787978601481	-0.083263373008148
5.312147577888197	-0.079325900502050
5.483507177174913	-0.073869817805749
5.654866776461629	-0.067283759804425
5.826226375748345	-0.059925152953164
5.997585975035062	-0.052115555741702
6.168945574321778	-0.044137687719665
6.340305173608494	-0.036233961651231
6.511664772895210	-0.028606325030176
6.683024372181926	-0.021417213296467
6.854383971468642	-0.014791417704578
7.025743570755358	-0.008818675871988
7.197103170042074	-0.003556802322381
7.368462769328790	0.000964810693243
7.539822368615506	0.004741475900672
7.711181967902222	0.007789413036366
7.882541567188938	0.010141986816119
8.053901166475654	0.011846077869076
8.225260765762370	0.012958664430221
8.396620365049085	0.013543674253434
8.567979964335800	0.013669149204653
8.739339563622515	0.013404749606241
8.910699162909230	0.012819611798878
9.082058762195945	0.011980560642597
9.253418361482661	0.010950668798785
9.424777960769376	0.009788146571985
9.596137560056091	0.008545539757225
9.767497159342806	0.007269208220469
9.938856758629521	0.005999054701363
10.110216357916237	0.004768471419424
10.281575957202952	0.003604471328378
10.452935556489667	0.002527971134759
10.624295155776382	0.001554194311545
10.795654755063097	0.000693164133773
10.967014354349812	-0.000049740914431
11.138373953636528	-0.000673194308717
11.309733552923243	-0.001179313226109
11.481093152209958	-0.001573053777697
11.652452751496673	-0.001861625548640
11.823812350783388	-0.002053938223867
11.995171950070104	-0.002160090177006
12.166531549356819	-0.002190906193060
12.337891148643534	-0.002157529024880
12.509250747930249	-0.002071067278873
12.680610347216964	-0.001942300203955
12.851969946503679	-0.001781438326446
13.023329545790395	-0.001597937530430
13.194689145077110	-0.001400363118371
13.366048744363825	-0.001196299585202
13.537408343650540	-0.000992301280307
13.708767942937255	-0.000793878792496
13.880127542223970	-0.000605515747378
14.051487141510686	-0.000430710727735
14.222846740797401	-0.000272039188437
14.394206340084116	-0.000131230511629
14.565565939370831	-0.000009255709806
14.736925538657546	0.000093578289537
14.908285137944262	0.000177531375756
15.079644737230977	0.000243333110138
15.251004336517692	0.000292088313774
15.422363935804407	0.000325187508918
15.593723535091122	0.000344223866037
15.765083134377837	0.000350917870027
15.936442733664553	0.000347050517234
16.107802332951270	0.000334405495008
16.279161932237987	0.000314720480601
16.450521531524704	0.000289647427678
16.621881130811420	0.000260721486392
16.793240730098137	0.000229338025622
16.964600329384854	0.000196737091179
17.135959928671571	0.000163994538429
17.307319527958288	0.000132019018251
17.478679127245005	0.000101553967339
17.650038726531722	0.000073183753410
17.821398325818439	0.000047343148463
17.992757925105156	0.000024329344623
18.164117524391873	0.000004315783160
18.335477123678590	-0.000012632865834
18.506836722965307	-0.000026545161447
18.678196322252024	-0.000037527297658
18.849555921538741	-0.000045747887089
