0.000000000000000	1.000000000000000
0.269279370307697	0.733902290728603
0.538558740615393	0.485508109619377
0.807838110923090	0.267335283540747
1.077117481230786	0.085720924645436
1.346396851538483	-0.057688998925991
1.615676221846179	-0.164114068202752
1.884955592153876	-0.236358397654120
2.154234962461572	-0.278139958300350
2.423514332769269	-0.293792214797448
2.692793703076966	-0.288087157113669
2.962073073384662	-0.266030395664018
3.231352443692359	-0.232593208557063
3.500631814000055	-0.192421687419581
3.769911184307752	-0.149585348158271
4.039190554615448	-0.107410325086662
4.308469924923145	-0.068410482982527
4.577749295230841	-0.034303588448818
4.847028665538538	-0.006087179818957
5.116308035846235	0.015851791941095
5.385587406153931	0.031613812137608
5.654866776461628	0.041663544936179
5.924146146769324	0.046714472684389
6.193425517077021	0.047626038227382
6.462704887384717	0.045315966343357
6.731984257692414	0.040689229564918
7.001263628000110	0.034584127026024
7.270542998307807	0.027734985178828
7.539822368615503	0.020750107168564
7.809101738923200	0.014102904021455
8.078381109230897	0.008133714481561
8.347660479538593	0.003059673241078
8.616939849846290	-0.001009923984742
8.886219220153986	-0.004055055110779
9.155498590461683	-0.006125151241827
9.424777960769379	-0.007319574690850
9.694057331077076	-0.007769556459347
9.963336701384772	-0.007622385947874
10.232616071692469	-0.007028317247569
10.501895442000166	-0.006130376962395
10.771174812307862	-0.005057032912294
11.040454182615559	-0.003917512456354
11.309733552923255	-0.002799441552962
11.579012923230952	-0.001768406330897
11.848292293538648	-0.000869011148763
12.117571663846345	-0.000127012942652
12.386851034154041	0.000447857201620
12.656130404461738	0.000858725865067
12.925409774769435	0.001118344557189
13.194689145077131	0.001246011935656
13.463968515384828	0.001264808869898
13.733247885692524	0.001199247195939
14.002527256000221	0.001073383070877
14.271806626307917	0.000909404468209
14.541085996615614	0.000726670146787
14.810365366923310	0.000541154249759
15.079644737231007	0.000365235879305
15.348924107538704	0.000207765510717
15.618203477846400	0.000074338699293
15.887482848154097	-0.000032289148566
16.156762218461793	-0.000111706448559
16.426041588769490	-0.000165318170279
16.695320959077186	-0.000195828248956
16.964600329384883	-0.000206762097768
17.233879699692579	-0.000202049926420
17.503159070000276	-0.000185682841696
17.772438440307972	-0.000161446279829
18.041717810615669	-0.000132729360000
18.310997180923366	-0.000102404283978
18.580276551231062	-0.000072766867593
18.849555921538759	-0.000045527531206
