0.000000000000000	0.000000000000000
0.171359599286716	0.156714331213476
0.342719198573432	0.284554543383991
0.514078797860148	0.384712452456473
0.685438397146864	0.458999005252513
0.856797996433580	0.509660655609143
1.028157595720296	0.539207879516763
1.199517195007012	0.550275324878896
1.370876794293728	0.545517657980104
1.542236393580444	0.527536632972411
1.713595992867160	0.498831626654947
1.884955592153876	0.461765849286543
2.056315191440592	0.418542039788625
2.227674790727308	0.371183584886644
2.399034390014025	0.321519012197480
2.570393989300741	0.271169355441830
2.741753588587457	0.221538847150399
2.913113187874173	0.173809777776505
3.084472787160889	0.128942283650746
3.255832386447605	0.087679454400280
3.427191985734321	0.050557656082271
3.598551585021037	0.017921494726657
3.769911184307753	-0.010057507423232
3.941270783594469	-0.033359641927125
4.112630382881185	-0.052094303273671
4.283989982167901	-0.066476900000719
4.455349581454617	-0.076806282678331
4.626709180741333	-0.083443381900015
4.798068780028049	-0.086791548608825
4.969428379314765	-0.087278911101402
5.140787978601481	-0.085342918044064
5.312147577888197	-0.081417126076876
5.483507177174913	-0.075920209964575
5.654866776461629	-0.069247116346484
5.826226375748345	-0.061762242391710
5.997585975035062	-0.053794492680674
6.168945574321778	-0.045634047638077
6.340305173608494	-0.037530662626366
6.511664772895210	-0.029693307355981
6.683024372181926	-0.022290950286887
6.854383971468642	-0.015454292188634
7.025743570755358	-0.009278256978764
7.197103170042074	-0.003825056161267
7.368462769328790	0.000872344824579
7.539822368615506	0.004806514942134
7.711181967902222	0.007991739806145
7.882541567188938	0.010460218282555
8.053901166475654	0.012258374516768
8.225260765762370	0.013443367258718
8.396620365049085	0.014079859897110
8.567979964335800	0.014237097367427
8.739339563622515	0.013986320376718
8.910699162909230	0.013398533391477
9.082058762195945	0.012542630663637
9.253418361482661	0.011483874248856
9.424777960769376	0.010282709468217
9.596137560056091	0.008993896504933
9.767497159342806	0.007665931706253
9.938856758629521	0.006340728550106
10.110216357916237	0.005053525992544
10.281575957202952	0.003832990881305
10.452935556489667	0.002701481141929
10.624295155776382	0.001675437352560
10.795654755063097	0.000765871960117
10.967014354349812	-0.000021072402618
11.138373953636528	-0.000683521410270
11.309733552923243	-0.001223247345250
11.481093152209958	-0.001645047125542
11.652452751496673	-0.001956136850642
11.823812350783388	-0.002165576566783
11.995171950070104	-0.002283735980375
12.166531549356819	-0.002321809055559
12.337891148643534	-0.002291382865188
12.509250747930249	-0.002204063757928
12.680610347216964	-0.002071161878544
12.851969946503679	-0.001903433344229
13.023329545790395	-0.001710877937543
13.194689145077110	-0.001502589019081
13.366048744363825	-0.001286651476561
13.537408343650540	-0.001070082892791
13.708767942937255	-0.000858812710237
13.880127542223970	-0.000657693969494
14.051487141510686	-0.000470542176026
14.222846740797401	-0.000300195976803
14.394206340084116	-0.000148594578836
14.565565939370831	-0.000016867189013
14.736925538657546	0.000094569825620
14.908285137944262	0.000185911888536
15.079644737230977	0.000257864608081
15.251004336517692	0.000311544438390
15.422363935804407	0.000348383924167
15.593723535091122	0.000370043358301
15.765083134377837	0.000378330220626
15.936442733664553	0.000375127341174
16.107802332951270	0.000362330347856
16.279161932237987	0.000341794620367
16.450521531524704	0.000315291681290
16.621881130811420	0.000284474712180
16.793240730098137	0.000250852685950
16.964600329384854	0.000215772455007
17.135959928671571	0.000180408024471
17.307319527958288	0.000145756167727
17.478679127245005	0.000112637503559
17.650038726531722	0.000081702145767
17.821398325818439	0.000053439053117
17.992757925105156	0.000028188245180
18.164117524391873	0.000006155103894
18.335477123678590	-0.000012573952605
18.506836722965307	-0.000028015061952
18.678196322252024	-0.000040270332627
18.849555921538741	-0.000049511556476
