0.000000000000000	1.000000000000000
0.171359599286716	0.829471052356174
0.342719198573432	0.663760026475214
0.514078797860148	0.506985920394274
0.685438397146864	0.362229352458168
0.856797996433580	0.231506222454784
1.028157595720296	0.115914061438175
1.199517195007012	0.015839928196059
1.370876794293728	-0.068839005999313
1.542236393580444	-0.138594662598827
1.713595992867160	-0.194134888416207
1.884955592153876	-0.236332029006769
2.056315191440592	-0.266181539506019
2.227674790727308	-0.284778088884335
2.399034390014025	-0.293298562097832
2.570393989300741	-0.292984606913223
2.741753588587457	-0.285120886388191
2.913113187874173	-0.271008285532660
3.084472787160889	-0.251933552729683
3.255832386447605	-0.229138064228346
3.427191985734321	-0.203788650524072
3.598551585021037	-0.176952955584272
3.769911184307753	-0.149580930927701
3.941270783594469	-0.122493099586738
4.112630382881185	-0.096375384373422
4.283989982167901	-0.071779701492472
4.455349581454617	-0.049129201123589
4.626709180741333	-0.028726952775777
4.798068780028049	-0.010766954999680
4.969428379314765	0.004653477812792
5.140787978601481	0.017520695736932
5.312147577888197	0.027891613445263
5.483507177174913	0.035880924756095
5.654866776461629	0.041648907629151
5.826226375748345	0.045390012741027
5.997585975035062	0.047322372786095
6.168945574321778	0.047678330851476
6.340305173608494	0.046696056387619
6.511664772895210	0.044612290829766
6.683024372181926	0.041656238931085
6.854383971468642	0.038044595667126
7.025743570755358	0.033977672919552
7.197103170042074	0.029636566455443
7.368462769328790	0.025181283431031
7.539822368615506	0.020749734847156
7.711181967902222	0.016457486613013
7.882541567188938	0.012398157141163
8.053901166475654	0.008644348274885
8.225260765762370	0.005248999134481
8.396620365049085	0.002247058331548
8.567979964335800	-0.000342621894669
8.739339563622515	-0.002515256472735
8.910699162909230	-0.004278039636790
9.082058762195945	-0.005648064027457
9.253418361482661	-0.006650301626026
9.424777960769376	-0.007315690965942
9.596137560056091	-0.007679365173334
9.767497159342806	-0.007779046181979
9.938856758629521	-0.007653622058055
10.110216357916237	-0.007341916833845
10.281575957202952	-0.006881655637589
10.452935556489667	-0.006308622244527
10.624295155776382	-0.005656001463928
10.795654755063097	-0.004953894998722
10.967014354349812	-0.004228996527763
11.138373953636528	-0.003504409708048
11.309733552923243	-0.002799591502890
11.481093152209958	-0.002130402629620
11.652452751496673	-0.001509246897404
11.823812350783388	-0.000945281680143
11.995171950070104	-0.000444682649584
12.166531549356819	-0.000010947091248
12.337891148643534	0.000354778442465
12.509250747930249	0.000653358797578
12.680610347216964	0.000887330177841
12.851969946503679	0.001060568663076
13.023329545790395	0.001177974861551
13.194689145077110	0.001245180643940
13.366048744363825	0.001268282375432
13.537408343650540	0.001253603653912
13.708767942937255	0.001207489294442
13.880127542223970	0.001136131185226
14.051487141510686	0.001045425684033
14.222846740797401	0.000940861427138
14.394206340084116	0.000827435781811
14.565565939370831	0.000709597680837
14.736925538657546	0.000591214223447
14.908285137944262	0.000475558199096
15.079644737230977	0.000365313575047
15.251004336517692	0.000262595971084
15.422363935804407	0.000168985209976
15.593723535091122	0.000085567165701
15.765083134377837	0.000012982318638
15.936442733664553	-0.000048521345626
16.107802332951270	-0.000099033201968
16.279161932237987	-0.000138924452157
16.450521531524704	-0.000168793749899
16.621881130811420	-0.000189415265799
16.793240730098137	-0.000201690206125
16.964600329384854	-0.000206602546573
17.135959928671571	-0.000205179508914
17.307319527958288	-0.000198457097588
17.478679127245005	-0.000187450827161
17.650038726531722	-0.000173131611220
17.821398325818439	-0.000156406648950
17.992757925105156	-0.000138105036895
18.164117524391873	-0.000118967749125
18.335477123678590	-0.000099641567595
18.506836722965307	-0.000080676504030
18.678196322252024	-0.000062526232883
18.849555921538741	-0.000045551049528
