0.000000000000000	0.000000000000000
0.628318530717959	0.437761872946542
1.256637061435917	0.551507890272133
1.884955592153876	0.462816316593639
2.513274122871834	0.288486004980588
3.141592653589793	0.114678768124855
3.769911184307752	-0.010636863578955
4.398229715025710	-0.074589298358160
5.026548245743669	-0.087607170462278
5.654866776461628	-0.069717258893257
6.283185307179586	-0.040376128555782
6.911503837897545	-0.013234460765366
7.539822368615503	0.005028384757187
8.168140899333462	0.013360759406161
8.796459430051421	0.014020148962549
9.424777960769379	0.010391671774420
10.053096491487338	0.005501876645009
10.681415022205297	0.001326402979231
11.309733552923255	-0.001281710817503
11.938052083641214	-0.002311617702393
12.566370614359172	-0.002205648985281
13.194689145077131	-0.001522727468642
13.823007675795090	-0.000725380781239
14.451326206513048	-0.000093287012254
15.079644737231007	0.000271009478434
15.707963267948966	0.000388746698572
16.336281798666924	0.000341284802941
16.964600329384883	0.000219012782368
17.592918860102841	0.000091479113923
18.221237390820800	-0.000002653598999
18.849555921538759	-0.000052207157641
