0.000000000000000	0.000000000000000
0.209439510239320	0.187589483815654
0.418879020478639	0.332394697980761
0.628318530717959	0.436984485760425
0.837758040957278	0.505127479225063
1.047197551196598	0.541307797135590
1.256637061435917	0.550324082723869
1.466076571675237	0.537004062761233
1.675516081914556	0.506019492476070
1.884955592153876	0.461770627975909
2.094395102393196	0.408311494843691
2.303834612632515	0.349296491550650
2.513274122871834	0.287938879128239
2.722713633111154	0.226979314785021
2.932153143350473	0.168666727567264
3.141592653589793	0.114754753512301
3.351032163829112	0.066515632897339
3.560471674068431	0.024771162048953
3.769911184307751	-0.010061934880550
3.979350694547070	-0.037916326566857
4.188790204786390	-0.059012722286309
4.398229715025709	-0.073797188699275
4.607669225265029	-0.082880677457132
4.817108735504349	-0.086983315332654
5.026548245743669	-0.086885062695870
5.235987755982989	-0.083383569784158
5.445427266222309	-0.077259487237339
5.654866776461628	-0.069249095261132
5.864306286700948	-0.060023859137557
6.073745796940268	-0.050176352516633
6.283185307179588	-0.040211880636803
6.492624817418908	-0.030545064001427
6.702064327658228	-0.021500600803044
6.911503837897548	-0.013317411477806
7.120943348136867	-0.006155380996530
7.330382858376187	-0.000103952720526
7.539822368615507	0.004808111327369
7.749261878854827	0.008602410204964
7.958701389094147	0.011340539989333
8.168140899333466	0.013114106596310
8.377580409572785	0.014035440995706
8.587019919812104	0.014229251938831
8.796459430051423	0.013825368854880
9.005898940290741	0.012952655033887
9.215338450530060	0.011734109603814
9.424777960769379	0.010283126397181
9.634217471008698	0.008700838330044
9.843656981248017	0.007074446760327
10.053096491487336	0.005476415583092
10.262536001726655	0.003964398520622
10.471975511965974	0.002581764033198
10.681415022205293	0.001358584314826
10.890854532444612	0.000312961739839
11.100294042683931	-0.000547423283845
11.309733552923250	-0.001223645926157
11.519173063162569	-0.001723840131263
11.728612573401888	-0.002061544071212
11.938052083641207	-0.002254145128489
12.147491593880526	-0.002321466927618
12.356931104119845	-0.002284527295194
12.566370614359164	-0.002164483827079
12.775810124598483	-0.001981773190214
12.985249634837801	-0.001755441488824
13.194689145077120	-0.001502655995591
13.404128655316439	-0.001238383230227
13.613568165555758	-0.000975214646734
13.823007675795077	-0.000723318911388
14.032447186034396	-0.000490498733349
14.241886696273715	-0.000282330251372
14.451326206513034	-0.000102363880963
14.660765716752353	0.000047632911127
14.870205226991672	0.000167408400660
15.079644737230991	0.000257950121062
15.289084247470310	0.000321211755703
15.498523757709629	0.000359853538470
15.707963267948948	0.000377003846779
15.917402778188267	0.000376047383470
16.126842288427586	0.000360443275889
16.336281798666906	0.000333574611822
16.545721308906227	0.000298629405167
16.755160819145548	0.000258511746241
16.964600329384869	0.000215780936639
17.174039839624189	0.000172615720792
17.383479349863510	0.000130800282446
17.592918860102831	0.000091728445607
17.802358370342152	0.000056422474423
18.011797880581472	0.000025562972115
18.221237390820793	-0.000000473397290
18.430676901060114	-0.000021571330027
18.640116411299434	-0.000037832043278
18.849555921538755	-0.000049528370674
