0.000000000000000	0.000000000000000
0.125663706143592	0.117778604419598
0.251327412287183	0.219909199436881
0.376991118430775	0.306748796654164
0.502654824574367	0.378860657534250
0.628318530717959	0.436977007431121
0.753982236861550	0.481959243645635
0.879645943005142	0.514760132234227
1.005309649148734	0.536390560623221
1.130973355292325	0.547891909592634
1.256637061435917	0.550314072619647
1.382300767579509	0.544698531119926
1.507964473723100	0.532065598533764
1.633628179866692	0.513404877462908
1.759291886010284	0.489668048325449
1.884955592153875	0.461763260364251
2.010619298297467	0.430550579657354
2.136283004441059	0.396838132363957
2.261946710584651	0.361378744571630
2.387610416728243	0.324867011105815
2.513274122871835	0.287936819276317
2.638937829015427	0.251159409460004
2.764601535159019	0.215042076103854
2.890265241302611	0.180027606299458
3.015928947446203	0.146494526230713
3.141592653589794	0.114758186731187
3.267256359733386	0.085072675621961
3.392920065876978	0.057633502892070
3.518583772020570	0.032580969848172
3.644247478164162	0.010004107907603
3.769911184307754	-0.010054942238683
3.895574890451346	-0.027596245249337
4.021238596594937	-0.042657209980532
4.146902302738529	-0.055307672714887
4.272566008882121	-0.065645030284427
4.398229715025713	-0.073789511661485
4.523893421169305	-0.079879659086071
4.649557127312897	-0.084068073025952
4.775220833456489	-0.086517460083935
4.900884539600081	-0.087397009836171
5.026548245743673	-0.086879115646878
5.152211951887264	-0.085136445670229
5.277875658030856	-0.082339363286897
5.403539364174448	-0.078653690828586
5.529203070318040	-0.074238806303358
5.654866776461632	-0.069246059657762
5.780530482605224	-0.063817492657063
5.906194188748816	-0.058084844547782
6.031857894892408	-0.052168824159414
6.157521601036000	-0.046178627925123
6.283185307179592	-0.040211682413280
6.408849013323183	-0.034353589346874
6.534512719466775	-0.028678250744906
6.660176425610367	-0.023248151752113
6.785840131753959	-0.018114778932176
6.911503837897551	-0.013319152279613
7.037167544041143	-0.008892449943002
7.162831250184735	-0.004856705624309
7.288494956328327	-0.001225559795587
7.414158662471919	0.001994952780583
7.539822368615511	0.004805595266017
7.665486074759102	0.007213115172043
7.791149780902694	0.009229437854391
7.916813487046286	0.010870878306747
8.042477193189878	0.012157380867579
8.168140899333469	0.013111794883880
8.293804605477060	0.013759192870025
8.419468311620651	0.014126236277465
8.545132017764242	0.014240592664344
8.670795723907833	0.014130406832478
8.796459430051424	0.013823827388142
8.922123136195015	0.013348589185628
9.047786842338606	0.012731651229144
9.173450548482197	0.011998888838013
9.299114254625788	0.011174838219569
9.424777960769379	0.010282491039602
9.550441666912970	0.009343136126919
9.676105373056561	0.008376245090824
9.801769079200152	0.007399398361954
9.927432785343743	0.006428247981298
10.053096491487334	0.005476513352297
10.178760197630925	0.004556006129613
10.304423903774516	0.003676680437965
10.430087609918107	0.002846704688085
10.555751316061698	0.002072551376980
10.681415022205289	0.001359101419187
10.807078728348881	0.000709759747549
10.932742434492472	0.000126579139727
11.058406140636063	-0.000389610536180
11.184069846779654	-0.000839070212624
11.309733552923245	-0.001223018946688
11.435397259066836	-0.001543502710958
11.561060965210427	-0.001803266422975
11.686724671354018	-0.002005630727739
11.812388377497609	-0.002154374798369
11.938052083641200	-0.002253626181339
12.063715789784791	-0.002307758487009
12.189379495928382	-0.002321297515280
12.315043202071973	-0.002298836211504
12.440706908215564	-0.002244958670185
12.566370614359155	-0.002164173244271
12.692034320502746	-0.002060854676004
12.817698026646337	-0.001939195041574
12.943361732789928	-0.001803163195719
13.069025438933519	-0.001656472313529
13.194689145077110	-0.001502555054284
13.320352851220701	-0.001344545815320
13.446016557364292	-0.001185269501677
13.571680263507883	-0.001027236208535
13.697343969651474	-0.000872641197018
13.823007675795065	-0.000723369538671
13.948671381938656	-0.000581004808455
14.074335088082247	-0.000446841219372
14.199998794225838	-0.000321898612470
14.325662500369429	-0.000206939742899
14.451326206513020	-0.000102489334699
14.576989912656611	-0.000008854413072
14.702653618800202	0.000073854538057
14.828317324943793	0.000145702004189
14.953981031087384	0.000206905822733
15.079644737230975	0.000257815845596
15.205308443374566	0.000298893165007
15.330972149518157	0.000330690143964
15.456635855661748	0.000353831452205
15.582299561805339	0.000368996270042
15.707963267948930	0.000376901785857
15.833626974092521	0.000378288079084
15.959290680236112	0.000373904449084
16.084954386379703	0.000364497221790
16.210618092523294	0.000350799040301
16.336281798666885	0.000333519622919
16.461945504810476	0.000313337952299
16.587609210954067	0.000290895842469
16.713272917097658	0.000266792816344
16.838936623241249	0.000241582214905
16.964600329384840	0.000215768450250
17.090264035528431	0.000189805308153
17.215927741672022	0.000164095201346
17.341591447815613	0.000138989272340
17.467255153959204	0.000114788243910
17.592918860102795	0.000091743916380
17.718582566246386	0.000070061213117
17.844246272389977	0.000049900679198
17.969909978533568	0.000031381342694
18.095573684677159	0.000014583853347
18.221237390820750	-0.000000446180614
18.346901096964341	-0.000013694730403
18.472564803107932	-0.000025175825409
18.598228509251523	-0.000034928031945
18.723892215395114	-0.000043010984167
18.849555921538705	-0.000049502012434
