0.000000000000000	0.000000000000000
0.134639685153848	0.125589723066466
0.269279370307697	0.233240134736620
0.403919055461545	0.323418762537629
0.538558740615393	0.396858161649873
0.673198425769241	0.454502310499147
0.807838110923090	0.497450820624899
0.942477796076938	0.526907434863082
1.077117481230786	0.544136141320960
1.211757166384634	0.550425911783001
1.346396851538483	0.547063594657319
1.481036536692331	0.535313711036737
1.615676221846179	0.516403625960531
1.750315907000028	0.491512615774600
1.884955592153876	0.461763583510468
2.019595277307724	0.428216484203875
2.154234962461572	0.391862841670537
2.288874647615421	0.353621023888505
2.423514332769269	0.314332171189094
2.558154017923117	0.274756829293445
2.692793703076966	0.235572427704138
2.827433388230814	0.197371770708481
2.962073073384662	0.160662686200245
3.096712758538510	0.125868922401520
3.231352443692359	0.093332310462341
3.365992128846207	0.063316136215869
3.500631814000055	0.036009598249749
3.635271499153903	0.011533179152667
3.769911184307752	-0.010055274404504
3.904550869461600	-0.028753979266414
4.039190554615448	-0.044610363232342
4.173830239769297	-0.057714127521431
4.308469924923145	-0.068190394197211
4.443109610076993	-0.076193079052401
4.577749295230841	-0.081898600222251
4.712388980384690	-0.085500004224444
4.847028665538538	-0.087201565751806
4.981668350692386	-0.087213896099981
5.116308035846235	-0.085749577704300
5.250947721000083	-0.083019328579059
5.385587406153931	-0.079228689957186
5.520227091307779	-0.074575222495262
5.654866776461628	-0.069246190438608
5.789506461615476	-0.063416708623051
5.924146146769324	-0.057248323731590
6.058785831923172	-0.050887998554061
6.193425517077021	-0.044467465950414
6.328065202230869	-0.038102917709344
6.462704887384717	-0.031894992493617
6.597344572538566	-0.025929026570076
6.731984257692414	-0.020275531042029
6.866623942846262	-0.014990859833649
7.001263628000110	-0.010118033703594
7.135903313153959	-0.005687687052994
7.270542998307807	-0.001719106188255
7.405182683461655	0.001778670065245
7.539822368615503	0.004805714002323
7.674462053769352	0.007370060848234
7.809101738923200	0.009486569864893
7.943741424077048	0.011175813048846
8.078381109230897	0.012463006915645
8.213020794384745	0.013377000145892
8.347660479538593	0.013949327274201
8.482300164692441	0.014213336167031
8.616939849846290	0.014203394782887
8.751579535000138	0.013954180655058
8.886219220153986	0.013500054691875
9.020858905307835	0.012874519256391
9.155498590461683	0.012109759065397
9.290138275615531	0.011236262232700
9.424777960769379	0.010282517766319
9.559417645923228	0.009274785004696
9.694057331077076	0.008236929832141
9.828697016230924	0.007190322036400
9.963336701384772	0.006153787848242
10.097976386538621	0.005143611520461
10.232616071692469	0.004173579747172
10.367255756846317	0.003255062779215
10.501895442000166	0.002397126243116
10.636535127154014	0.001606667904889
10.771174812307862	0.000888573921889
10.905814497461710	0.000245889482385
11.040454182615559	-0.000320000869356
11.175093867769407	-0.000809187496836
11.309733552923255	-0.001223048351743
11.444373238077103	-0.001564063443559
11.579012923230952	-0.001835634015659
11.713652608384800	-0.002041908897932
11.848292293538648	-0.002187620073080
11.982931978692497	-0.002277929080928
12.117571663846345	-0.002318285496805
12.252211349000193	-0.002314298359720
12.386851034154041	-0.002271621096410
12.521490719307890	-0.002195850189897
12.656130404461738	-0.002092437577144
12.790770089615586	-0.001966616529802
12.925409774769435	-0.001823340574737
13.060049459923283	-0.001667234846049
13.194689145077131	-0.001502559126425
13.329328830230979	-0.001333181731220
13.463968515384828	-0.001162563311685
13.598608200538676	-0.000993749602166
13.733247885692524	-0.000829372107435
13.867887570846372	-0.000671655718348
14.002527256000221	-0.000522432254113
14.137166941154069	-0.000383158955281
14.271806626307917	-0.000254940990660
14.406446311461766	-0.000138557091375
14.541085996615614	-0.000034487484046
14.675725681769462	0.000057056639585
14.810365366923310	0.000136102809182
14.945005052077159	0.000202886738162
15.079644737231007	0.000257822107256
15.214284422384855	0.000301471140526
15.348924107538704	0.000334516372329
15.483563792692552	0.000357733933312
15.618203477846400	0.000371968616495
15.752843163000248	0.000378110921464
15.887482848154097	0.000377076216246
16.022122533307943	0.000369786102993
16.156762218461793	0.000357152025431
16.291401903615643	0.000340061113302
16.426041588769493	0.000319364221713
16.560681273923343	0.000295866091462
16.695320959077193	0.000270317529799
16.829960644231043	0.000243409489526
16.964600329384893	0.000215768907573
17.099240014538744	0.000187956151889
17.233879699692594	0.000160463917278
17.368519384846444	0.000133717406373
17.503159070000294	0.000108075630772
17.637798755154144	0.000083833669227
17.772438440307994	0.000061225724051
17.907078125461844	0.000040428823462
18.041717810615694	0.000021567025781
18.176357495769544	0.000004715991069
18.310997180923394	-0.000010092203494
18.445636866077244	-0.000022864116751
18.580276551231094	-0.000033639965561
18.714916236384944	-0.000042488703867
18.849555921538794	-0.000049503234993
