0.000000000000000	0.000000000000000
0.942477796076938	0.532951903787889
1.884955592153876	0.468674372702314
2.827433388230814	0.200130560678801
3.769911184307752	-0.012401200588676
4.712388980384690	-0.089971952692230
5.654866776461628	-0.072471766405053
6.597344572538566	-0.026666437776591
7.539822368615503	0.005799326009871
8.482300164692441	0.015554548138618
9.424777960769379	0.011071859115046
10.367255756846317	0.003351938012480
11.309733552923255	-0.001507229626393
12.252211349000193	-0.002624153754994
13.194689145077131	-0.001658238251300
14.137166941154069	-0.000385257753753
15.079644737231007	0.000326107047981
16.022122533307943	0.000433013864009
16.964600329384879	0.000242949532988
17.907078125461815	0.000037201903581
18.849555921538752	-0.000064318407130
