0.000000000000000	1.000000000000000
0.471238898038469	0.545134201310971
0.942477796076938	0.171665067312003
1.413716694115407	-0.087876827951254
1.884955592153876	-0.236640201053358
2.356194490192345	-0.292384268137186
2.827433388230814	-0.279066331742712
3.298672286269283	-0.223206391227949
3.769911184307752	-0.149671641022001
4.241150082346221	-0.077736452058864
4.712388980384690	-0.019321628078150
5.183627878423159	0.020504925913351
5.654866776461628	0.041820425679599
6.126105674500097	0.047874774546368
6.597344572538566	0.043339451817487
7.068583470577035	0.032973529092518
7.539822368615503	0.020766831171494
8.011061266653972	0.009533099775389
8.482300164692440	0.000860495033092
8.953539062730908	-0.004704756811527
9.424777960769376	-0.007361913529809
9.896016858807844	-0.007741031437307
10.367255756846312	-0.006631661347332
10.838494654884780	-0.004785694525933
11.309733552923248	-0.002800759510739
11.780972450961716	-0.001074219314017
12.252211349000184	0.000190725669894
12.723450247038652	0.000947456924360
13.194689145077120	0.001255239984907
13.665928043115589	0.001229153730867
14.137166941154057	0.000999118195851
14.608405839192525	0.000681728455883
15.079644737230993	0.000364983255677
15.550883635269461	0.000103721544592
16.022122533307929	-0.000077460778240
16.493361431346397	-0.000177130304936
16.964600329384865	-0.000208566760729
17.435839227423333	-0.000191928217745
17.907078125461801	-0.000148162522571
18.378317023500269	-0.000095067933326
18.849555921538737	-0.000045380878640
