0.000000000000000	0.000000000000000
0.144996584011837	0.134503380229112
0.289993168023673	0.248235705523250
0.434989752035510	0.341821037128773
0.579986336047346	0.416229137166911
0.724982920059183	0.472696694647824
0.869979504071020	0.512647735750559
1.014976088082856	0.537622605534859
1.159972672094693	0.549219665161569
1.304969256106529	0.549050248971099
1.449965840118366	0.538705356208343
1.594962424130203	0.519731654992049
1.739959008142039	0.493614257418592
1.884955592153876	0.461764053280774
2.029952176165712	0.425507923591203
2.174948760177549	0.386080732302100
2.319945344189386	0.344618515601522
2.464941928201222	0.302152697946493
2.609938512213059	0.259605439767362
2.754935096224895	0.217786364318882
2.899931680236732	0.177390938188281
3.044928264248568	0.139000720092871
3.189924848260405	0.103085579228049
3.334921432272242	0.070007850146383
3.479918016284078	0.040028263170397
3.624914600295915	0.013313386707441
3.769911184307751	-0.010055749406766
3.914907768319588	-0.030074210309156
4.059904352331425	-0.046803249708627
4.204900936343262	-0.060360269325958
4.349897520355099	-0.070908927530535
4.494894104366936	-0.078649627294366
4.639890688378773	-0.083810559326606
4.784887272390610	-0.086639425837210
4.929883856402447	-0.087395926629686
5.074880440414284	-0.086345053252292
5.219877024426121	-0.083751208613542
5.364873608437958	-0.079873147897515
5.509870192449795	-0.074959720553234
5.654866776461632	-0.069246381293322
5.799863360473469	-0.062952429287425
5.944859944485306	-0.056278928193591
6.089856528497143	-0.049407254726709
6.234853112508980	-0.042498219751014
6.379849696520817	-0.035691703223131
6.524846280532654	-0.029106742643100
6.669842864544491	-0.022842013992135
6.814839448556328	-0.016976644457556
6.959836032568165	-0.011571297555557
7.104832616580002	-0.006669473511719
7.249829200591839	-0.002298970855716
7.394825784603676	0.001526540997055
7.539822368615513	0.004805884020648
7.684818952627350	0.007548709767984
7.829815536639187	0.009773849506604
7.974812120651024	0.011507707221392
8.119808704662860	0.012782721342326
8.264805288674697	0.013635916154520
8.409801872686534	0.014107559198523
8.554798456698371	0.014239936638078
8.699795040710208	0.014076254607210
8.844791624722045	0.013659670977715
8.989788208733883	0.013032458826861
9.134784792745720	0.012235300136528
9.279781376757557	0.011306705913524
9.424777960769394	0.010282556973630
9.569774544781231	0.009195758061156
9.714771128793068	0.008075996759282
9.859767712804905	0.006949597759155
10.004764296816742	0.005839462470017
10.149760880828579	0.004765083639513
10.294757464840416	0.003742624582449
10.439754048852253	0.002785052756942
10.584750632864090	0.001902317748395
10.729747216875927	0.001101564193773
10.874743800887764	0.000387370772155
11.019740384899601	-0.000237992925414
11.164736968911438	-0.000774299078977
11.309733552923275	-0.001223090509381
11.454730136935112	-0.001587411547697
11.599726720946949	-0.001871545893669
11.744723304958786	-0.002080765642306
11.889719888970623	-0.002221094875196
12.034716472982460	-0.002299090469810
12.179713056994297	-0.002321642085310
12.324709641006134	-0.002295792644181
12.469706225017971	-0.002228580050408
12.614702809029808	-0.002126900369964
12.759699393041645	-0.001997392249593
12.904695977053482	-0.001846341965226
13.049692561065319	-0.001679608170480
13.194689145077156	-0.001502565156354
13.339685729088993	-0.001320063232095
13.484682313100830	-0.001136404690337
13.629678897112667	-0.000955333722631
13.774675481124504	-0.000780038599488
13.919672065136341	-0.000613164416969
14.064668649148178	-0.000456834734632
14.209665233160015	-0.000312680482016
14.354661817171852	-0.000181874587872
14.499658401183689	-0.000065170883196
14.644654985195526	0.000037054058832
14.789651569207363	0.000124757359827
14.934648153219200	0.000198185633743
15.079644737231037	0.000257831094868
15.224641321242874	0.000304388791885
15.369637905254711	0.000338715651504
15.514634489266548	0.000361791887585
15.659631073278385	0.000374685210421
15.804627657290222	0.000378518157437
15.949624241302059	0.000374438762275
16.094620825313896	0.000363594684685
16.239617409325732	0.000347110839510
16.384613993337567	0.000326070489549
16.529610577349402	0.000301499704136
16.674607161361237	0.000274355032782
16.819603745373072	0.000245514200740
16.964600329384908	0.000215769600397
17.109596913396743	0.000185824328278
17.254593497408578	0.000156290501504
17.399590081420413	0.000127689578912
17.544586665432249	0.000100454410004
17.689583249444084	0.000074932738464
17.834579833455919	0.000051391895490
17.979576417467754	0.000030024430630
18.124573001479590	0.000010954443592
18.269569585491425	-0.000005755601292
18.414566169503260	-0.000020097776231
18.559562753515095	-0.000032111483831
18.704559337526931	-0.000041876298919
18.849555921538766	-0.000049504991701
