0.000000000000000	1.000000000000000
0.125663706143592	0.874665292946700
0.251327412287183	0.751267155795467
0.376991118430775	0.631576200073480
0.502654824574367	0.517092483948852
0.628318530717959	0.409002009705295
0.753982236861550	0.308177454921135
0.879645943005142	0.215206519997147
1.005309649148734	0.130434093425640
1.130973355292325	0.054008155541578
1.256637061435917	-0.014077055796454
1.382300767579509	-0.073944125548163
1.507964473723100	-0.125803114520029
1.633628179866692	-0.169929664028085
1.759291886010284	-0.206649577219463
1.884955592153875	-0.236328488532913
2.010619298297467	-0.259365125993853
2.136283004441059	-0.276186766344625
2.261946710584651	-0.287245701979009
2.387610416728243	-0.293015822665867
2.513274122871835	-0.293988719457218
2.638937829015427	-0.290669008629571
2.764601535159019	-0.283568824447421
2.890265241302611	-0.273201624017796
3.015928947446203	-0.260075577311070
3.141592653589794	-0.244686880707375
3.267256359733386	-0.227513340469581
3.392920065876978	-0.209008535697933
3.518583772020570	-0.189596803516016
3.644247478164162	-0.169669207507603
3.769911184307754	-0.149580566911450
3.895574890451346	-0.129647548762962
4.021238596594937	-0.110147764365498
4.146902302738529	-0.091319768012584
4.272566008882121	-0.073363829741049
4.398229715025713	-0.056443343041857
4.523893421169305	-0.040686729717770
4.649557127312897	-0.026189713891553
4.775220833456489	-0.013017852138647
4.900884539600081	-0.001209223967191
5.026548245743673	0.009222795793083
5.152211951887264	0.018286745177757
5.277875658030856	0.026010312595607
5.403539364174448	0.032437641184526
5.529203070318040	0.037626728773336
5.654866776461632	0.041646945572962
5.780530482605224	0.044576686785805
5.906194188748816	0.046501173624024
6.031857894892408	0.047510413340980
6.157521601036000	0.047697326457604
6.283185307179592	0.047156047154643
6.408849013323183	0.045980400645127
6.534512719466775	0.044262559165920
6.660176425610367	0.042091876025322
6.785840131753959	0.039553894953442
6.911503837897551	0.036729529886624
7.037167544041143	0.033694408348152
7.162831250184735	0.030518369831543
7.288494956328327	0.027265109102987
7.414158662471919	0.023991953151001
7.539822368615511	0.020749759639731
7.665486074759102	0.017582924165318
7.791149780902694	0.014529483355187
7.916813487046286	0.011621300859884
8.042477193189878	0.008884323531064
8.168140899333469	0.006338895518954
8.293804605477060	0.004000118619367
8.419468311620651	0.001878247917407
8.545132017764242	-0.000020887420965
8.670795723907833	-0.001695447496332
8.796459430051424	-0.003147137553698
8.922123136195015	-0.004380763873981
9.047786842338606	-0.005403796257380
9.173450548482197	-0.006225942788562
9.299114254625788	-0.006858741712456
9.424777960769379	-0.007315174423677
9.550441666912970	-0.007609302788803
9.676105373056561	-0.007755933284157
9.801769079200152	-0.007770309746407
9.927432785343743	-0.007667835902382
10.053096491487334	-0.007463828270175
10.178760197630925	-0.007173299507356
10.304423903774516	-0.006810771824575
10.430087609918107	-0.006390119683836
10.555751316061698	-0.005924440659513
10.681415022205289	-0.005425953055107
10.807078728348881	-0.004905918637727
10.932742434492472	-0.004374588672534
11.058406140636063	-0.003841171307749
11.184069846779654	-0.003313818273627
11.309733552923245	-0.002799628812306
11.435397259066836	-0.002304668745427
11.561060965210427	-0.001834002608860
11.686724671354018	-0.001391736834499
11.812388377497609	-0.000981072033861
11.938052083641200	-0.000604362533078
12.063715789784791	-0.000263181420037
12.189379495928382	0.000041610511749
12.315043202071973	0.000309793404756
12.440706908215564	0.000541715907411
12.566370614359155	0.000738222872410
12.692034320502746	0.000900584239755
12.817698026646337	0.001030426018452
12.943361732789928	0.001129664141825
13.069025438933519	0.001200441837229
13.194689145077110	0.001245071023258
13.320352851220701	0.001265978127251
13.446016557364292	0.001265654604031
13.571680263507883	0.001246612334009
13.697343969651474	0.001211343985435
13.823007675795065	0.001162288342016
13.948671381938656	0.001101800523420
14.074335088082247	0.001032126962215
14.199998794225838	0.000955384946427
14.325662500369429	0.000873546491775
14.451326206513020	0.000788426271320
14.576989912656611	0.000701673302308
14.702653618800202	0.000614766069710
14.828317324943793	0.000529010752930
14.953981031087384	0.000445542215485
15.079644737230975	0.000365327416741
15.205308443374566	0.000289170909104
15.330972149518157	0.000217722092936
15.456635855661748	0.000151483914113
15.582299561805339	0.000090822704953
15.707963267948930	0.000035978887656
15.833626974092521	-0.000012921720220
15.959290680236112	-0.000055856236889
16.084954386379703	-0.000092892899931
16.210618092523294	-0.000124179294870
16.336281798666885	-0.000149930797892
16.461945504810476	-0.000170419378695
16.587609210954067	-0.000185962886868
16.713272917097658	-0.000196914923493
16.838936623241249	-0.000203655378958
16.964600329384840	-0.000206581698529
17.090264035528431	-0.000206100919203
17.215927741672022	-0.000202622504758
17.341591447815613	-0.000196551990942
17.467255153959204	-0.000188285439297
17.592918860102795	-0.000178204686332
17.718582566246386	-0.000166673364532
17.844246272389977	-0.000154033663012
17.969909978533568	-0.000140603788499
18.095573684677159	-0.000126676081560
18.221237390820750	-0.000112515738609
18.346901096964341	-0.000098360087116
18.472564803107932	-0.000084418359417
18.598228509251523	-0.000070871909603
18.723892215395114	-0.000057874817955
18.849555921538705	-0.000045554828198
