0.000000000000000	0.000000000000000
0.117809724509617	0.110878324987071
0.235619449019234	0.207988445962499
0.353429173528852	0.291607590893045
0.471238898038469	0.362175691270514
0.589048622548086	0.420268930261058
0.706858347057703	0.466570901146475
0.824668071567321	0.501844526981043
0.942477796076938	0.526906687356396
1.060287520586555	0.542606513489625
1.178097245096172	0.549807592343191
1.295906969605790	0.549373850261540
1.413716694115407	0.542158623455790
1.531526418625024	0.528996314577651
1.649336143134641	0.510696032741864
1.767145867644259	0.488036678265430
1.884955592153876	0.461763032240567
2.002765316663493	0.432582522617323
2.120575041173110	0.401162447484778
2.238384765682727	0.368127532808116
2.356194490192344	0.334057780167968
2.474004214701961	0.299486617346000
2.591813939211578	0.264899400633687
2.709623663721195	0.230732334132112
2.827433388230812	0.197371871079349
2.945243112740429	0.165154649303788
3.063052837250046	0.134367991562169
3.180862561759663	0.105250975999812
3.298672286269280	0.077996056000309
3.416482010778897	0.052751185232407
3.534291735288514	0.029622384790993
3.652101459798131	0.008676676068894
3.769911184307748	-0.010054704349270
3.887720908817365	-0.026572893310604
4.005530633326982	-0.040907875944387
4.123340357836599	-0.053114923058304
4.241150082346216	-0.063271058611023
4.358959806855833	-0.071471614694183
4.476769531365450	-0.077826920972695
4.594579255875067	-0.082459165372746
4.712388980384684	-0.085499453463017
4.830198704894301	-0.087085085734554
4.948008429403918	-0.087357064967660
5.065818153913535	-0.086457840070831
5.183627878423152	-0.084529288091047
5.301437602932769	-0.081710932380267
5.419247327442386	-0.078138391993948
5.537057051952003	-0.073942055130485
5.654866776461621	-0.069245967650296
5.772676500971238	-0.064166926320141
5.890486225480855	-0.058813765321300
6.008295949990472	-0.053286823676012
6.126105674500089	-0.047677580545174
6.243915399009706	-0.042068444810440
6.361725123519323	-0.036532684966802
6.479534848028940	-0.031134485116463
6.597344572538557	-0.025929112773069
6.715154297048174	-0.020963184258597
6.832964021557791	-0.016275013701860
6.950773746067408	-0.011895032022293
7.068583470577025	-0.007846262795384
7.186393195086642	-0.004144842532808
7.304202919596259	-0.000800573653651
7.422012644105876	0.002182500746616
7.539822368615493	0.004805510326297
7.657632093125110	0.007074168181872
7.775441817634727	0.008998186874785
7.893251542144344	0.010590706915026
8.011061266653961	0.011867743851982
8.128870991163579	0.012847659183047
8.246680715673197	0.013550659386218
8.364490440182815	0.013998326523785
8.482300164692433	0.014213183057499
8.600109889202050	0.014218292766402
8.717919613711668	0.014036898970455
8.835729338221286	0.013692100638059
8.953539062730904	0.013206566394471
9.071348787240522	0.012602285950602
9.189158511750140	0.011900358036791
9.306968236259758	0.011120813552140
9.424777960769376	0.010282472324614
9.542587685278994	0.009402831617702
9.660397409788612	0.008497984312992
9.778207134298230	0.007582564541249
9.896016858807847	0.006669718423968
10.013826583317465	0.005771097519287
10.131636307827083	0.004896872536772
10.249446032336701	0.004055764891075
10.367255756846319	0.003255093701004
10.485065481355937	0.002500835904167
10.602875205865555	0.001797697244398
10.720684930375173	0.001149191995880
10.838494654884791	0.000557729410664
10.956304379394409	0.000024705011897
11.074114103904027	-0.000449404999835
11.191923828413644	-0.000864947807904
11.309733552923262	-0.001222997934037
11.427543277432880	-0.001525262353982
11.545353001942498	-0.001773987886549
11.663162726452116	-0.001971871814771
11.780972450961734	-0.002121976549030
11.898782175471352	-0.002227648999099
12.016591899980970	-0.002292445186268
12.134401624490588	-0.002320060499154
12.252211349000206	-0.002314265878055
12.370021073509823	-0.002278850103534
12.487830798019441	-0.002217568265543
12.605640522529059	-0.002134096400064
12.723450247038677	-0.002031992201072
12.841259971548295	-0.001914661646386
12.959069696057913	-0.001785331316619
13.076879420567531	-0.001647026136507
13.194689145077149	-0.001502552227081
13.312498869586767	-0.001354484524957
13.430308594096385	-0.001205158800850
13.548118318606003	-0.001056667692801
13.665928043115620	-0.000910860359833
13.783737767625238	-0.000769345358200
13.901547492134856	-0.000633496344502
14.019357216644474	-0.000504460216917
14.137166941154092	-0.000383167317128
14.254976665663710	-0.000270343330515
14.372786390173328	-0.000166522540262
14.490596114682946	-0.000072062111566
14.608405839192564	0.000012842895324
14.726215563702182	0.000088144060577
14.844025288211800	0.000153923941183
14.961835012721417	0.000210380435239
15.079644737231035	0.000257811375521
15.197454461740653	0.000296599528321
15.315264186250271	0.000327198148709
15.433073910759889	0.000350117219275
15.550883635269507	0.000365910476355
15.668693359779125	0.000375163305907
15.786503084288743	0.000378481570663
15.904312808798361	0.000376481411193
16.022122533307979	0.000369780046004
16.139932257817595	0.000358987579981
16.257741982327211	0.000344699816214
16.375551706836827	0.000327492053721
16.493361431346443	0.000307913842601
16.611171155856059	0.000286484658807
16.728980880365675	0.000263690452900
16.846790604875292	0.000239981020787
16.964600329384908	0.000215768139485
17.082410053894524	0.000191424407258
17.200219778404140	0.000167282725024
17.318029502913756	0.000143636354542
17.435839227423372	0.000120739488518
17.553648951932988	0.000098808268289
17.671458676442604	0.000078022186027
17.789268400952221	0.000058525810391
17.907078125461837	0.000040430777120
18.024887849971453	0.000023817989092
18.142697574481069	0.000008739973784
18.260507298990685	-0.000004776650170
18.378317023500301	-0.000016728641724
18.496126748009917	-0.000027133581739
18.613936472519534	-0.000036027329035
18.731746197029150	-0.000043461520130
18.849555921538766	-0.000049501140503
