0.000000000000000	0.000000000000000
0.104719755119660	0.099241730958319
0.209439510239320	0.187586666382921
0.314159265358979	0.265209290135851
0.418879020478639	0.332389035529859
0.523598775598299	0.389496265481936
0.628318530717959	0.436976447312811
0.733038285837618	0.475334123744578
0.837758040957278	0.505117783085736
0.942477796076938	0.526906293739581
1.047197551196598	0.541297217735822
1.151917306316258	0.548897060601567
1.256637061435917	0.550313342844241
1.361356816555577	0.546148277220592
1.466076571675237	0.536993789484960
1.570796326794896	0.523427613034825
1.675516081914556	0.506010206674395
1.780235837034216	0.485282279145190
1.884955592153875	0.461762746201162
1.989675347273535	0.435946990056679
2.094395102393195	0.408305332953575
2.199114857512855	0.379281673671050
2.303834612632515	0.349292266386233
2.408554367752175	0.318724644566225
2.513274122871834	0.287936708390192
2.617993877991494	0.257256002959138
2.722713633111154	0.226979217068314
2.827433388230814	0.197371929708925
2.932153143350474	0.168668625023531
3.036872898470134	0.141072987508361
3.141592653589794	0.114758479121656
3.246312408709454	0.089869189754175
3.351032163829114	0.066520943161565
3.455751918948774	0.044802632609131
3.560471674068434	0.024777754537270
3.665191429188094	0.006486104678485
3.769911184307754	-0.010054400800947
3.874630939427413	-0.024845816599308
3.979350694547073	-0.037908208000725
4.084070449666733	-0.049277672353367
4.188790204786392	-0.059004372183287
4.293509959906052	-0.067150605898857
4.398229715025711	-0.073788937940280
4.502949470145371	-0.079000406186192
4.607669225265030	-0.082872820617885
4.712388980384690	-0.085499163776121
4.817108735504349	-0.086976100488685
4.921828490624009	-0.087402601719922
5.026548245743668	-0.086878685185364
5.131268000863328	-0.085504273552434
5.235987755982987	-0.083378169566210
5.340707511102647	-0.080597146245919
5.445427266222306	-0.077255149341805
5.550147021341965	-0.073442608476116
5.654866776461625	-0.069245852775297
5.759586531581284	-0.064746626300356
5.864306286700944	-0.060021698173533
5.969026041820603	-0.055142561964328
6.073745796940263	-0.050175218625146
6.178465552059922	-0.045180037049897
6.283185307179582	-0.040211686164961
6.387905062299241	-0.035319132350406
6.492624817418901	-0.030545695930732
6.597344572538560	-0.025929160469388
6.702064327658220	-0.021501928649938
6.806784082777879	-0.017291218628402
6.911503837897539	-0.013319294893785
7.016223593017198	-0.009603727874002
7.120943348136858	-0.006157676768021
7.225663103256517	-0.002990190366625
7.330382858376177	-0.000106520937981
7.435102613495836	0.002491553406285
7.539822368615495	0.004805402090041
7.644542123735155	0.006839215050433
7.749261878854814	0.008599678789756
7.853981633974474	0.010095658596865
7.958701389094133	0.011337889657474
8.063421144213793	0.012338679404761
8.168140899333453	0.013111623105524
8.272860654453114	0.013671334335888
8.377580409572774	0.014033191676606
8.482300164692434	0.014213102653200
8.587019919812095	0.014227285661975
8.691739674931755	0.014092070360104
8.796459430051415	0.013823716757137
8.901179185171076	0.013438253026610
9.005898940290736	0.012951331859815
9.110618695410396	0.012378105008970
9.215338450530057	0.011733115513478
9.320058205649717	0.011030206970104
9.424777960769378	0.010282449094876
9.529497715889038	0.009502078730521
9.634217471008698	0.008700455377286
9.738937226128359	0.007888030266080
9.843656981248019	0.007074327949840
9.948376736367679	0.006267939360838
10.053096491487340	0.005476525267060
10.157816246607000	0.004706829058698
10.262536001726660	0.003964697804925
10.367255756846321	0.003255110540348
10.471975511965981	0.002582212768660
10.576695267085642	0.001949356206836
10.681415022205302	0.001359142835675
10.786134777324962	0.000813472370446
10.890854532444623	0.000313592317841
10.995574287564283	-0.000139850158659
11.100294042683943	-0.000546755284414
11.205013797803604	-0.000907517289478
11.309733552923264	-0.001222971192883
11.414453308042924	-0.001494340292273
11.519173063162585	-0.001723184835140
11.623892818282245	-0.001911352288190
11.728612573401906	-0.002060929563351
11.833332328521566	-0.002174197502904
11.938052083641226	-0.002253587872603
12.042771838760887	-0.002301643060832
12.147491593880547	-0.002320978633967
12.252211349000207	-0.002314248853471
12.356931104119868	-0.002284115218939
12.461650859239528	-0.002233218063453
12.566370614359188	-0.002164151193213
12.671090369478849	-0.002079439532572
12.775810124598509	-0.001981519708186
12.880529879718170	-0.001872723482012
12.985249634837830	-0.001755263922246
13.089969389957490	-0.001631224183823
13.194689145077151	-0.001502548755740
13.299408900196811	-0.001371037020986
13.404128655316471	-0.001238338966138
13.508848410436132	-0.001105952871544
13.613568165555792	-0.000975224809191
13.718287920675452	-0.000847349773774
13.823007675795113	-0.000723374272812
13.927727430914773	-0.000604200203827
14.032447186034434	-0.000490589850275
14.137166941154094	-0.000383171833046
14.241886696273754	-0.000282447860620
14.346606451393415	-0.000188800128256
14.451326206513075	-0.000102499224715
14.556045961632735	-0.000023712413824
14.660765716752396	0.000047487832550
14.765485471872056	0.000111115163857
14.870205226991716	0.000167260646446
14.974924982111377	0.000216084119269
15.079644737231037	0.000257805693639
15.184364492350698	0.000292697471163
15.289084247470358	0.000321075544289
15.393804002590018	0.000343292334582
15.498523757709679	0.000359729314868
15.603243512829339	0.000370790152755
15.707963267948999	0.000376894304991
15.812683023068660	0.000378471084434
15.917402778188320	0.000375954214395
16.022122533307979	0.000369776878512
16.126842288427639	0.000360367268407
16.231562043547299	0.000348144625926
16.336281798666960	0.000333515771974
16.441001553786620	0.000316872109664
16.545721308906280	0.000298587085799
16.650441064025941	0.000279014091528
16.755160819145601	0.000258484780338
16.859880574265262	0.000237307779397
16.964600329384922	0.000215767768542
17.069320084504582	0.000194124899935
17.174039839624243	0.000172614530559
17.278759594743903	0.000151447239231
17.383479349863563	0.000130809099664
17.488199104983224	0.000110862181292
17.592918860102884	0.000091745249987
17.697638615222544	0.000073574641520
17.802358370342205	0.000056445281494
17.907078125461865	0.000040431826588
18.011797880581526	0.000025589903169
18.116517635701186	0.000011957420713
18.221237390820846	-0.000000444061061
18.325957145940507	-0.000011607930920
18.430676901060167	-0.000021541108661
18.535396656179827	-0.000030262627833
18.640116411299488	-0.000037802233367
18.744836166419148	-0.000044199007208
18.849555921538808	-0.000049500033465
