0.000000000000000	1.000000000000000
0.094247779607694	0.905891330272894
0.188495559215388	0.812608069032266
0.282743338823081	0.720933194425942
0.376991118430775	0.631576317881016
0.471238898038469	0.545155064983046
0.565486677646163	0.462186674378876
0.659734457253857	0.383087455944864
0.753982236861550	0.308177816918802
0.848230016469244	0.237690826543807
0.942477796076938	0.171782652079312
1.036725575684632	0.110543588636030
1.130973355292326	0.054008773126781
1.225221134900019	0.002167991184351
1.319468914507713	-0.045025755938517
1.413716694115407	-0.087649059969689
1.507964473723100	-0.125802282479305
1.602212253330794	-0.159604996230810
1.696460032938488	-0.189192527813657
1.790707812546181	-0.214713407625722
1.884955592153875	-0.236327524100610
1.979203371761569	-0.254204785602408
2.073451151369263	-0.268524110954734
2.167698930976957	-0.279472594391764
2.261946710584650	-0.287244719795630
2.356194490192344	-0.292041529939563
2.450442269800038	-0.294069687041010
2.544690049407731	-0.293540389566715
2.638937829015425	-0.290668135601834
2.733185608623119	-0.285669344240607
2.827433388230812	-0.278760862792609
2.921681167838506	-0.270158398912492
3.015928947446200	-0.260074923185205
3.110176727053894	-0.248719089664715
3.204424506661587	-0.236293720035236
3.298672286269281	-0.222994392253307
3.392920065876975	-0.209008167616542
3.487167845484668	-0.194512482058113
3.581415625092362	-0.179674218875537
3.675663404700056	-0.164648971734065
3.769911184307750	-0.149580499153099
3.864158963915443	-0.134600365142121
3.958406743523137	-0.119827755400644
4.052654523130831	-0.105369454599965
4.146902302738525	-0.091319967679322
4.241150082346219	-0.077761766691904
4.335397861953913	-0.064765644351768
4.429645641561607	-0.052391155860056
4.523893421169301	-0.040687131621868
4.618141200776996	-0.029692244908978
4.712388980384690	-0.019435620205595
4.806636759992384	-0.009937469750402
4.900884539600078	-0.001209747545256
4.995132319207772	0.006743188243106
5.089380098815466	0.013923912061215
5.183627878423160	0.020341273183645
5.277875658030855	0.026009748499558
5.372123437638549	0.030948810073360
5.466371217246243	0.035182310921643
5.560618996853937	0.038737891838061
5.654866776461631	0.041646411610687
5.749114556069325	0.043941402585967
5.843362335677019	0.045658553214421
5.937610115284714	0.046835218943595
6.031857894892408	0.047509962584873
6.126105674500102	0.047722125058625
6.220353454107796	0.047511427206544
6.314601233715490	0.046917603144796
6.408849013323184	0.045980065413889
6.503096792930879	0.044737601960685
6.597344572538573	0.043228104766655
6.691592352146267	0.041488329717392
6.785840131753961	0.039553687095556
6.880087911361655	0.037458061876928
6.974335690969349	0.035233662821160
7.068583470577043	0.032910899178477
7.162831250184738	0.030518283683985
7.257079029792432	0.028082360384170
7.351326809400126	0.025627655736896
7.445574589007820	0.023176651347016
7.539822368615514	0.020749776644200
7.634070148223208	0.018365419776769
7.728317927830902	0.016039954983715
7.822565707438597	0.013787784714798
7.916813487046291	0.011621394793623
8.011061266653984	0.009551420958648
8.105309046261677	0.007586725169996
8.199556825869371	0.005734480133565
8.293804605477064	0.004000260566194
8.388052385084757	0.002388139804697
8.482300164692450	0.000900790445703
8.576547944300144	-0.000460412209087
8.670795723907837	-0.001695285037681
8.765043503515530	-0.002804731357019
8.859291283123223	-0.003790635509921
8.953539062730917	-0.004655758642529
9.047786842338610	-0.005403636445967
9.142034621946303	-0.006038479548813
9.236282401553996	-0.006565077162365
9.330530181161690	-0.006988704498886
9.424777960769383	-0.007315034404495
9.519025740377076	-0.007550053573338
9.613273519984769	-0.007699983638395
9.707521299592463	-0.007771207366976
9.801769079200156	-0.007770200125740
9.896016858807849	-0.007703466721158
9.990264638415542	-0.007577483666674
10.084512418023236	-0.007398646877637
10.178760197630929	-0.007173224749244
10.273007977238622	-0.006907316531368
10.367255756846316	-0.006606815877090
10.461503536454009	-0.006277379409078
10.555751316061702	-0.005924400119423
10.649999095669395	-0.005552985394138
10.744246875277089	-0.005167939433042
10.838494654884782	-0.004773749819043
10.932742434492475	-0.004374577977691
11.026990214100168	-0.003974253258159
11.121237993707862	-0.003576270360184
11.215485773315555	-0.003183789827882
11.309733552923248	-0.002799641330406
11.403981332530941	-0.002426329450946
11.498229112138635	-0.002066041709347
11.592476891746328	-0.001720658549381
11.686724671354021	-0.001391765029270
11.780972450961714	-0.001080663963118
11.875220230569408	-0.000788390271358
11.969468010177101	-0.000515726309809
12.063715789784794	-0.000263217959423
12.157963569392487	-0.000031191271957
12.252211349000181	0.000180230519471
12.346459128607874	0.000371109801874
12.440706908215567	0.000541677358528
12.534954687823260	0.000692315267929
12.629202467430954	0.000823540059376
12.723450247038647	0.000935986244772
12.817698026646340	0.001030390332283
12.911945806254034	0.001107575413922
13.006193585861727	0.001168436405967
13.100441365469420	0.001213926008517
13.194689145077113	0.001245041438411
13.288936924684807	0.001262811978339
13.383184704292500	0.001268287374182
13.477432483900193	0.001262527102571
13.571680263507886	0.001246590521314
13.665928043115580	0.001221527906696
13.760175822723273	0.001188372373819
13.854423602330966	0.001148132669005
13.948671381938659	0.001101786816862
14.042919161546353	0.001050276598982
14.137166941154046	0.000994502836226
14.231414720761739	0.000935321442297
14.325662500369432	0.000873540212650
14.419910279977126	0.000809916309811
14.514158059584819	0.000745154403765
14.608405839192512	0.000679905424249
14.702653618800205	0.000614765880488
14.796901398407899	0.000550277703093
14.891149178015592	0.000486928562497
14.985396957623285	0.000425152618372
15.079644737230979	0.000365331654920
15.173892516838672	0.000307796557698
15.268140296446365	0.000252829088771
15.362388076054058	0.000200663918304
15.456635855661752	0.000151490872328
15.550883635269445	0.000105457358199
15.645131414877138	0.000062670931215
15.739379194484831	0.000023201967953
15.833626974092525	-0.000012913585902
15.927874753700218	-0.000045671423239
16.022122533307911	-0.000075096066339
16.116370312915606	-0.000101238066165
16.210618092523301	-0.000124171233071
16.304865872130996	-0.000143989919571
16.399113651738691	-0.000160806373493
16.493361431346386	-0.000174748177619
16.587609210954081	-0.000185955789708
16.681856990561776	-0.000194580194720
16.776104770169471	-0.000200780679035
16.870352549777166	-0.000204722734540
16.964600329384862	-0.000206576098671
17.058848108992557	-0.000206512934772
17.153095888600252	-0.000204706155568
17.247343668207947	-0.000201327891085
17.341591447815642	-0.000196548100995
17.435839227423337	-0.000190533330155
17.530087007031032	-0.000183445605008
17.624334786638727	-0.000175441467511
17.718582566246422	-0.000166671142414
17.812830345854117	-0.000157277832947
17.907078125461812	-0.000147397139332
18.001325905069507	-0.000137156593999
18.095573684677202	-0.000126675306939
18.189821464284897	-0.000116063714308
18.284069243892592	-0.000105423423108
18.378317023500287	-0.000094847144628
18.472564803107982	-0.000084418709227
18.566812582715677	-0.000074213155009
18.661060362323372	-0.000064296883004
18.755308141931067	-0.000054727871547
18.849555921538762	-0.000045555942729
