0.000000000000000	0.000000000000000
0.471238898038469	0.362358055552895
0.942477796076938	0.527221937162442
1.413716694115407	0.542502434056078
1.884955592153876	0.462049381834629
2.356194490192345	0.334229935987382
2.827433388230814	0.197404511474079
3.298672286269283	0.077896835599747
3.769911184307752	-0.010250027616040
4.241150082346221	-0.063511594023299
4.712388980384690	-0.085734555297230
5.183627878423159	-0.084720103614481
5.654866776461628	-0.069370863688856
6.126105674500097	-0.047732183537220
6.597344572538566	-0.025922728972091
7.068583470577035	-0.007796522882108
7.539822368615503	0.004878176677016
8.011061266653972	0.011944630936795
8.482300164692440	0.014280210042775
8.953539062730908	0.013255463493793
9.424777960769376	0.010310539254360
9.896016858807844	0.006678635880999
10.367255756846312	0.003249301068635
10.838494654884780	0.000542803216743
11.309733552923248	-0.001241667266799
11.780972450961716	-0.002140061932178
12.252211349000184	-0.002328916695924
12.723450247038652	-0.002041856468724
13.194689145077120	-0.001507528814632
13.665928043115589	-0.000911712230143
14.137166941154057	-0.000381109315155
14.608405839192525	0.000016500603418
15.079644737230993	0.000261919618737
15.550883635269461	0.000369625076113
16.022122533307929	0.000372605345869
16.493361431346397	0.000309671474199
16.964600329384865	0.000216521370576
17.435839227423333	0.000120701184526
17.907078125461801	0.000039876491143
18.378317023500269	-0.000017529070276
18.849555921538737	-0.000050327853062
