93.150917078929183
143.730032107669217
40.510706148574059
91.089821177313979
6.865483688745712
27.350653415985221
44.270721215027947
53.670758881162783
15.053960944578762
3.662558497325335
12.129504781781293
53.803005101645681
32.412212159288515
55.369678046001582
14.190600683396383
14.190600683396383
54.444879630138644
7.742820537584976
3.817892529619826
4.233473142227922
16.697277394365642
38.117969288103268
5.263390312604429
32.834008721230475
4.759875251531412
8.080257787138521
18.089875567126342
44.270721215027947
32.342397555932735
1.601462595710245
10.794458042728365
22.822047627009624
61.579399898175552
8.771755440565698
14.190600683396383
6.879460276402597
7.077058665780896
1.047355112232708
10.816228187860816
2.346553224066497
0.574336528776485
22.782880803400644
21.535746394608736
18.377890189220125
12.435926985717970
52.181839185312356
10.270584975816746
4.868896664479280
14.815229829248437
2.654266814317339
0.259653297485443
14.660284153432940
1.775456596048457
2.005366671740035
6.386936316651600
33.749591413891494
1.509111348463875
29.827506732504162
8.114573439635478
8.926579590360802
24.546052013958047
0.181512290640626
0.403878773065230
11.723090796035990
50.192426531422711
1.429337427552809
10.165317806767916
4.901151695686622
8.314996743349639
5.166564523906914
2.861862012352503
0.431680130591076
8.884560272375666
2.170545957119430
18.446330093423853
6.225305608408348
0.507640030923540
6.092106694110953
1.197130896789758
3.662558497325335
19.714573435347233
10.524620302197263
1.347774832190453
20.143957871948487
22.241456472744744
4.397073068446502
25.384208754793690
2.825100596160610
26.916080885813699
15.931297793417912
5.766402361628366
22.714764588428807
13.058553136507044
5.969480098441863
1.047355112232708
19.673955988641751
9.416091847226880
20.099195787823987
19.839434665520230
2.609754278718242
3.269271258850154
1.804668699783406
19.301300773722119
19.215687022405859
6.614816017648764
9.149870200817645
24.767839328280843
5.062069055020629
3.807439811812515
13.472779625255271
7.788412867542434
5.260564900568284
1.379929881761313
7.742820537584976
18.539139847208389
1.692221580072783
14.865475182503474
20.605470948533366
4.237619625135949
1.688550587437135
4.184610175973603
11.266550504234488
14.269350754559923
27.199887749745926
3.496510189202922
20.485093818345490
12.751239556549194
0.614458640765974
5.804518197126185
2.447784398932527
0.476328316282661
11.598469084553130
6.588429947007057
8.690877153359224
2.966208805015754
13.997070496152446
10.400446758521298
5.417232195003749
10.403535148838387
9.678582603651648
7.283906341470242
9.371426443293444
8.668900236156333
9.936162659683077
6.865483688745712
7.081813322706125
8.819150588462094
3.059738709321437
0.117644569485378
1.556950060111035
8.120482095032344
11.420063266009265
9.889929855753053
17.608796198354526
5.676833764511912
10.611037158790168
3.461385716699738
0.135532671067381
2.106527105044393
6.536482370431031
13.863642851530813
15.815298551617161
18.104007249336860
11.327062541989221
4.938684822909636
8.165516299801538
1.582166927622666
6.489482182100232
1.383426219075545
4.281855096505979
4.279648765851107
7.304526579134745
1.936169139198000
6.230170798206927
0.203344636187694
1.180094004586977
4.694446740770559
6.362740101208601
8.603092260621338
8.473934578284343
19.570953734289105
0.270995726041861
14.478252109245318
3.891428979631200
9.426358815087269
6.044749217250910
0.588068160687271
1.730550755732565
4.470214831597218
7.004010559615040
7.713925516572658
1.162794171290670
4.083462178436776
3.879631532089661
7.540358187852917
0.090544184194187
6.307929503470064
1.961056729879601
3.135699899207907
16.822611229914173
2.832353100051819
7.545425541198028
3.947801019608050
13.677746279732787
3.790949255691999
10.229808113393915
3.356136293388658
3.308249385294062
1.093514710293675
6.740149853197181
5.019334111093372
5.921932738107216
3.479704863647726
10.254883978323051
1.459014783961720
9.936162659683077
5.215928691849740
10.197753921951744
3.253935855400186
10.601495392690367
0.256427201831684
3.474695327015525
1.743095450231294
4.844475590526713
16.808634642257289
1.182204278565791
0.276888543214341
1.376865127980977
2.582169888711064
9.155450072666781
4.951294200369148
3.053606345513117
1.199990689853735
2.681261794281454
11.233501191477330
2.203702297032009
14.523766575360582
0.367015880256986
5.301694995835533
1.382128383500458
2.832546872697321
4.184610175973603
0.001572634267632
6.424012185475135
0.547117442263470
5.631216792281748
10.247912820191686
6.716902448216501
2.457541620606435
18.341049671563042
10.835049389031042
1.657217128549973
0.685980666486557
13.476596793778413
4.594729491749945
2.362278144312995
2.822773031121187
1.234579776119062
12.840858983542830
10.408574809057995
0.173379765160007
5.450718334272551
2.021783671579897
4.320561133954811
12.030183629082558
6.175831725955049
15.669258293799658
5.449968644587329
1.862224145803907
5.514714067097088
2.050330634882698
0.614458640765974
16.022402895258551
4.968957892677167
1.505753121291264
1.125910651768436
5.953306748436262
2.093781115202660
0.606030120723972
8.832579213699432
8.757533974854482
1.497216487424112
0.225004783396912
12.059042846427701
0.493247628755398
9.552711239735913
9.745104983542092
1.944440501681811
2.624325963404772
10.314325094527589
8.511620869042076
6.360714542838082
3.775341613653154
2.462934642790060
15.609111944974302
1.370272480137714
3.822074288023373
9.038217227146333
11.109651883124684
5.110809991067299
1.511480110470302
6.028818084554587
3.419336400617453
2.069499482327728
6.855489324248538
0.689720380249810
6.728310500653606
10.088766065446634
1.567391261774674
8.478651443062972
0.704378615225096
3.187417668611943
7.504566121765947
2.120233845862685
0.849459582419399
3.633774536692272
3.411488775965381
7.072584739983540
4.868786032766820
2.428803553645139
6.483155469294502
3.727950063698472
2.701019040702704
6.686766923241407
2.978206573888656
5.993529274561979
0.136551527006191
2.956409326308403
2.830555163471786
14.589390160141534
6.795525733965860
5.470200989386854
2.565742735875915
0.321323552045328
3.426856060323757
6.122235019963910
16.377434371897721
8.506080863994157
0.991727736257189
6.633247464052943
3.098852760004775
13.497966329049518
5.607029666503990
5.472966480994955
0.687242227348634
2.772935497917501
11.067598509410914
5.171315980642362
12.078958984184396
6.068968139855770
6.580536678011640
6.638524967535773
5.046190279821190
0.881846789987435
7.814462458029425
4.514418088204593
11.536472401193578
7.794373936272223
1.946986163383372
4.101226921744910
4.474072444264266
0.885133003486089
8.504145902280129
0.487919672183466
8.524010882441871
1.917879164143983
14.137578223266246
9.411667804398689
8.555672955079331
4.162337722051689
1.558896387410641
9.157879971196621
1.192195540219473
7.414405674383033
0.127536689660246
3.970559731492244
6.544336513308622
8.411318266439366
13.496138797771664
7.472047446232637
2.734401518620757
3.924381535984139
0.377699381828052
2.190923291024092
13.975330359858617
11.515823566271933
4.852369679006074
6.118197203096997
1.100771643416351
4.503422941870781
2.006613242994490
6.804856802861877
2.939257889121905
0.963745652672628
7.731715007852813
3.888539200814193
1.057823137739319
0.358201332530939
0.205983243251922
0.548658377103038
0.866457517732783
1.947168539147015
9.684180640971476
6.722156381757145
10.309843169373835
5.776375876393445
0.812506117392786
10.900587500249230
0.419200757851172
1.287329467540985
6.698015915937049
4.799689267422877
5.459718240952384
6.916343795924831
0.047507867168520
19.152417538114719
11.877033746143979
0.606587795830251
4.579679117353066
0.905214115259128
7.690722149886710
1.526618693913406
0.937214243484277
2.768668123036264
3.769000692842496
4.591821995979217
3.376682823806505
0.383850240078118
2.104211926659787
3.621377666293597
0.343471476028867
3.599840973621781
0.944979595654900
8.611223488013138
0.028306866757021
1.927445553306370
0.505293443613482
6.540989237805206
0.760751881118949
5.696384828725400
3.507383272360585
0.137331701989297
5.118731768483372
10.278152573707871
6.324142196051184
15.488901849840090
0.824224581973453
7.140572433795228
0.121947428067642
3.414625416644753
5.553404211453312
2.405041036903640
0.625352724153913
2.885709569498545
5.939941518541673
5.186354076888279
7.003707437359367
0.693476424640721
5.305773735253752
10.013714381313889
6.305967346969737
0.450670105674249
8.505912677958463
2.713260154152977
8.020941552849422
0.183334255576483
1.139310850925426
8.285448816209168
0.288263303844246
6.585482566775795
5.305469539100841
0.921154784957707
5.120458630914413
3.473764491878910
8.527806139177983
1.291814296119810
4.424020668015942
13.561142317544068
2.321826611416554
2.017551905751816
3.593254360642504
0.812123839063361
6.026291920290760
3.047980788631094
4.206339012882495
0.434825399126680
0.571162126466675
1.785632943661085
1.741405896751985
6.972912690644307
2.909427103551934
3.758851566100361
5.242499497789481
0.514559455042900
8.607548008964727
9.210944699957167
2.967777929717386
8.324188328984405
0.472704565740628
1.864663650361990
0.846674958535914
0.453812572088623
7.754471513979183
1.528351191640240
0.379060191768531
2.922669470839651
4.290577907536999
5.330880142952765
0.539308261378892
3.149704093661853
10.842642062581263
2.567903968259657
7.204104928648462
6.919287500409496
4.889126519003412
0.397674826372622
3.984017597200136
5.524072908281028
1.512322520979410
6.851340505606572
7.178697995625043
0.475909713035549
0.552458080981296
1.782287747760961
3.255869224949947
0.020254738866811
9.146329996521786
0.863702063731807
0.884998477187423
3.935509684131603
0.580381291411413
2.663186071767768
0.512046811249661
0.784105015740352
2.339409477911431
4.075037762078068
1.738699644690541
8.558189356208800
1.581930049910397
0.591879526387970
1.298127581229892
0.010765266732392
3.307664644281658
1.388579389741835
6.817189917250062
5.754669444557408
1.824481662280050
2.523626874782167
0.623447747823889
8.588254228284654
6.015215308926827
4.405126003957321
10.525775871789392
2.978425792093162
13.741907639107353
3.776170463362064
1.243187941100700
2.068258202122820
0.865753014979077
7.570486513705873
1.429337427552809
12.597834060520995
0.165677700175593
0.050544023912607
1.974136655394091
0.844540138332832
0.914498103077563
3.881302716989694
4.476677752487262
1.278233230348405
5.985734181116868
0.303862990608877
13.317857221200370
3.508982434301402
0.411336087719519
1.802518956902531
8.115346582586085
1.258230524035866
4.628956592222835
5.730996384212290
3.907185983576483
3.156054749541795
1.188558875555600
11.904161413072416
3.752541763872955
1.659355931204232
5.852137209166472
0.806737530185387
1.941076859776899
0.441593541312500
0.652001594709418
1.341765414078168
1.940433552892159
7.698510595724429
0.495575811459048
4.047995888949913
8.822958869070362
5.519930488346176
4.439991498966492
2.259465232339608
1.443804726035296
6.008550022437589
3.933179813882703
2.673440401079915
1.253428143278143
4.963139432351682
12.672966925107744
3.558154646739922
2.102797937904029
1.203138806316929
1.230999572796122
2.065935045095671
0.236080289359961
7.156976713441395
6.865483688745712
9.095856262255779
8.261111769847389
4.309913842099832
2.922704159531918
3.365396016266914
4.781480855265272
2.904773284339512
2.192350358981457
1.626770389426611
1.304277047645428
7.253192693373535
4.657449322767548
6.513431322650945
0.842248309164802
4.748785072078704
0.992471248972379
2.509339651312871
7.139911328666926
3.978067648012029
5.787810079147903
3.223890072905760
4.398033971862446
0.330836814632676
7.186761971419173
1.524049928279624
3.670937346794290
3.602118587455720
1.364049513753685
3.996428714125386
7.028709148994835
2.921542188700528
4.196860939880708
0.350445237180111
2.551355277377979
2.245322049200354
0.686890659787537
10.716615684724047
5.640167905987141
6.374497011872336
10.252630705400293
3.999584238038096
9.605659052243709
6.270568947674292
1.330093915889279
4.552504723624111
6.554898480533325
2.501611247199662
0.931301700938889
5.073813858887206
4.137507768877413
4.344128240279815
10.954845588726812
2.515574043003767
1.113616096803980
4.783445495231604
9.069939615933549
9.333914555893330
2.782543108412028
2.944027428246272
7.678811627567256
1.305556084563136
7.269810271962569
2.773833075132529
2.244929091618815
1.872404857851734
9.230814752576634
3.037359511202453
2.996466721390220
1.432151975758757
1.063533432918348
0.158844570213546
8.374962808582609
1.111786214962763
1.393452162591643
0.305791423505639
0.935323256650008
3.540847026966048
0.821658224893440
4.481743336010936
6.389245682207047
1.427507875681613
3.579482124264473
4.210848409736400
10.990015612523621
3.594270580930811
6.347341812255763
1.105534006263952
6.066186905382779
3.198965730609189
4.102805951975370
8.625128133443127
2.389365276803346
1.794774104776479
3.202235073110614
0.229851465834713
4.836873591007702
3.035760477801432
6.992254868936925
5.567909861890939
0.533933842577085
0.883508255471384
0.791941694847083
4.358108739138288
8.846045192553674
6.682705178570814
0.119359569515723
0.337913596460794
3.538156386508831
2.375636213530811
3.154308184894376
9.006337485709878
2.245888836810764
6.128260685134592
4.334100282856639
3.410173924371520
0.355668274102641
5.273406482079395
4.912122519160903
1.587119213985261
8.835015390221542
0.529893770763351
2.512616304681160
0.638242855798126
2.192685533087570
2.917467868969084
1.899828163736515
0.924132430058989
6.007633842944074
10.289927518085960
1.790121464232243
4.296980099114421
2.387072797406518
6.097520125922074
4.785176287492618
1.390901751988736
5.821090688929075
2.360553280165050
7.270946136814814
5.114702247128207
1.152561684752186
1.796476945825930
0.551439894193209
0.566714386129320
1.637401502376292
3.350873037869178
4.451366262373313
6.557079282078462
1.289264583820454
1.478403148513507
2.768018965175543
1.408512911795697
2.589753387623091
9.353556158500851
8.569958659052418
2.978919394333730
4.858191598794406
7.288241859429945
1.540173863708446
0.554473691747603
2.473908573091421
3.276995082797498
6.704444560096135
0.018196611429630
3.716531404593525
2.920196548307558
6.001374527137614
3.453882469340556
5.742761437740683
0.211599883646045
2.070865750503231
1.079078823118834
5.328049287879026
0.729937609200192
1.214021436306325
5.399553764102848
0.350342538199811
0.232285392218614
3.801958803698199
1.693522899552590
0.409608763324741
5.979329384139191
3.358737957451353
2.085990776478866
4.025942898885432
0.405445446009594
5.680104659075596
2.743532009909927
8.159592706319472
3.649463917491971
2.451552958560683
4.589966679969280
7.113199337741435
2.170651529125962
3.800769307015457
3.908533568583721
5.817496848604947
3.572229113299841
4.802125179212453
0.230489043224338
4.217325838261559
2.159474043063938
0.950708458137797
4.503752953850835
3.966737030675972
5.421087657120097
2.200686622523790
0.518234462434293
6.372981107744749
2.994128370324006
4.026102614320394
0.052846220882543
5.286913880918860
0.272742295656485
2.128499689463979
0.491578630311096
2.693370498246622
1.283625887972789
5.880651418880575
1.273250249381817
2.421010789835577
2.132466241813745
5.588785621976058
0.100148704021080
11.022149369948352
3.606803964485607
5.181748047810402
6.096511486318946
3.450249224296726
8.855084078174968
0.765789493465604
1.030547950807545
1.222353638596701
0.428231479455690
7.851325094861977
0.424799057266910
0.129268682499287
1.741067229797068
7.371440885267134
1.496675290579446
7.541310881667187
6.164434150654529
11.825783739617236
1.576921704833580
5.388616304087350
5.529449698925191
4.517766964325688
4.404462226456531
4.321918456073945
3.813082568825848
0.376348797626861
0.428303160426253
0.381084003207093
2.668821711348755
0.349072262698883
1.964498533160850
3.879919486725498
0.871019301837123
5.779020586277738
3.607090769601200
2.158552470743757
0.730090125862603
4.616924921262239
0.048636327946838
8.236883950753850
1.212642855883701
7.528714496154180
6.163266930411396
3.966595955699972
2.816980448444042
1.512241899217997
4.227531809165839
7.247077933845503
1.771541910975884
2.211354803339646
0.507255964011847
1.760978386408169
3.450109215543648
1.428444282028181
1.324956289344186
2.630740463063489
4.173685545421449
3.099185002418608
4.802081211297491
1.823968492857375
5.680433249655721
1.658608181108661
1.653986087769340
0.986826845383803
1.147008594458839
5.233039928396693
0.538200057050744
11.375771322732476
0.215888761750421
6.256927528876304
4.783013805786595
3.924334691649051
2.634642174277360
1.290118522299508
7.480989552776805
0.440862527817217
7.811710494237559
9.689800349349298
2.693474004163022
5.140379435304794
0.744459847925214
1.244881057201496
0.545253164573296
7.090160530818707
5.150688938741609
0.634020881314541
0.462079150263776
0.022604321882227
7.307933737513736
0.109769234318492
0.775837252757469
9.299754018008912
2.724975341269669
3.668200534938364
8.127946991572117
4.647803086930935
1.733542220710774
2.252452526832371
2.882495670105754
3.412196155934339
4.933475947152942
1.360917529822359
3.293741732845092
0.825535838624432
3.430486873798714
2.047144616922878
4.450488810968295
0.901075417545030
0.607517684683444
4.289359744441299
1.778593053502050
1.099738554028363
1.307019646870344
3.236457604669795
7.577285283086894
1.071888430595777
0.424855147215681
5.857275755550177
5.618163450625616
4.118151563771562
2.236886117961603
0.078676056829977
3.164610556092271
1.415609306859437
0.648305755255251
0.035020645647933
2.974685489545550
3.011371037381650
1.438400824751398
9.494778022109244
1.655730854401327
2.833109241676993
3.274901399977693
0.660106305691443
6.454738716393877
0.207201061896967
4.293593812781410
2.027110155945479
8.630922255735072
5.650295979832435
2.353465609000978
5.878144360388433
1.247668917359533
1.017761375831469
5.148257295590724
2.590136608107741
5.701966263592681
3.630558369100299
1.137107082245507
1.576111309792509
0.112648549195114
0.273612526228817
3.657252024449235
2.852529038768012
1.326081210561483
3.265772987800005
1.400626449590391
0.093372680984317
0.103484649395341
1.643616918777639
4.399521450350335
