121.728709377951432
80.588535457405015
65.800263662944005
59.406378836214770
50.693917006434852
46.833889461201288
41.588068621307904
41.130263993642821
39.296198930122813
36.643693621902933
34.404618328597351
33.292532402310002
32.261520606236324
31.151082157516665
30.217464612168765
29.083488581897729
28.417743398833103
26.762613405548237
26.072566972540674
26.005276491640920
25.087334310035232
24.738029011881224
23.262108923996685
23.185841255051525
22.769514566983659
22.695442071781997
22.030040404749514
21.497010357469303
21.529697694181824
21.033987040461035
20.875001594775583
20.424576165090755
19.807358281360219
19.777495190061249
19.507481635990708
19.221452544478019
18.796827897648434
18.416366759226563
18.336226422541149
18.196777097193149
17.856537674935591
17.635819199122913
17.417731523789243
16.989963482065349
17.079204566408794
17.067914181832499
16.893230090231217
16.611308816710107
16.355964287439978
16.177432239501083
15.979714924507425
15.994500986372088
15.975636774453317
15.800216700727940
15.609257406723209
15.525790844117653
15.045854984125862
15.022943581713117
14.634370177464591
14.857606283762159
14.757461235342983
14.395469057791665
14.596645904961717
14.447957988526699
14.115807799544408
14.123707101346863
13.973097707067346
13.992533277047261
13.637123512263880
13.619353079304114
13.610944599646949
13.493031965280860
13.439878620140860
13.358985160485348
13.463202584002248
13.277487654270725
13.111543599881880
12.924285474751745
12.953956962024694
12.638584679565252
12.665350448381469
12.678554686486910
12.656897832432389
12.478202854311414
12.367528845758152
12.372336606981401
12.410951450242383
12.087822420532270
12.031469404294329
12.057595374741897
12.004450289851418
11.961972367969381
11.826535830688020
11.879063792160014
11.717527139361479
11.610875043848514
11.784643656422894
11.595996792691531
11.388826147173418
11.613132061361153
11.389354179662263
11.429755600316371
11.345043427525249
11.236552713379860
11.253248960949927
11.172165532675040
11.034263816652546
11.087178945004581
11.028735437151989
10.948279063224010
10.861316872499803
10.861071844206878
10.821868375124895
10.720006700321155
10.688600971087808
10.672630618666780
10.622682137695445
10.563059453741698
10.517994524409639
10.457702321048197
10.355139775116395
10.327310345386900
10.329191185967137
10.372834928420675
10.303293709530342
10.244969478194253
10.295203648927012
10.162206689402122
10.123069918397951
10.035442121239424
10.031429693129210
9.942702064900200
9.997515416953291
9.935836652417004
9.742156053708475
9.851035289290575
9.829089134513470
9.806250472571467
9.742505583962968
9.699997594060095
9.605204786574719
9.723724164680496
9.520804951919734
9.571030954372027
9.552603371881290
9.448484273029850
9.403445636837819
9.489848983031782
9.508039500850280
9.370800890139442
9.394329758791157
9.367989034700843
9.242605355565148
9.301637543819432
9.231645339431676
9.232944549044580
9.180633686129957
9.123582321022187
9.139839203136095
9.100551188747122
9.040047568330687
9.045234533491056
9.000020709619468
9.012307387645059
8.952748064157701
8.871171508312944
8.881684277843776
8.947031083840693
8.769641830495775
8.812526221377780
8.766496460421417
8.740682924819911
8.699382286621413
8.737682919187762
8.682469228730282
8.681838322173791
8.672166312389530
8.634380539519828
8.560563699279951
8.522284301938797
8.540026802633903
8.508362580775204
8.455934155863316
8.473148165969937
8.391240273496834
8.429035975915076
8.419809390659397
8.378769292009082
8.342595104121163
8.298161588772309
8.264875811450260
8.291336834997546
8.254073956884517
8.234162358424191
8.228474097084602
8.256302317140417
8.182208448346826
8.203051548919913
8.138800269449018
8.106105322366693
8.093479923529394
8.093642448157938
8.093446669339350
8.046614763453919
8.063798194161572
8.003837601761335
7.982698950887929
7.972012959580468
7.956953461382360
7.907112734923752
7.921811131048776
7.856765974927313
7.876773439588805
7.815386727147509
7.780825714913697
7.826503098032679
7.799866785083563
7.730279154771090
7.740323373636866
7.737533307128960
7.703965374481589
7.698549229653603
7.667665838884616
7.672041672297836
7.614992584689571
7.650924837775505
7.624313619887235
7.602609670762150
7.603551258986255
7.582082451995194
7.573280291964735
7.558277160925635
7.540081781473849
7.468157649062560
7.502040045284000
7.509120985438866
7.477772160174607
7.431699001219957
7.408712349265733
7.426052809412015
7.400550202083255
7.367731636692995
7.344134778260987
7.335189341620857
7.382885923416513
7.344256653192798
7.327942720384919
7.245603868188604
7.268711211777981
7.266667196518339
7.248617595985025
7.258867404799079
7.194035898596627
7.213762553594488
7.133304969965151
7.185407349604144
7.175797176985844
7.101647671253649
7.108846124073348
7.118455971986169
7.093727996855896
7.083879437895673
7.096453483515759
7.057367502617510
7.054839153139589
7.033881272870803
7.015432472356110
7.010955042078999
6.971760863329644
7.002790812157213
6.988962173860289
6.930615432157975
6.965757719683670
6.951182232980143
6.930267197596374
6.898166598417902
6.875222251420928
6.840340868644736
6.868213500790151
6.882401746505101
6.844668579829935
6.811308103737644
6.853933759849956
6.825464707506162
6.789059062874373
6.796887858967115
6.783027010686054
6.766535489650053
6.725288609277887
6.697736357233780
6.733129770447639
6.728480353150548
6.716499031028348
6.700503149231284
6.670569128758425
6.681222104664653
6.650452551242619
6.638294790423738
6.613786929612131
6.644523526684043
6.623733334718681
6.593997871752491
6.579887947905224
6.585722230615036
6.563372928001006
6.562472311581951
6.552172541310951
6.561169869673525
6.548453784773237
6.521830788592054
6.507685709124922
6.511513186160175
6.485243528370250
6.477427945451661
6.478046313782710
6.498098273021273
6.443399429929950
6.429472625279136
6.413531206389589
6.429702426962097
6.439973779487184
6.424971994736886
6.381995945693427
6.394696574913070
6.332482865644889
6.342352310711264
6.352589893854462
6.347694014591695
6.292730014299838
6.322220520037521
6.298022058149724
6.301888537038289
6.269307453735447
6.278362995167009
6.235709961427548
6.264195794166218
6.191267513133885
6.256942415607564
6.224869419721918
6.193892078350970
6.206386041556473
6.184468725262059
6.185725811497275
6.190102616929834
6.160837578819667
6.191053468459470
6.151218294562852
6.165683148201459
6.144966334959063
6.116550875928425
6.103664240464202
6.060952817992984
6.131641716713188
6.086328328504578
6.088106253015732
6.081202699467853
6.074976000622543
6.041088648817493
6.067959190740742
6.035577030430825
6.036662224150463
6.034007571052088
6.014868535100664
5.997065342096866
5.981038614229748
6.017439820791183
5.983547475078475
5.996609156861349
5.996150101278928
5.967078413027740
5.926746045786229
5.947497447644332
5.911621317591216
5.927067436998712
5.945402375496067
5.930722747401932
5.914285689978904
5.909545531501894
5.888810539822267
5.895711298813674
5.865151974200045
5.873696568781113
5.861577702497685
5.866178414709840
5.857261429826579
5.849157867527909
5.845711751241296
5.835548119535686
5.829637599903888
5.803640101535863
5.831035406454513
5.813499320099523
5.804456916320690
5.787953119096911
5.769977013533069
5.796586995490888
5.769413906515159
5.747739409616701
5.751375799574094
5.739096874883356
5.729076397872812
5.753418928942142
5.700321014477861
5.704206717360771
5.688315111089359
5.698829635693025
5.699417166690654
5.694084796195372
5.662172468222698
5.672151863303117
5.663374641133186
5.647553410214236
5.649271201667840
5.650202253327697
5.627573004405780
5.637409882452605
5.630873839353051
5.618863948932181
5.599124844898950
5.625615044231914
5.628305836933899
5.561549009492595
5.572808973107763
5.570066828023282
5.586716334337741
5.563366097314972
5.555749568326383
5.543151996319795
5.523369433225289
5.542001151853650
5.491240428227138
5.504014291409053
5.528313578003855
5.517612592225281
5.481226706743027
5.478192226260763
5.505215172376009
5.468842869962594
5.450978143653483
5.473660427517937
5.452310196199643
5.458700751271745
5.447372679194778
5.452369161799473
5.457372580069313
5.447566180207381
5.438104756280656
5.424486332578403
5.440631553483176
5.413942058480848
5.413216808980728
5.399163120046501
5.413466342812556
5.366792475265423
5.377734706840662
5.378278664686266
5.368074989598382
5.365594771264669
5.358461223930353
5.348807102357157
5.347404437701414
5.358492009360772
5.331227418756748
5.344363185042876
5.327988310879664
5.316758918315334
5.319007119215010
5.324194244887578
5.287220265889648
5.309046771852125
5.281556464259576
5.298282648783028
5.284461891672587
5.269654255392378
5.270729077530929
5.237316323432982
5.247291474942745
5.237324859167823
5.245947864744872
5.251846150023481
5.236967590946515
5.253921756436732
5.229135466383074
5.240628283034015
5.222970807813109
5.190717775377010
5.215577401135001
5.170379964477278
5.186614973911444
5.203847304293729
5.186076948170397
5.170988545149614
5.176986275760505
5.154024549725701
5.158992387731051
5.168462089019295
5.153244923770503
5.136019021743107
5.128011814132414
5.140280209977819
5.108871061795918
5.126593899203883
5.115663285063654
5.114043002242131
5.110462463222303
5.103003040685429
5.096733219515043
5.087898670949055
5.090427529269745
5.091863660419824
5.090590877754376
5.082494345485802
5.060316983779164
5.063340420194315
5.076272473999960
5.038560134607965
5.047416474400320
5.047351599317466
5.032541467042285
5.036119815942700
5.042430990120355
5.005513605735175
5.032717871336281
5.005593578732448
4.987350904241199
4.975960186259567
5.012372624310650
4.991899524537227
4.981998551013615
4.998261260659363
4.993703253253181
4.986775114301625
4.967533362762889
4.968929586726380
4.985578729183689
4.951051313851642
4.941366023342125
4.945655829808656
4.934366255132307
4.943426703636095
4.932924691006676
4.927491391077185
4.939729153525136
4.911290696919367
4.927956661990829
4.915770965146751
4.898716375851028
4.876912824739102
4.891887759992112
4.906456784461854
4.878416006087737
4.882428229518674
4.861221564871713
4.881864132613884
4.865986194769444
4.859065184185821
4.855673616520007
4.855100426393182
4.861411907122938
4.847656472799919
4.851047536650047
4.838801324872382
4.841185634923363
4.820006031826378
4.851601300598000
4.811076391620428
4.831313162833534
4.821892639047683
4.823521335329759
4.820390379101139
4.782650660650663
4.796647870219508
4.785048093931174
4.785375676408053
4.801845705918023
4.781033544977676
4.778858106854383
4.791842258254043
4.785109172042342
4.755054613299230
4.771070202988509
4.742972376228058
4.766681917168342
4.749519997273172
4.751853590053742
4.741191721847281
4.750103518028029
4.737764956959483
4.720120075610293
4.731448117139665
4.721434565822125
4.720868939851298
4.713150700401253
4.707902367115620
4.703892011686121
4.719631639290855
4.689192526267802
4.701285870004110
4.663999655668559
4.673074131634270
4.685349869312184
4.668367764573079
4.672173724554818
4.670145265896028
4.655863877465269
4.674238413577754
4.651497574562232
4.663571000185263
4.652535497803104
4.656272221732527
4.637064904846163
4.638320446409599
4.667580415390969
4.637632655441794
4.638892590800475
4.623906011094950
4.639784648055683
4.610531638397924
4.599799860115228
4.607710269227612
4.607290027356242
4.608368284312111
4.575333557832910
4.598875961827964
4.592593386152595
4.576278844174849
4.579035249684454
4.573364448757252
4.578690456960853
4.576584247676611
4.560296382959274
4.567185996803757
4.564542356874074
4.558578174315913
4.569142677846284
4.546046282420448
4.530187677368077
4.552371621670817
4.534043336863367
4.544767523892188
4.548092560643648
4.506296829741279
4.531090394477745
4.514393784487500
4.525473160427938
4.504333944970620
4.506698035009133
4.514457079794106
4.504327164589374
4.506329546153801
4.488823900075944
4.498155144363210
4.474622706430903
4.458643955715949
4.474074843493128
4.488410201097215
4.475663524703401
4.477899726245588
4.476621498678186
4.474991315118181
4.456514689586040
4.461461582194837
4.446489337798773
4.457141204563620
4.454853600072097
4.442518000310989
4.450964968433809
4.429148565425686
4.436536908962757
4.419717457809785
4.434751513643900
4.421557942260538
4.428728757231613
4.428745995552920
4.420717061526000
4.418652348095128
4.398336345828737
4.395149676865694
4.416842265336575
4.398944095994027
4.409241804391028
4.411266177961702
4.394855639978108
4.386395637054656
4.397413205635591
4.392194337597728
4.378982910999239
4.361422149105244
4.368936379740214
4.362865599519576
4.354425132639400
4.358607470905331
4.366179419187199
4.364103786619516
4.355694924898398
4.369946757068009
4.356054873063215
4.336713427232362
4.341355146207238
4.330208082382712
4.337137716473090
4.335664123996022
4.323016599883367
4.319751710029849
4.324319857747830
4.318693820947510
4.321164054049242
4.311173361882341
4.305345877941091
4.302042593379708
4.288754188628939
4.298424277077821
4.298787703041902
4.289682324958481
4.293998532568186
4.299002457226409
4.298915911806894
4.277582207294855
4.263734330474584
4.273566802240193
4.276291776088780
4.262671076847122
4.264812912474132
4.276182398589921
4.255356953211759
4.258911235443798
4.252770661217126
4.261444008787948
4.255412482409694
4.262462384886207
4.239703800783945
4.247361582951108
4.238849385079453
4.245311858435219
4.238765904044683
4.236868090476923
4.224660775741122
4.234826872118854
4.204465113754835
4.212444539794778
4.213395367201817
4.217237955923133
4.210935234091200
4.197094616964121
4.213874375726310
4.199003404023380
4.189606477520512
4.198084289487474
4.184466144819289
4.187075894313146
4.185621284175729
4.190738678934943
4.172438007609117
4.180536085593486
4.161306391620510
4.192095747696784
4.181154732745073
4.177434182142505
4.179172040730404
4.158896548921653
4.158530043091991
4.142667278223465
4.148502905205260
4.151372874215816
4.153152729444712
4.149357475833336
4.148135689581541
4.127682506205908
4.128902198776277
4.128914186251878
4.138772689591298
4.141782368902184
4.113168671926459
4.129111918237911
4.123264212144296
4.113443151475080
4.113850957439792
4.103633295591967
4.117121935507027
4.113697239967425
4.104871600802061
4.108888419305988
4.101178019487760
4.101952379216535
4.089071481544215
4.106820261488197
4.089529924078580
4.093763897402669
4.080263255621151
4.072083685793988
4.069621553151679
4.088110847441588
4.068847613892747
4.072088912994246
4.067578686115377
4.053714802853981
4.051219831358472
4.072236410707338
4.053381134894257
4.061475593591289
4.058251066383573
4.052240338546870
4.055185463470643
4.034605324616039
4.040950924020248
4.050202907222094
4.041493923080955
4.029666177732683
4.040388558143425
4.034918027894125
4.030732760101570
4.031589775670585
4.035205278727584
4.017393389487004
4.033169686144782
4.014766200472025
4.015824020744775
4.014406149512086
4.015309917904249
3.996604728528192
4.005202117769557
3.999404065527897
4.006005617751069
3.994050550247417
3.988968349444602
3.968953178670720
3.978258072708900
3.993324954197942
3.990076423444511
3.979357074546294
3.988689967517395
3.969246669478561
3.987223258176623
3.974055734016499
3.974271228516970
3.961873348733734
3.967622589417191
3.980549036293904
3.940272207104812
3.955630340604440
3.950021288359642
3.951482004812628
3.949594167953975
3.954270258885722
3.947451401038045
3.945686939797115
3.933023046419395
3.954389913947369
3.938972733140778
3.927161146552399
3.940975397007184
3.932589310313356
3.934211667624923
3.938969024979423
3.924878426084072
3.925027661034841
3.925400271744900
3.910837533436457
3.925932960616969
3.920473761086140
3.910173709220277
3.910209213151163
3.896084050509085
3.898444782905536
3.899956683149014
3.899417158765442
3.898583545782766
3.894341587327033
3.897021764531307
3.903815695411554
3.887713619513182
3.880907152631211
3.882797733749751
3.886766546118706
3.889040014448696
3.862435789714126
3.883564474114665
3.868564310150792
3.883548734058869
3.872436859735379
3.858655917369523
3.861324428424362
3.855035569820734
3.869166658045418
3.864938470436222
3.843627943006837
3.851975470630324
3.847146579614560
3.852038405575308
3.839076035163646
3.862201157558970
3.839524376618301
3.845200443326848
3.834620632060622
3.831510468324656
3.845913104975557
3.836206630166616
3.822159477849885
3.819570141882748
3.829434243870594
3.828850978137503
3.824305301758234
3.816549864781130
3.807135564042313
3.819755888615589
3.810799476895994
3.823187018252925
3.805843590193309
3.815112757120973
3.810523182961426
3.807328415398897
3.800018354280422
3.802715723336241
3.797778415924647
3.794926388958412
3.774601483941356
3.778907115225311
3.785337601515973
3.786648030894009
3.784719076209119
3.794694069302758
3.786594087232227
3.772510899504865
3.775298259429201
3.777368423655600
3.765483525689194
3.776919678175720
3.768139759436469
3.777167066404018
3.764445037187991
3.761406756542483
3.761796795737376
3.738731663033393
3.761671284328259
3.761879065503176
3.742293739407291
3.744015018753594
3.751052433857880
3.749125533745159
3.745771833763023
3.738018193350328
3.728441316257315
3.737121796447957
3.735216827997565
3.733619763672165
3.726886689885477
3.719531927423689
3.709020538922554
3.727097920374226
3.723847649642362
3.728432708921949
3.716556118230469
3.720656681199936
3.711302512504862
3.718841490495657
3.720236125721009
3.709815870025741
3.717119166506258
3.712729917114939
3.693897438516315
3.695412345852638
3.701613908740252
3.710112087236900
3.701551492928924
3.692569293638390
3.685838407996176
3.690667024272315
3.679268203656449
3.686461344310262
3.679581262682440
3.668384862946120
3.671082092418097
3.682078495948087
3.675156434585670
3.669592500504085
3.678017857907207
3.672874877953032
3.671596516616096
3.666366904205469
3.658810803275123
3.676008076381832
3.655094779794856
3.646669869438705
3.652209801179061
3.660194781980641
3.657263470232160
3.643714469186163
3.646695328570098
3.640188225845170
3.653250063676078
3.650340259144849
3.645408544371043
3.640761614323983
3.640085037566527
3.633274798236577
3.634779425911155
3.638088656064866
3.641726088682772
3.634342144262110
3.639724617013109
