98.621583819835948
66.161110719159055
40.726353246900906
41.558309142061219
31.532785643534947
33.229480804548203
30.058939298496433
29.059462837155234
25.491680045953391
23.190181984143358
24.548706464766042
24.118940145478049
22.076138569327949
22.839690396913078
20.178205777829067
21.420410382777426
19.702074958865829
19.707539313163320
17.875812811890679
18.816152991040138
18.838136525749196
17.376207469937714
16.537684328823104
16.556871006280353
16.402948409329461
16.025581075956030
15.962810402228049
15.303876068568117
15.346622318687061
14.770254073122880
14.361604973486228
14.018287833895384
13.913581376080716
13.959834594571538
14.264198377450791
13.736790543158918
13.086390934913398
13.027269653108679
13.388466801541600
12.601255554674012
13.097919873734124
12.179705868543511
12.539755488807700
11.999048838809562
11.968761853970420
11.934211158393506
12.065715237277830
12.220730498405620
11.701770331580756
11.336469702194885
10.946063032602719
11.103820415157887
10.730667934766474
11.358616959174197
10.911456507727051
11.369357086504904
10.929025690394516
10.621728703311273
10.086518220863795
10.528043464294562
10.559836876406488
10.354505361036974
10.404290400997025
10.123791569061702
10.030481928901015
10.093709775300571
10.001656131733018
9.591407893921717
10.214954399581897
9.582816443561295
9.676538684733654
9.506822602981524
9.613469226054390
9.370574725073451
9.524205332468560
9.364248501479869
9.228459716753417
9.163347431361174
9.234148955809220
8.885047495982738
9.032821798517036
8.973926545075658
8.710114724516901
8.834048254847708
8.759153675327477
8.479998392565506
8.893735488865074
8.450727596554108
8.938438122188824
8.613743335978898
8.438121760656554
8.555644273245097
8.278197248543755
8.162414788845128
8.137790022268357
8.163209635870414
8.218669275599751
8.426467886276264
8.068646061246662
8.151542051388160
7.815784173941446
8.344015874820338
8.019048875212876
7.964580762183184
8.093304467258118
8.078903584768776
7.942215734729253
7.577977100876278
7.707328477114501
7.637109627515310
7.566007996728159
7.684599546202297
7.617651694046259
7.676686982533170
7.592900343339926
7.572526950687935
7.434810166584417
7.544322251073226
7.450060336105374
7.491926544873330
7.424333376987230
7.327659516663148
7.457768814987324
7.187866314063886
7.113280214396410
7.277089097737151
7.054732877103490
6.974530406850221
7.147792909382176
7.011249507652320
7.036844879446039
7.004054181665678
7.005419015294543
7.077633861194815
6.895853841509305
6.972073306739509
6.986881411756894
6.884178234665193
6.988303701990769
6.901582228854865
6.784428036737526
7.028747978782729
6.821468408905370
6.652054004361353
6.585461205800687
6.785904489114207
6.610739987322768
6.641953862042336
6.705965405719359
6.522859396632286
6.705881148574211
6.338309317582049
6.695263093023045
6.499522719986778
6.495388957975796
6.542863170331989
6.391185496947353
6.350959657898238
6.382580834737917
6.332982213293160
6.549569597322314
6.338716412110255
6.393862753147094
6.426181191176430
6.463938862988842
6.236770273634495
6.313919478461016
6.215772627584332
6.165373062797559
6.157657409344959
6.129809163538535
6.154983444674208
6.082386091059249
6.242142952036566
6.194448967095283
6.034721704514720
6.055069259810722
6.030309044538297
5.972133259718417
6.046275497354099
5.853677160575542
5.977416365767413
6.052227093384820
5.912267724345376
5.957019177863367
5.965886749512742
5.934683159553588
5.958846236019707
5.880859609916142
5.766128072187819
5.885562558121858
5.980920742790272
5.774709024541077
5.849395079391753
5.770058463120260
5.762098507436617
5.677758749053746
5.931245426475412
5.753105857525467
5.666204253988307
5.751288879054312
5.712971751098518
5.623024871843045
5.731834756749015
5.651769323257851
5.764932446084894
5.670527169964303
5.632415050488925
5.630667481115572
5.598711092440332
5.584860526024788
5.637352239302429
5.575325095304478
5.424096053055659
5.581801036380786
5.633677073286124
5.400690851943357
5.460925624424002
5.467649792529031
5.524053229854018
5.391980238566696
5.381217282083042
5.539341253031577
5.446954017832338
5.380393394323725
5.424832286341736
5.336141009950856
5.388398440717747
5.349446714367892
5.333987598224720
5.355481078474190
5.311285522283371
5.383130249410483
5.408499397452326
5.294946491526409
5.237900765627534
5.297144852616340
5.237573268083112
5.301400876575945
5.272143287127628
5.350833046704339
5.110314324765032
5.300174286963562
5.056341893803397
5.130655801520374
5.286424772423397
5.103976498814800
5.174302559479224
5.174981070054733
5.166398408286287
5.206367689266416
5.164826909556610
5.092300674462496
5.121315527032504
5.100202743401995
5.159369818744148
5.098043919274814
5.021430377107107
5.040218675380928
5.064225008334379
4.978546322964736
4.957693867228285
5.025442971444933
4.983295774660566
5.006062346908627
4.991801363535859
4.983195511276648
4.947024716923198
4.927406825116992
4.862797081259129
4.950395451700357
4.914862907783617
4.933185821290722
4.947573435227817
4.873897852974788
4.884872565007658
4.889411896418363
4.943182503435240
4.884812861943560
4.759823567321034
4.851024621884124
4.838464715437091
4.895028272391418
4.914923120234859
4.784556656368718
4.789336875832790
4.800611838062835
4.872604001430904
4.774673699012057
4.697542920669985
4.834107218973813
4.692536039207143
4.744635879126560
4.794059091979312
4.668783426779117
4.744440642425937
4.697166437875848
4.671255221518829
4.687191304918889
4.674863733875675
4.593643336507069
4.710819078959690
4.651213775072586
4.674596735849970
4.692787072286905
4.535064590617541
4.656189420775761
4.630141069944290
4.601018626262828
4.547823686096095
4.517495078176358
4.624266048688439
4.545701125572201
4.576462623223367
4.572684101084347
4.575319440440993
4.627118269451337
4.540421216684380
4.552583848867561
4.583808629175715
4.512558886176657
4.491882375992172
4.500321050729936
4.464213687854649
4.525871891109660
4.430813014413017
4.434527370368748
4.479412476666717
4.452413163668464
4.488232429308828
4.404516178650129
4.381919851114850
4.456011958715641
4.448079117591724
4.436388846867943
4.426496336575416
4.363976133591724
4.443035426095748
4.390063909296314
4.324893563770617
4.388903439444999
4.415578668292232
4.439906842096390
4.379099199733493
4.281109880201203
4.330459617655650
4.426745111427553
4.320759138473253
4.424530847420640
4.343726442652091
4.329476875446833
4.300455184227953
4.335673683832388
4.279839692725555
4.296240044176165
4.245979647856508
4.274680487231139
4.271421182254809
4.251802739356966
4.302673420612970
4.232425207258581
4.237160414696676
4.234114532672272
4.321010622745543
4.294827865069890
4.260804405766842
4.252878622638899
4.244413314801722
4.226658821642845
4.229410131532731
4.267539115480952
4.157855352684417
4.260150644218163
4.208533152991932
4.191899103519887
4.206796377133246
4.206824054094814
4.129563413720318
4.179487105023988
4.117747567637812
4.145971691381262
4.146915916374216
4.166647400887213
4.121385496737468
4.139839629383943
4.123342527799370
4.129135639867277
4.126972731602884
4.135154955176266
4.064919689179276
4.094614749708427
4.096871314673199
4.052543516411554
4.051353459126112
4.096783516610345
4.099047970360722
4.070671293678176
4.001935963043977
4.028733522643809
4.082504490069056
4.041939573839482
4.089893348755304
4.018806957177404
4.044533208562256
3.989022453661781
4.048179406680442
3.981703857769889
3.989565127650600
4.070865449056146
4.001244142948077
4.032063272836170
4.026761184880950
3.980262053668330
4.015693740033901
3.991856232181707
3.979695963274327
3.977752263549440
3.965161061261599
3.984082618406383
3.948484337320185
3.916522370461639
3.990122854093795
4.022558405797236
3.964336212227971
3.923644503605368
3.920639183629098
3.852837113749324
3.875277202585795
3.941042630183877
3.913195025751244
3.914699290797384
3.939580111788296
3.925788351117473
3.889120208642591
3.868119953175663
3.831573446725305
3.844965234040806
3.897878643148531
3.903267075507725
3.904927761263560
3.796225168747210
3.906883352980237
3.851702514449090
3.861489521718172
3.848738667026962
3.860648010889292
3.845564704871879
3.858381299887745
3.828745699133160
3.904604492838941
3.787144580544429
3.828289253787534
3.854665826347469
3.774011464326764
3.776283401341352
3.766029964717147
3.767685993844441
3.808456065245704
3.770141840533451
3.804406502485499
3.752118457187714
3.766545471468315
3.745059387553758
3.758479854574450
3.792678642578335
3.761273097280418
3.776506481644550
3.770442683798101
3.751596329090038
3.726021004326894
3.667235923625718
3.746154834003889
3.773576038650135
3.655501837616207
3.721673014871345
3.681849275994089
3.715499652703566
3.718846720783712
3.680672847524790
3.717292921856605
3.670418247082607
3.677177024926021
3.676197711526043
3.710374691981671
3.667339022391837
3.685182220840166
3.657373708448072
3.674873874008378
3.650185668306777
3.727035607353194
3.639677488786091
3.659500529215903
3.617734194833634
3.665622619785534
3.651185292535251
3.647180362695564
3.633411459344332
3.649946867135176
3.648769044160613
3.587412523947213
3.624612416321657
3.538092381406715
3.619948131285048
3.641643292408550
3.569221711907197
3.597225628324925
3.560150801035949
3.612205412793671
3.599246393780727
3.568205662479033
3.614030808190666
3.598012805611653
3.610205589371447
3.597025221663403
3.581946019447682
3.579925466775746
3.550122738049577
3.547618198589729
3.545484972963625
3.619046084938944
3.558725579907170
3.527617758574555
3.577951662094135
3.569661508998029
3.516875954218438
3.518544041563901
3.538719661388141
3.523835788605990
3.547334887681542
3.560844724669885
3.498065982926711
3.495343123653211
3.516709860185422
3.543310096028850
3.512135187209513
3.501888933855889
3.538855638436486
3.473166045744932
3.443368056409262
3.473611207875252
3.440544418857438
3.461249617848164
3.487749560824152
3.493465697579759
3.441114676955448
3.472099078254966
3.490887675933231
3.473761965595860
3.454094202706105
3.476424109198756
3.428748020834629
3.466980699596237
3.468847247855552
3.395262185232113
3.409709876309426
3.449760247898315
3.478252941396713
3.433610380116325
3.429583748183098
3.427449922514647
3.429120294051890
3.433170224019522
3.406177724368384
3.438517755824189
3.430893396197849
3.391788275353223
3.431875058233598
3.391754764167292
3.379826262749571
3.359626835531631
3.427394344090570
3.395361571680816
3.376755207548055
3.420452147109406
3.395585985390790
3.394493821865365
3.372765519857678
3.384430694653235
3.364904679037236
3.422894186703137
3.392240540438967
3.350198892101451
3.388591072995936
3.397594645996616
3.378546982359690
3.377988566797302
3.338781705327229
3.365791842785725
3.376988511520469
3.324632548680216
3.343218162421100
3.359811384430198
3.308472796879775
3.346012032472904
3.358500671489240
3.295186244826061
3.306507763491809
3.294626201257757
3.303558873980311
3.292083022151000
3.308711403795222
3.284361172667568
3.326633393347955
3.321794314069675
3.283139827535199
3.316201989898381
3.319881896759479
3.285820690017665
3.291379686629500
3.310138797869472
3.278798952536171
3.276694066660192
3.277199757400746
3.286137989558464
3.238580575136171
3.279167255996867
3.246223996612171
3.219969068747934
3.242394238556085
3.241939326439725
3.252376260980344
3.235125403981360
3.270464177725613
3.224816759835395
3.225861628224633
3.252240348782994
3.228589065888717
3.268817083432620
3.221965313826062
3.255451681104304
3.258004220856335
3.240212416341521
3.224987909784298
3.234502272682792
3.209086813333738
3.254412144705809
3.238150261400531
3.191355777966156
3.227196776266834
3.199417854404455
3.201983130021411
3.191683315940917
3.212713713108506
3.179505110931368
3.182730880670345
3.172711494440145
3.193153999243495
3.199072966675252
3.224169262665635
3.140420503057165
3.177499776440000
3.176775617751059
3.169133871790718
3.145292545999977
3.175806238094375
3.125296244156321
3.141276794211157
3.169907135220576
3.168764134149257
3.153498400825880
3.176305034971538
3.138722598005353
3.142030513636100
3.159513329091661
3.116364341504470
3.135835373360869
3.166760618754075
3.102676155861555
3.165372302597567
3.104791816085618
3.131295043544167
3.163217946751913
3.139167567270216
3.113279629422173
3.113467249365628
3.077427312420103
3.129098212086119
3.093401173270006
3.109464517606068
3.110360672168156
3.069936371654166
3.101590154870682
3.108290810243620
3.058172147834854
3.119357523171891
3.075368165096927
3.113707054334239
3.066872213035384
3.070542671473955
3.117055994173885
3.083106028858610
3.115906814456174
3.102971431248660
3.085894955262580
3.057552620717567
3.084477436157804
3.099069243066607
3.060807471344252
3.105135838978570
3.051647701691181
3.056826185230738
3.072732634793960
3.060984562400281
3.054258484170674
3.039524830096761
3.061377813727847
3.069925487308185
3.028460274012863
3.010022901044780
3.058483126464036
3.023351110846987
3.011404868455966
3.044441714058231
3.065523486368701
3.032068042211646
3.038297522096493
3.040307978569541
3.033393665760558
3.033525168222519
3.029499981741876
3.026576359181298
3.007546622577132
3.040256096824369
2.983641017685539
3.006137117458775
3.039655723919682
3.018140801336287
3.001831514999203
3.024645149397047
3.017630304735499
3.028747347834548
3.008283987230697
2.976713399173441
2.968330914673977
2.969236289494800
3.013930516275527
2.962207430119191
3.007281994210785
3.023052065311262
2.994097907109681
2.992301107582567
2.971510041668408
2.948317232396389
2.979396029931192
3.011072940164068
2.990820156020143
2.999537592067193
2.966670321947420
2.984892043577350
2.976009764178020
2.951188871711913
2.948480755919092
2.993141251069412
2.975486356257297
2.948079935005723
2.955937256869216
2.938241322451604
2.952741417259317
2.970727499482686
2.929615339290603
2.947487123216630
2.938065958707362
2.956215125518364
2.937729826617918
2.930408253598369
2.934814534504152
2.937514261359702
2.908305990264090
2.899210462549485
2.918006649896888
2.923129149368314
2.933855425457939
2.911659291536533
2.916138459933973
2.912533661103775
2.936233912924346
2.905145654028247
2.905681253716408
2.894315247604039
2.877998976450772
2.889757648357110
2.914558521277239
2.922842423280170
2.911127298976626
2.862026012885699
2.903651101257491
2.900874137245477
2.869933144037221
2.915646682044821
2.897008227218258
2.873573835396842
2.879586468660328
2.913984736295321
2.885129980060353
2.899677857013518
2.862684629498091
2.895072815832720
2.822879293149075
2.873283972324581
2.865572511818482
2.879068597935739
2.881221417777275
2.873849464447735
2.857140080171844
2.870867322313979
2.879503307751074
2.872811831846505
2.845963323524225
2.823261956424114
2.827402682272739
2.882982176795304
2.821439577490705
2.858336172012342
2.828496923753514
2.845087722561484
2.836495867651032
2.826853633009796
2.859228928752698
2.832742603867790
2.823859680453528
2.821259529134959
2.837193257036009
2.819326387868036
2.840120854228958
2.814246517477679
2.817599148492074
2.810100482264565
2.822491414532098
2.837803400392914
2.808254907879947
2.823138289617619
2.816450163526063
2.810187194593320
2.801189400293737
2.801485615803890
2.828510540872808
2.786958118880353
2.797858829846982
2.810563266515844
2.807435036099504
2.795205417094663
2.821870166324185
2.795977152235418
2.787863940466170
2.800384507098589
2.803164883783568
2.757072146874352
2.787735588025940
2.765813038577805
2.790180899816468
2.781320171008968
2.746731171569215
2.782669772946802
2.786268827650588
2.781919621879245
2.780681321496303
2.769731752527917
2.765510527357687
2.752300159717454
2.757019759068693
2.776018628476054
2.789293332407895
2.775722009849071
2.779699008078262
2.758357412115843
2.761437427892183
2.762258112760122
2.755057223688440
2.758179692872803
2.743724046667979
2.760405491380443
2.763324588179549
2.758681447813717
2.749158683304135
2.733741965970587
2.748600859699972
2.737513041355291
2.742898139988468
2.757705616934421
2.709511218200323
2.738352430735569
2.726853393339558
2.728599440406838
2.734346661237582
2.701528544670386
2.714982440212671
2.719307999637160
2.725852628957575
2.721680015398747
2.726768036714827
2.707023974452111
2.728240511920470
2.736837088341844
2.699468964480320
2.722498195396669
2.696735174283962
2.702146918103027
2.702378546596912
2.731006284659465
2.676202623105422
2.712240593109327
2.697161499855288
2.690664900638839
2.698577711147635
2.713111593890386
2.672387566868969
2.725196882235352
2.698414460415051
2.686138932922126
2.678440372215140
2.686913690352034
2.696328644098991
2.700737152958566
2.680247567728258
2.662404814842233
2.666278956726839
2.679303794695425
2.697426374707212
2.686660001362154
2.689255084768089
2.706467148066922
2.689190275774930
2.693307490538542
2.655888961334678
2.667767910637732
2.678604742325163
2.682732923000370
2.678211375172106
2.686046119671561
2.673513981425948
2.668194068659360
2.645786139275962
2.674370932430803
2.620222016039868
2.659889564238951
2.663513080222965
2.662647096429383
2.629967490635284
2.667829868644012
2.659674382325798
2.665906049179271
2.639625087249755
2.628860235633879
2.673165210124121
2.621768386618077
2.661422619512424
2.635148935647437
2.638827064871818
2.636040159627167
2.619581691851824
2.619595917597161
2.627065555548618
2.613922269346370
2.620569668340754
2.640567085611149
2.630866646980232
2.603606433833388
2.620591664597605
2.622592511787610
2.624046227435928
2.627986834801878
2.604897563598920
2.618898105895808
2.619703432033633
2.602303408468948
2.608806061704659
2.621087751443590
2.591585812157869
2.579711943561716
2.593960651143743
2.601741143619246
2.609352861454087
2.600619073298934
2.586512090503478
2.602921442174202
2.603787015210499
2.594812659432515
2.600999115415192
2.601153994188866
2.595047344489416
2.586564874112895
2.575555613157908
2.594060745961429
2.576913029992719
2.592104709654392
2.594957031913406
2.573973471392546
2.609322328613279
2.605948616068525
2.565585592596602
2.579683995744749
2.578940493938976
2.568112660422617
2.558549895041343
2.592460495423112
2.556525586219637
2.560039767384358
2.573491401639445
2.557633250410420
2.551638766291612
