103.165565358365484
48.943430737604785
14.409651491154023
72.868238476777492
70.346640339544138
24.828060944430945
31.093867150670690
11.155895572728923
6.097928923699328
20.672200820615217
13.845162416900280
12.948538925287153
5.440790304105349
2.555776934038931
5.687232504120402
37.668304993952461
31.247349457046425
4.611373369868716
3.709191201358408
27.684573360848844
4.084368166074000
26.389212238271966
11.943911034061557
8.179977028869757
3.941340647394100
16.629464964020030
14.723909337656437
38.736507831016411
24.646416234771777
22.000377364756446
2.578839447426503
19.569614506093785
13.934437801704689
6.654767914004310
28.443564334271173
6.402341513000920
4.837931286754156
4.578728473621595
3.000814852394114
19.640394389624362
3.155848540794977
7.183003809587035
7.896430717170460
13.092707564598754
18.907302937807117
3.347531764574001
0.238535656741306
22.046110073860746
39.093673414702607
9.214887680526203
8.569184726715093
17.408433248716847
13.637175036093481
26.905343757348533
8.968489758481951
11.953555133967257
15.859368480210151
3.833801631933284
5.882741510914229
20.327006672737070
8.982496462701079
4.730261693899365
18.353491429780775
13.972199894677260
2.006778590711747
4.736763958275446
14.151957952964267
20.415475103469134
9.982902756638168
19.934241724993626
3.030786528227281
16.942212234563158
5.457179992367060
8.750934209177785
3.539297100164617
15.464327396906810
2.802994581316739
10.382455780354803
0.519001715244144
9.614396652952223
5.025058559588956
3.241082869664979
22.860131436481879
12.956726421394706
7.740683058002674
7.342628394573694
5.696549031270479
1.295477420725774
5.191148058236536
4.777456946842563
18.276094890195282
5.716644472159714
12.362932693192420
10.588336938033876
9.149915196134543
3.042060779173084
7.695220121238776
0.353437540709251
7.980188396659742
15.494788756215257
5.428458036979805
1.951139560250340
4.870883724986243
4.573537657236443
7.139380868223611
1.406272220454753
7.862394879178282
13.108627420567700
2.709763576121532
2.115851326758730
10.087484573693473
18.849079786582593
3.171135910505654
1.661928817917783
0.701682046513952
7.741570993028517
9.659612325396211
11.404080827356211
4.232583289508966
2.122382434760766
9.892115092128165
11.015760557514909
1.106739476334383
10.624948257795154
6.514000188905129
3.417109220233556
6.275217723002925
1.755197427413464
2.084358717746909
9.507844929354633
1.168618111754313
0.623763242380619
3.709133862629415
7.802779356131509
4.727740142903485
11.086062916792798
4.358973299473519
12.633035643009066
3.818828096323955
7.636609170698421
5.896864079433044
4.986855460991478
4.813708854855918
11.859582108109862
10.379081192545868
1.274795911866249
11.028496192089619
0.695526851497789
1.373947717105011
2.517598918341264
0.289263071206051
5.424296461950917
7.922388725085284
3.113698505560706
7.595583623369521
0.509143278100396
1.761765486191166
1.849223543112885
0.120502084755913
6.467654607708141
6.646412382192693
5.386567700593787
0.604651443699936
7.782527596384739
0.497874817643492
9.851381681626322
1.589500518310956
0.728997134802739
17.243276058180300
5.482301908230056
9.665310656539532
1.113555073897714
8.967704331608957
14.368557579108597
6.147113900073691
0.969580671537642
1.291653263306557
1.741889200415812
0.391523625496802
7.804016375160472
5.737217897135224
5.989484471645255
8.675731651068531
1.657488317017510
10.048978836698097
2.717316916525078
10.458339400233172
11.929465517322797
7.142275432254337
7.343990497357026
3.782956433205186
0.905658260694508
6.787950287667513
0.914677686060941
4.237159926576169
1.856561764338494
3.614956925868228
3.008275610685132
6.004009559708038
0.785117039094075
12.302790833839708
2.207811439059242
2.134142440951564
0.539966295376871
0.516620786886961
8.240703466063792
2.013458665649750
1.055822170989586
1.731806797799550
4.139292374056367
6.111281534114823
5.313769643128921
0.579102577656158
3.133085057846074
8.629025298986335
1.904016282497423
2.069257139959518
10.217708824792112
7.408968050203612
3.384172595530799
1.519949487829535
4.766341323360507
7.205940700556312
0.963660042891661
1.592915450251326
10.296060360141155
0.251648280303016
2.949554006247922
6.954459137000754
8.898623256827250
2.546912663260514
0.295447901130501
1.037838920579588
3.756869578379451
2.393647650006073
3.229801646577016
3.584983645618991
4.135676053992938
1.464299765899341
9.349217478319360
8.299010573695909
3.341403667222949
4.865874984937250
0.053405194363791
2.157369663699910
6.059771450761787
1.801870894462581
1.440640415881717
2.153711029545548
8.283750393179162
2.890836976631590
9.110595572368538
1.913724545354398
1.847130287901336
0.046363493092258
6.529644082489085
5.044847760268226
5.087059443763337
1.599602477622284
4.956416656537158
3.831077794503244
6.324651400824223
1.170672184152636
0.393218365201619
5.294553668960475
11.834190992920753
2.759649680278244
4.422231080141273
2.779379028058770
8.407672370361070
4.130708464070835
1.081084738240179
3.332117271343577
6.460072510573127
6.262264687463471
1.618329132493955
4.837677915969380
2.053658009757555
1.135899284714810
7.955990587312613
6.187064743909559
3.845069763830907
5.530870330254970
2.867828276608407
2.223120336438342
7.853924910882256
3.566329000131304
3.434187149525883
3.619556496697214
3.939525195491228
2.381233341802044
4.529561503399236
10.182568093790223
0.996351204675875
3.132363108788923
0.598116179676708
1.524212502173668
3.924157675470269
0.220169421823357
5.398596180587447
0.619520867986694
7.841082496572994
6.819203673107950
4.265230382558684
4.308573912709335
2.598975467110677
4.653239382539141
0.578164437758232
2.054421260184768
4.061113657570900
1.458702018311669
1.911219101563233
6.942477004609145
1.508110535434412
10.126367591915709
0.449319700624415
8.014250434836413
0.641977677074919
1.323475931377402
4.505016511365739
0.556426976929743
13.414482281817982
0.799930496714069
1.410129642191350
7.598754489489806
3.455620899594464
3.967494473215197
0.718157796789797
0.841579538163842
2.947919711730378
0.976611216828360
0.374451860129852
0.055814963578086
2.236468231235222
3.847511364138995
5.627938765603403
1.429594027632447
1.062914289379137
5.353030267353120
5.495059586668958
0.028166771847054
0.131386915849362
0.022389242597001
0.410868616131552
5.179321535633676
0.640665986137719
8.608581558348419
2.157453739722655
3.378519070592006
0.898343544480667
3.631931757997563
7.698400896158205
4.407685576068957
5.769408476235412
11.594732122584105
4.186366772594511
6.390267411502009
0.950411052222876
5.380774060049589
0.525077019728201
0.861246390913834
4.432081310990498
3.899589096333557
0.275062766374617
0.458425916748865
1.286618266098458
6.379756876959391
4.074363160252574
2.910461823531705
0.362889075888688
3.448928420636207
7.907795827091832
0.298174923446140
5.252894267648799
5.730046609156375
0.840948145189145
3.069319576358794
7.834868123989963
3.676651182257501
2.972393483261953
4.339320048411764
0.713186678971397
0.937378930585737
10.673934311129642
1.265765162569778
1.083979776154479
2.699379354331768
2.770535766702892
2.766895587410204
0.552781132895461
8.643799350890845
0.084717959850082
0.076855987822341
2.290204152023989
3.997333420977839
2.561107151490887
4.579313035740370
1.424939953971716
7.963025078528972
2.233037949287791
3.127349559216100
0.602544783435633
2.892274265373771
5.331086823651049
0.029639714452287
3.921773326530115
10.088485617552351
0.025487573637633
2.638551030286180
1.484972650248665
3.070050832671768
0.264546061444094
1.254598558023645
1.104674222175618
0.420568109080591
4.523745285494897
0.478286889488118
1.028939786270143
3.155358622153926
1.707928047433143
1.844585200087295
0.106469367095656
0.107239026627553
3.020605511489521
0.203729162685249
5.836969388657280
4.224290725645801
1.561638234848374
6.185015711101528
3.288967038401779
0.006646345511740
2.491047249559074
2.103519136918862
4.200334746274166
5.720946253980287
1.866578496987700
2.999749103979639
2.224265013832792
1.147348541105657
1.681589128416135
6.082615277918649
0.726234431392186
3.703559143023313
6.239807989546989
3.188862672174878
2.550745413921391
1.188924770662652
0.446183619557587
0.642859714481233
2.724233687674086
2.819074055937108
0.218614567925442
4.809494544740687
1.154422862956267
0.262899251466365
1.925367236411148
3.360219906871180
4.186986770723820
2.744255872109306
0.698389018832358
3.727539196690145
5.664415329185204
4.321168063906043
5.944707898077922
1.606488654716713
2.659246353423100
5.379738249124102
3.364088123403690
0.302027283246730
2.779123958965101
2.893233007736967
1.794148466514912
1.256072266924889
5.703042622947919
0.640989408258179
3.791631921785779
4.476012519890674
1.014924669542324
3.805820948565838
2.483578999630936
0.267489580205506
0.274047450864487
4.518975130615217
2.129056973777438
1.735379164907840
1.527419347755085
0.073265040458296
0.274571143239314
1.960797248415702
0.436653664383243
0.383984997363768
1.343400187800171
3.096519888573880
0.227959028884925
1.515105888020912
3.045156653016534
4.445343660066783
0.443462121121343
0.506954304600413
5.606188038622463
11.641506953746330
1.281450011622383
4.276095621492459
0.461608735662139
0.940293701980863
4.159832810465559
1.148793637729568
4.243820345220229
5.637956312867800
3.134429932673584
3.202699867942783
0.253694868734215
1.780992419006225
2.966168789594008
3.179673371612353
1.329324953104560
1.835173083626159
3.720750656694577
1.295836668761240
7.458634000637403
10.733545051224723
3.267856043413303
0.627355078147616
1.766431859913723
1.663662223307711
2.042304605031859
0.435764225277012
1.746014989513469
0.364824400127418
1.456300272785597
0.096766441225327
0.745114342707211
1.066390830259138
0.901184199406998
1.369527318247947
1.304684953127889
1.938657587115131
4.299062161448319
4.242900407319098
5.982409122825516
4.337950123281416
1.275238531436571
0.647355969783348
4.977086614747009
3.472943257368229
5.717727495604549
0.365051525189074
3.714433659679798
5.460951787750901
2.947183437592230
3.537003304788186
0.493227113027046
1.017492422149758
1.113429678689727
4.091444550593451
0.211198059972958
0.038973310828510
0.748278299311096
3.128025380009376
0.211545157740488
4.653179491066567
0.995193975062762
0.666405382371067
8.370005095361194
1.533940517202836
4.297815273801461
1.072132847376452
1.440496296842184
2.679486796418701
0.600793839910693
0.206454105568127
2.610042142725092
2.775319999022031
0.684886223744115
0.634752015691220
3.459872431308440
6.093041782650289
4.964993232379470
3.059382679323107
2.949705998830609
4.371747688542428
2.245810374140888
5.102218851431644
4.973107311239232
0.539719345759750
0.554780248545853
4.176355628745000
0.759449275241650
1.898107614138553
4.227149671381426
0.934403844769122
3.819561298825874
2.141590108493801
3.845285660189461
1.874769124996533
3.338407113536277
5.649915855417134
1.359263229469207
2.828436999337896
6.208748473097103
1.803075602726040
1.742849534507855
6.567785167380521
5.652999828695670
5.651022075358355
1.899964671134285
3.337216769071802
0.869072810295620
2.594799319245226
0.420768723453421
4.390143000933222
1.179299056363334
0.127419475020247
3.478837486592965
1.462062143804815
2.649487030804949
4.830636515852802
1.915070103389326
2.227108131082559
1.036435037212073
1.655751895243725
2.683396046138569
2.045475505697141
3.580728036718483
2.268815795333694
3.328757078159697
1.887879094373830
0.336727725417290
0.744639585305322
0.766620240822022
4.045841939507227
2.039235158150291
1.110008754478599
0.079565606162305
4.071278475486224
10.287484761548967
1.743605989073217
0.399248891199250
3.203379440496974
1.589569755462776
5.647464551582743
4.596981058281699
0.492219155043017
0.958530301910173
4.008473125185901
1.661598824208681
6.904372942077089
2.067697353826134
2.590023549306352
1.328280086079303
8.011888630818476
3.073472612170349
8.633800384387314
2.856185909564488
2.036139185437150
1.464273938335850
0.676426873605806
0.587560601468681
3.403475212401645
1.051915980573767
2.210722226272310
3.625294549696832
2.389423963655190
2.080474059275048
0.618893904290530
1.274684287893024
0.907564080852467
3.046727967386346
0.713762289404485
0.986864674621302
0.517013598662970
1.012713239170239
2.909574820280000
0.103916227679633
0.821502642689893
1.355602433148306
2.600665082161186
4.549481946733181
1.103951580342937
1.413946921602928
0.881692822036143
2.248359532127097
1.677548100846025
1.201899794121573
1.600804245541326
1.742794820783956
0.208050439406634
0.352820419255522
7.296024504591173
0.677039927433270
1.625496286961379
2.892831572173009
0.251183063447343
6.153762951716317
3.887515610790956
4.274963659295622
3.542922582885581
1.731948883574432
5.924577856365886
1.784168060591355
0.182060630565843
0.283201944230541
6.117572762239774
6.688627820911051
4.240262738599199
0.417012772217959
7.550969853654806
2.793715471764585
2.069543448598324
2.471485037972116
1.298913308278770
1.952424562631677
0.723644182091107
0.015881812159478
7.044845534822230
3.482211799399806
1.558189600779087
6.146198507702934
1.969783781727756
3.416366076564145
0.982673722172308
4.326850207405187
0.853234181455832
0.556427787583175
2.033660779730212
0.265850268457825
2.450654113095311
2.529070814432089
1.278655895476163
0.575586927226368
3.499819500013473
1.049695278764602
1.225571604219340
5.962230491212381
1.344099068877199
2.816522173838166
5.334962863582973
1.550614705505836
1.324580198461263
2.888085663573747
0.785499395123111
2.775948346217774
2.407968034270652
5.710997973531221
1.592337988164786
1.117423093267348
3.879378057273470
8.142260293198319
4.653216498824349
3.577749566181183
3.177705223413454
1.143016633240222
0.670394404132139
1.795047504388435
6.215171743225937
1.866913859167084
0.631726802725325
3.666776292883128
0.110829031892990
4.130281367478915
2.624524296036043
5.028877425401561
1.053457749935433
2.154730073914152
3.008978401174545
0.227322472849664
6.717125099443251
4.110713401978046
0.143342629106428
1.253755341811484
1.376857230595988
0.489165431805418
1.445737018296995
0.229590059064549
3.253403878774066
2.971053134023123
0.276116832903995
4.506009642435629
2.478045049324010
1.984154682510507
2.838136836667331
0.661087761582849
2.597122576130118
5.721253776664867
1.391596905276970
0.219731403308970
6.213826826867489
1.218886792949775
0.582114611217776
3.463393149335502
0.056960186160040
4.274611021400119
0.226250185637582
1.950558112725957
4.581581099434516
4.558309727959113
3.677568311961295
1.378823747632282
1.512888784421648
1.501335237315971
5.356476658273436
3.904008296476604
0.513447073950715
3.308725856348133
5.302554966483399
0.958998091872104
3.077357829271932
2.407934942820361
0.314191162409770
1.484814751574731
0.746715490143629
3.211821144161149
1.978184774767783
2.753197729367230
0.048666998312683
1.265937115327688
1.437963757497187
4.997911688636805
1.499142506769886
0.103853549464816
1.625800878139557
1.610984658182247
2.122189132571066
2.907639366812873
3.135824117718130
1.763340629081767
3.338205571998969
1.794491337914565
0.012376820957343
5.216502190016513
0.482818593689217
2.010573689240459
3.195269667403181
1.896356009497254
0.768516558145166
3.272797539334874
0.106327500790599
2.173433834430284
6.329735770012462
1.893901316635379
1.465118901258734
1.017426118107437
1.723726249257311
1.845974399816100
3.356324912249306
1.073018612333044
0.366846668952121
2.051846179255904
0.906827301041403
1.499623847743578
0.562355851294910
1.085712352922087
2.748015997609286
1.091215797398945
2.853417392084339
1.561880805747023
3.512925122038041
3.067779851473688
5.002759458014793
1.676374231882050
0.044204863272284
1.292956498517697
1.156636253160286
0.092178122992891
4.947479723422248
4.437151609695093
0.365371147545716
2.519952435935465
1.488712094369930
1.811309996635259
4.324894920661222
3.670941452996658
4.888451023573907
0.848603902381114
1.136754464058185
2.866007033603523
3.536186256581345
1.816630114292366
0.037744826989524
1.698093920846986
3.043614033116455
0.474003556730850
5.707198188605048
2.406450101916789
4.342974746252594
0.569740778430742
5.072678698822642
0.771340451976585
1.077621984962207
1.416775331343388
0.908868435874183
3.543261121535920
5.156658177114650
1.324610266640548
2.697182902153827
3.633228825507331
4.108217030737023
3.937747882903523
0.216614797439092
1.349321212942414
4.299620358219499
1.667480719265996
5.479609473592518
2.037100611263554
3.492776863971244
1.442298694569899
5.186751387129675
0.708234835132316
0.848418015499192
3.952624954218663
0.690890255240106
2.086660906619386
4.209872660295105
2.119096747347157
2.261281421499234
1.271148369010916
1.226419043989608
1.163666581691928
3.097370898791155
1.080335354684394
0.793172106889187
1.003574272134983
0.008217494073278
1.589776058122311
2.653198086615362
0.728425694898306
0.171257123396344
1.785766987497595
5.030809865928745
1.346796556885806
0.138186541218602
4.709480996890306
0.659241069580276
0.978535863258912
1.829827054782072
0.895353613933480
1.023611352908688
0.609642985549726
3.333438273879210
1.699569691925035
7.704410420151476
0.951108439801033
1.149414665436780
2.814931913002965
0.787434823893818
0.784129021793774
2.663059763732008
3.809802408782161
2.857233074711530
0.507165359083046
2.869073169241801
1.221742754715024
0.558369518145469
2.390145644594440
4.149968464840640
2.080020278440088
0.662323827005594
0.848133950694432
0.977413113213402
2.183565170557017
0.393095105526072
0.602801128050714
4.106138424963547
0.602041229493125
2.627016653196733
2.169433000454205
1.297261087568586
2.419355727995367
8.472229399856246
0.202413149405288
1.712928983464622
0.261720148526706
4.296609104482854
3.803055338477179
1.296976247041812
3.201583484638149
3.478134609668814
2.133060365123242
1.401991814955636
0.421540641087631
1.861434032870079
0.327639863512104
0.383773256298809
0.799339193026071
2.179979339264264
0.837960097630912
1.205766916221592
1.070274256369657
1.443182262783012
2.544314045190958
0.990170570199780
3.871680791665653
1.109938196372809
0.020722950047229
2.007998337619028
0.148404233525412
0.919795309598840
2.573395752205215
1.117303731423704
0.870956455939790
