0.000000000000000	0.100000000000000
0.628318530717959	0.098115044407846
1.256637061435917	0.082635134196970
1.884955592153876	0.030018730937174
2.513274122871834	-0.070279849493900
3.141592653589793	-0.190863622007581
3.769911184307752	-0.272814702142485
4.398229715025710	-0.280492885468265
5.026548245743669	-0.244863591388780
5.654866776461628	-0.221575317854900
6.283185307179586	-0.217398721510162
6.911503837897545	-0.178951708879472
7.539822368615503	-0.028223374986444
8.168140899333462	0.283582175943180
8.796459430051421	0.714924481446290
9.424777960769379	1.105324315896237
10.053096491487338	1.224505965171345
10.681415022205297	1.024194066960614
11.309733552923255	0.801409820481769
11.938052083641214	0.728769977954097
12.566370614359172	0.715032987500713
13.194689145077131	0.682585057541362
13.823007675795090	0.697338337220193
14.451326206513048	0.901404028645780
15.079644737231007	1.360975536121517
15.707963267948966	1.963610008273852
16.336281798666924	2.303676637841816
16.964600329384883	2.060110986187025
17.592918860102841	1.820085065925374
18.221237390820800	1.792276894446978
18.849555921538759	1.758493270898218
