0.000000000000000	0.100000000000000
0.942477796076938	0.097172566611769
1.884955592153876	0.036373448656582
2.827433388230814	-0.134528679196913
3.769911184307752	-0.316854299574173
4.712388980384690	-0.351808438436589
5.654866776461628	-0.323513519255860
6.597344572538566	-0.302570134844095
7.539822368615503	-0.051158901160414
8.482300164692441	0.626015016446134
9.424777960769379	1.477989202440762
10.367255756846317	1.849469227997998
11.309733552923255	1.561827289281753
12.252211349000193	1.504822377374391
13.194689145077131	1.531713970230177
14.137166941154069	1.839951300380688
15.079644737231007	1.305480000057348
16.022122533307943	0.605245706097138
16.964600329384879	0.842180981373738
17.907078125461815	0.981289031514399
18.849555921538752	0.953543737802314
