0.000000000000000	0.100000000000000
0.125663706143592	0.099623008881569
0.251327412287183	0.099222633897333
0.376991118430775	0.098737901486969
0.502654824574367	0.098073871369186
0.628318530717959	0.097104858302894
0.753982236861550	0.095678771381866
0.879645943005142	0.093622688550005
1.005309649148734	0.090749773307847
1.130973355292325	0.086867588318831
1.256637061435917	0.081787765782474
1.382300767579509	0.075336861098823
1.507964473723100	0.067368054281526
1.633628179866692	0.057773188276188
1.759291886010284	0.046494465171947
1.884955592153875	0.033534983663006
2.010619298297467	0.018967217731546
2.136283004441059	0.002938528123506
2.261946710584651	-0.014327120673891
2.387610416728243	-0.032531888740197
2.513274122871835	-0.051311617520465
2.638937829015427	-0.070248254219310
2.764601535159019	-0.088886786300504
2.890265241302611	-0.106755911686545
3.015928947446203	-0.123391271805202
3.141592653589794	-0.138359738116221
3.267256359733386	-0.151283013252735
3.392920065876978	-0.161858727087663
3.518583772020570	-0.169877306804481
3.644247478164162	-0.175233189938952
3.769911184307754	-0.177929414892813
3.895574890451346	-0.178075218805840
4.021238596594937	-0.175876925428573
4.146902302738529	-0.171623027896788
4.272566008882121	-0.165664876619674
4.398229715025713	-0.158394703600385
4.523893421169305	-0.150222816841712
4.649557127312897	-0.141555685492680
4.775220833456489	-0.132776345637638
4.900884539600081	-0.124228148749049
5.026548245743673	-0.116202419170070
5.152211951887264	-0.108930148199384
5.277875658030856	-0.102577480772490
5.403539364174448	-0.097244477876622
5.529203070318040	-0.092966476307933
5.654866776461632	-0.089717313930254
5.780530482605224	-0.087413728634294
5.906194188748816	-0.085920351460503
6.031857894892408	-0.085054874890045
6.157521601036000	-0.084593162430315
6.283185307179592	-0.084274253721153
6.408849013323183	-0.083805391857335
6.534512719466775	-0.082867341084169
6.660176425610367	-0.081120361209961
6.785840131753959	-0.078211250684465
6.911503837897551	-0.073781857034419
7.037167544041143	-0.067479378398293
7.162831250184735	-0.058968644643069
7.288494956328327	-0.047946377413861
7.414158662471919	-0.034157197492987
7.539822368615511	-0.017410892410830
7.665486074759102	0.002399801279923
7.791149780902694	0.025281885438528
7.916813487046286	0.051126439678705
8.042477193189878	0.079695934797589
8.168140899333469	0.110615912930489
8.293804605477060	0.143372419675345
8.419468311620651	0.177316478429667
8.545132017764242	0.211676697453641
8.670795723907833	0.245580767401572
8.796459430051424	0.278086104442418
8.922123136195015	0.308219189149986
9.047786842338606	0.335022239280146
9.173450548482197	0.357604786831094
9.299114254625788	0.375196636492791
9.424777960769379	0.387197773207798
9.550441666912970	0.393220316387872
9.676105373056561	0.393117819354275
9.801769079200152	0.386998205743057
9.927432785343743	0.375218357215173
10.053096491487334	0.358360552530159
10.178760197630925	0.337193190924742
10.304423903774516	0.312620063453683
10.430087609918107	0.285623516887625
10.555751316061698	0.257207038626924
10.681415022205289	0.228342154734125
10.807078728348881	0.199923324506386
10.932742434492472	0.172733054439505
11.058406140636063	0.147418036003636
11.184069846779654	0.124475938398837
11.309733552923245	0.104251653082282
11.435397259066836	0.086941294231605
11.561060965210427	0.072602056358707
11.686724671354018	0.061166045024323
11.812388377497609	0.052456360851750
11.938052083641200	0.046203976840350
12.063715789784791	0.042064265044218
12.189379495928382	0.039632372033892
12.315043202071973	0.038456989651997
12.440706908215564	0.038052397152430
12.566370614359155	0.037908942994816
12.692034320502746	0.037502371507519
12.817698026646337	0.036302566849010
12.943361732789928	0.033782374326195
13.069025438933519	0.029427162814670
13.194689145077110	0.022745713405998
13.320352851220701	0.013282866241729
13.446016557364292	0.000634143383932
13.571680263507883	-0.015537690994165
13.697343969651474	-0.035484449416991
13.823007675795065	-0.059353312649300
13.948671381938656	-0.087167447873902
14.074335088082247	-0.118807541199602
14.199998794225838	-0.153995540223549
14.325662500369429	-0.192282092706241
14.451326206513020	-0.233039347637047
14.576989912656611	-0.275460948532538
14.702653618800202	-0.318571158471174
14.828317324943793	-0.361245030753090
14.953981031087384	-0.402241251541583
15.079644737230975	-0.440248580548083
15.205308443374566	-0.473945577302378
15.330972149518157	-0.502071498109245
15.456635855661748	-0.523504035707671
15.582299561805339	-0.537337328808049
15.707963267948930	-0.542951965901361
15.833626974092521	-0.540068179390840
15.959290680236112	-0.528774538829966
16.084954386379703	-0.509527273397161
16.210618092523294	-0.483119427412639
16.336281798666885	-0.450623476761123
16.461945504810476	-0.413314743426536
16.587609210954067	-0.372585084953205
16.713272917097658	-0.329856550491267
16.838936623241249	-0.286503204338291
16.964600329384840	-0.243786759714332
17.090264035528431	-0.202808814069458
17.215927741672022	-0.164479975653656
17.341591447815613	-0.129504382386436
17.467255153959204	-0.098377111293210
17.592918860102795	-0.071391628913905
17.718582566246386	-0.048654521244888
17.844246272389977	-0.030105054610567
17.969909978533568	-0.015537504967296
18.095573684677159	-0.004624572413179
18.221237390820750	0.003059453785522
18.346901096964341	0.008016789446273
18.472564803107932	0.010806202654356
18.598228509251523	0.012025392422380
18.723892215395114	0.012295768372270
18.849555921538705	0.012249414417564
