0.000000000000000	0.100000000000000
0.099208189060730	0.099702375432818
0.198416378121461	0.099395981549308
0.297624567182191	0.099056951160232
0.396832756242921	0.098647768210026
0.496040945303652	0.098118073506706
0.595249134364382	0.097405730429487
0.694457323425112	0.096438171874434
0.793665512485842	0.095134052418577
0.892873701546573	0.093405227892613
0.992081890607303	0.091159077733253
1.091290079668034	0.088301173436563
1.190498268728764	0.084738279325954
1.289706457789494	0.080381650278524
1.388914646850225	0.075150566067625
1.488122835910955	0.068976015069200
1.587331024971685	0.061804413130946
1.686539214032416	0.053601218598581
1.785747403093146	0.044354284161350
1.884955592153877	0.034076772609416
1.984163781214607	0.022809458833293
2.083371970275337	0.010622246038579
2.182580159336067	-0.002385258820835
2.281788348396797	-0.016084236725868
2.380996537457527	-0.030318301980252
2.480204726518258	-0.044906338400088
2.579412915578988	-0.059646506242107
2.678621104639718	-0.074321337721706
2.777829293700448	-0.088703775271994
2.877037482761178	-0.102563945168054
2.976245671821908	-0.115676403924713
3.075453860882639	-0.127827550287262
3.174662049943369	-0.138822865904520
3.273870239004099	-0.148493636678574
3.373078428064829	-0.156702817171979
3.472286617125559	-0.163349733716224
3.571494806186289	-0.168373377471763
3.670702995247019	-0.171754113872569
3.769911184307750	-0.173513724625326
3.869119373368480	-0.173713795789060
3.968327562429210	-0.172452562283843
4.067535751489940	-0.169860407068234
4.166743940550671	-0.166094284611943
4.265952129611401	-0.161331387407575
4.365160318672132	-0.155762397857774
4.464368507732862	-0.149584665496845
4.563576696793593	-0.142995623392124
4.662784885854323	-0.136186712122683
4.761993074915054	-0.129338020769209
4.861201263975785	-0.122613788257910
4.960409453036515	-0.116158841359674
5.059617642097246	-0.110095983001976
5.158825831157976	-0.104524290433116
5.258034020218707	-0.099518239927589
5.357242209279438	-0.095127544517559
5.456450398340168	-0.091377573859179
5.555658587400899	-0.088270220015822
5.654866776461629	-0.085785078193836
5.754074965522360	-0.083880825396116
5.853283154583091	-0.082496700447861
5.952491343643821	-0.081554013742688
6.051699532704552	-0.080957642289166
6.150907721765282	-0.080597493308320
6.250115910826013	-0.080349946050113
6.349324099886744	-0.080079305188575
6.448532288947474	-0.079639318861242
6.547740478008205	-0.078874829077835
6.646948667068935	-0.077623630965861
6.746156856129666	-0.075718619471616
6.845365045190396	-0.072990297236536
6.944573234251127	-0.069269705222183
7.043781423311858	-0.064391818377988
7.142989612372588	-0.058199422720860
7.242197801433319	-0.050547458527839
7.341405990494049	-0.041307778263559
7.440614179554780	-0.030374229100064
7.539822368615511	-0.017667930469073
7.639030557676241	-0.003142579209543
7.738238746736972	0.013210419285139
7.837446935797702	0.031357223968870
7.936655124858433	0.051217486223410
8.035863313919164	0.072661196649995
8.135071502979894	0.095506716788876
8.234279692040625	0.119520253968933
8.333487881101355	0.144417017556884
8.432696070162086	0.169864261295398
8.531904259222816	0.195486366831069
8.631112448283547	0.220872055134419
8.730320637344278	0.245583722676392
8.829528826405008	0.269168786570788
8.928737015465739	0.291172788715369
9.027945204526469	0.311153858722629
9.127153393587200	0.328697979846355
9.226361582647931	0.343434357361573
9.325569771708661	0.355050075399478
9.424777960769392	0.363303168050718
9.523986149830122	0.368033243019186
9.623194338890853	0.369168893336270
9.722402527951584	0.366731315315044
9.821610717012314	0.360833806038109
9.920818906073045	0.351677115154972
10.020027095133775	0.339540938196268
10.119235284194506	0.324772123437909
10.218443473255236	0.307770387072113
10.317651662315967	0.288972467953369
10.416859851376698	0.268835693613781
10.516068040437428	0.247821878493968
10.615276229498159	0.226382350508297
10.714484418558889	0.204944727723184
10.813692607619620	0.183901869726325
10.912900796680351	0.163603232248499
11.012108985741081	0.144348677103725
11.111317174801812	0.126384643929955
11.210525363862542	0.109902480368378
11.309733552923273	0.095038652899782
11.408941741984004	0.081876517933862
11.508149931044734	0.070449316698132
11.607358120105465	0.060744062472855
11.706566309166195	0.052706009716884
11.805774498226926	0.046243427362719
11.904982687287657	0.041232439542391
12.004190876348387	0.037521743359636
12.103399065409118	0.034937062568066
12.202607254469848	0.033285245906196
12.301815443530579	0.032357967287412
12.401023632591309	0.031935030096783
12.500231821652040	0.031787317736628
12.599440010712771	0.031679465756622
12.698648199773501	0.031372356163976
12.797856388834232	0.030625550934116
12.897064577894962	0.029199788794170
12.996272766955693	0.026859666869402
13.095480956016424	0.023376616988667
13.194689145077154	0.018532265947552
13.293897334137885	0.012122240816097
13.393105523198615	0.003960445798095
13.492313712259346	-0.006116202150217
13.591521901320077	-0.018242633898934
13.690730090380807	-0.032520182993592
13.789938279441538	-0.049010975121379
13.889146468502268	-0.067732332486288
13.988354657562999	-0.088651409964888
14.087562846623729	-0.111680312577689
14.186771035684460	-0.136671972357592
14.285979224745191	-0.163417086929400
14.385187413805921	-0.191642441279972
14.484395602866652	-0.221010946288456
14.583603791927382	-0.251123728647555
14.682811980988113	-0.281524590500772
14.782020170048844	-0.311707114817274
14.881228359109574	-0.341124614221917
14.980436548170305	-0.369202997248581
15.079644737231035	-0.395356450823594
15.178852926291766	-0.419005612271307
15.278061115352497	-0.439597639760788
15.377269304413227	-0.456627310962981
15.476477493473958	-0.469658022060444
15.575685682534688	-0.478341367780471
15.674893871595419	-0.482433903185994
15.774102060656150	-0.481809755417206
15.873310249716880	-0.476467984190079
15.972518438777611	-0.466533971595730
16.071726627838341	-0.452254613030837
16.170934816899070	-0.433987616591258
16.270143005959799	-0.412185721472073
16.369351195020528	-0.387377045349621
16.468559384081257	-0.360143015077760
16.567767573141985	-0.331095402965674
16.666975762202714	-0.300853892853126
16.766183951263443	-0.270025372461167
16.865392140324172	-0.239185842146574
16.964600329384901	-0.208865498572152
17.063808518445629	-0.179537240102603
17.163016707506358	-0.151608579733650
17.262224896567087	-0.125416755882098
17.361433085627816	-0.101226702428705
17.460641274688545	-0.079231468526696
17.559849463749273	-0.059554652645957
17.659057652810002	-0.042254420216795
17.758265841870731	-0.027328698195746
17.857474030931460	-0.014721174321079
17.956682219992189	-0.004327768557574
18.055890409052918	0.003996713248035
18.155098598113646	0.010431988965428
18.254306787174375	0.015185972079129
18.353514976235104	0.018488856750522
18.452723165295833	0.020587717591187
18.551931354356562	0.021741676502964
18.651139543417290	0.022217641649593
18.750347732478019	0.022286580297251
18.849555921538748	0.022220249959101
