0.000000000000000	0.100000000000000
0.104719755119660	0.099685840734641
0.209439510239320	0.099360686730050
0.314159265358979	0.098994951604742
0.418879020478639	0.098542212923738
0.523598775598299	0.097940317651895
0.628318530717959	0.097112850150554
0.733038285837618	0.095970994490504
0.837758040957278	0.094415825718257
0.942477796076938	0.092341060034729
1.047197551196598	0.089636280875752
1.151917306316258	0.086190636473973
1.256637061435917	0.081896975189248
1.361356816555577	0.076656349062455
1.466076571675237	0.070382775830953
1.570796326794896	0.063008107961332
1.675516081914556	0.054486817644557
1.780235837034216	0.044800473074024
1.884955592153875	0.033961657648504
1.989675347273535	0.022017073633513
2.094395102393195	0.009049578176587
2.199114857512855	-0.004821075756500
2.303834612632515	-0.019438977441020
2.408554367752175	-0.034614397890382
2.513274122871834	-0.050127776111663
2.617993877991494	-0.065735308308196
2.722713633111154	-0.081175999891401
2.827433388230814	-0.096179942465592
2.932153143350474	-0.110477485516134
3.036872898470134	-0.123808892565595
3.141592653589794	-0.135934011459701
3.246312408709454	-0.146641455224720
3.351032163829114	-0.155756789454299
3.455751918948774	-0.163149258162982
3.560471674068434	-0.168736653106738
3.665191429188094	-0.172488038477194
3.769911184307754	-0.174424176251643
3.874630939427413	-0.174615646229013
3.979350694547073	-0.173178805236672
4.084070449666733	-0.170269867672857
4.188790204786392	-0.166077501199806
4.293509959906052	-0.160814406908960
4.398229715025711	-0.154708387050469
4.502949470145371	-0.147993394967833
4.607669225265030	-0.140901015528387
4.712388980384690	-0.133652748190889
4.817108735504349	-0.126453369283106
4.921828490624009	-0.119485546121765
5.026548245743668	-0.112905773574137
5.131268000863328	-0.106841611998460
5.235987755982987	-0.101390130273092
5.340707511102647	-0.096617402348729
5.445427266222306	-0.092558871598411
5.550147021341965	-0.089220383417071
5.654866776461625	-0.086579690818904
5.759586531581284	-0.084588257050298
5.864306286700944	-0.083173209852685
5.969026041820603	-0.082239340227075
6.073745796940263	-0.081671080761594
6.178465552059922	-0.081334441476618
6.283185307179582	-0.081078921792792
6.387905062299241	-0.080739453114012
6.492624817418901	-0.080138455510547
6.597344572538560	-0.079088112324820
6.702064327658220	-0.077392976797208
6.806784082777879	-0.074853023986238
6.911503837897539	-0.071267248727523
7.016223593017198	-0.066437886043831
7.120943348136858	-0.060175294812468
7.225663103256517	-0.052303499863530
7.330382858376177	-0.042666334044152
7.435102613495836	-0.031134062901838
7.539822368615495	-0.017610313879070
7.644542123735155	-0.002039072988233
7.749261878854814	0.015588541411873
7.853981633974474	0.035228062473639
7.958701389094133	0.056776383622050
8.063421144213793	0.080067778027819
8.168140899333453	0.104871617452028
8.272860654453114	0.130892164644151
8.377580409572774	0.157770779486176
8.482300164692434	0.185090822334648
8.587019919812095	0.212385454073793
8.691739674931755	0.239148416154306
8.796459430051415	0.264847721066431
8.901179185171076	0.288941993191454
9.005898940290736	0.310898976821837
9.110618695410396	0.330215486188282
9.215338450530057	0.346437835657471
9.320058205649717	0.359181590149940
9.424777960769378	0.368149354586659
9.529497715889038	0.373145312908032
9.634217471008698	0.374085356757199
9.738937226128359	0.371001916306677
9.843656981248019	0.364043000940820
9.948376736367679	0.353465431044819
10.053096491487340	0.339622731859284
10.157816246607000	0.322948598635294
10.262536001726660	0.303937170175348
10.367255756846321	0.283121526884254
10.471975511965981	0.261051848439877
10.576695267085642	0.238274540635829
10.681415022205302	0.215313406592544
10.786134777324962	0.192653640326014
10.890854532444623	0.170729106409959
10.995574287564283	0.149913075851015
11.100294042683943	0.130512340637797
11.205013797803604	0.112764440160701
11.309733552923264	0.096837603576783
11.414453308042924	0.082832937771690
11.519173063162585	0.070788361767790
11.623892818282245	0.060683795304177
11.728612573401906	0.052447142764721
11.833332328521566	0.045960666077583
11.938052083641226	0.041067405595643
12.042771838760887	0.037577381391566
12.147491593880547	0.035273384692509
12.252211349000207	0.033916246574372
12.356931104119868	0.033249545025602
12.461650859239528	0.033003778819739
12.566370614359188	0.032900094390659
12.671090369478849	0.032653697635716
12.775810124598509	0.031977114403387
12.880529879718170	0.030583480126135
12.985249634837830	0.028190040102088
13.089969389957490	0.024522027491949
13.194689145077151	0.019317057086311
13.299408900196811	0.012330130934381
13.404128655316471	0.003339299301392
13.508848410436132	-0.007848040001165
13.613568165555792	-0.021388285857786
13.718287920675452	-0.037394369849472
13.823007675795113	-0.055928296657594
13.927727430914773	-0.076993761816720
14.032447186034434	-0.100529174445598
14.137166941154094	-0.126401461131377
14.241886696273754	-0.154401069600440
14.346606451393415	-0.184238626973673
14.451326206513075	-0.215543735559706
14.556045961632735	-0.247866404595389
14.660765716752396	-0.280681610151277
14.765485471872056	-0.313397433869246
14.870205226991716	-0.345367136737370
14.974924982111377	-0.375905358268191
15.079644737231037	-0.404308379980063
15.184364492350698	-0.429878051818071
15.289084247470358	-0.451948566219573
15.393804002590018	-0.469914815615670
15.498523757709679	-0.483260647973535
15.603243512829339	-0.491585021490657
15.707963267948999	-0.494623936200145
15.812683023068660	-0.492266151273773
15.917402778188320	-0.484561106866229
16.022122533307979	-0.471718128723278
16.126842288427639	-0.454096816964630
16.231562043547299	-0.432189380974785
16.336281798666960	-0.406596441026260
16.441001553786620	-0.377998355586310
16.545721308906280	-0.347124380919566
16.650441064025941	-0.314721917645046
16.755160819145601	-0.281527795224749
16.859880574265262	-0.248243075853207
16.964600329384922	-0.215512322421472
17.069320084504582	-0.183907758955556
17.174039839624243	-0.153918317989775
17.278759594743903	-0.125943248438349
17.383479349863563	-0.100289752798768
17.488199104983224	-0.077174018087364
17.592918860102884	-0.056724975759528
17.697638615222544	-0.038990146149848
17.802358370342205	-0.023942971322370
17.907078125461865	-0.011491102022671
18.011797880581526	-0.001485171584079
18.116517635701186	0.006272341030262
18.221237390820846	0.012018485801250
18.325957145940507	0.016021707400114
18.430676901060167	0.018574380468800
18.535396656179827	0.019986116895246
18.640116411299488	0.020577873432613
18.744836166419148	0.020676819017452
18.849555921538808	0.020611860874727
