0.000000000000000	0.100000000000000
0.110879740714934	0.099666026588858
0.221759481429868	0.099312546119415
0.332639222144802	0.098898967306052
0.443518962859736	0.098363975103560
0.554398703574669	0.097627201373865
0.665278444289603	0.096591478289767
0.776158185004537	0.095145732266459
0.887037925719471	0.093168567472254
0.997917666434405	0.090532564700453
1.108797407149339	0.087109283341247
1.219677147864273	0.082774902635915
1.330556888579206	0.077416376261575
1.441436629294140	0.070937906212779
1.552316370009074	0.063267474042546
1.663196110724008	0.054363106983175
1.774075851438941	0.044218510860798
1.884955592153875	0.032867678189484
1.995835332868809	0.020388084223502
2.106715073583743	0.006902119826351
2.217594814298677	-0.007423521096313
2.328474555013611	-0.022380681965331
2.439354295728545	-0.037724867920064
2.550234036443479	-0.053182565499495
2.661113777158413	-0.068460514868658
2.771993517873347	-0.083256540365669
2.882873258588281	-0.097271408984816
2.993752999303215	-0.110221078761676
3.104632740018149	-0.121848632353535
3.215512480733083	-0.131935175689175
3.326392221448017	-0.140309023777117
3.437271962162951	-0.146852596444451
3.548151702877885	-0.151506600064601
3.659031443592819	-0.154271264467246
3.769911184307753	-0.155204618634471
3.880790925022687	-0.154418002407694
3.991670665737621	-0.152069201899797
4.102550406452555	-0.148353744383176
4.213430147167489	-0.143494980843836
4.324309887882422	-0.137733615568225
4.435189628597356	-0.131317314386615
4.546069369312289	-0.124490945623832
4.656949110027223	-0.117487894141284
4.767828850742156	-0.110522754947037
4.878708591457090	-0.103785574278858
4.989588332172024	-0.097437676262655
5.100468072886957	-0.091609002364531
5.211347813601891	-0.086396805326279
5.322227554316824	-0.081865481982816
5.433107295031758	-0.078047300171572
5.543987035746691	-0.074943771440702
5.654866776461625	-0.072527439508991
5.765746517176559	-0.070743889659534
5.876626257891492	-0.069513831418573
5.987505998606426	-0.068735161052307
6.098385739321359	-0.068284967033001
6.209265480036293	-0.068021496564835
6.320145220751226	-0.067786150871441
6.431024961466160	-0.067405618008525
6.541904702181093	-0.066694281631030
6.652784442896027	-0.065457059934652
6.763664183610961	-0.063492828849475
6.874543924325894	-0.060598566000663
6.985423665040828	-0.056574316272382
7.096303405755761	-0.051229026384719
7.207183146470695	-0.044387226409489
7.318062887185628	-0.035896453792357
7.428942627900562	-0.025635224902696
7.539822368615495	-0.013521266393845
7.650702109330429	0.000480369375908
7.761581850045363	0.016349756680592
7.872461590760296	0.034005625401643
7.983341331475230	0.053300507180424
8.094221072190164	0.074018040008744
8.205100812905098	0.095872937554682
8.315980553620031	0.118514054736592
8.426860294334965	0.141530862903181
8.537740035049898	0.164463484009475
8.648619775764832	0.186816223420638
8.759499516479766	0.208074290150298
8.870379257194699	0.227723113550030
8.981258997909633	0.245269378400135
9.092138738624566	0.260262637736756
9.203018479339500	0.272316163860533
9.313898220054433	0.281125603641194
9.424777960769367	0.286484048022361
9.535657701484300	0.288292324166799
9.646537442199234	0.286563664135743
9.757417182914168	0.281422361661244
9.868296923629101	0.273096541217393
9.979176664344035	0.261905662095210
10.090056405058968	0.248243797649713
10.200936145773902	0.232560015250396
10.311815886488835	0.215337309627341
10.422695627203769	0.197071512616724
10.533575367918703	0.178251440510221
10.644455108633636	0.159341285906053
10.755334849348570	0.140765958682399
10.866214590063503	0.122899771383792
10.977094330778437	0.106058579734138
11.087974071493370	0.090495249795961
11.198853812208304	0.076398139623672
11.309733552923237	0.063892157038648
11.420613293638171	0.053041882844282
11.531493034353105	0.043856223799345
11.642372775068038	0.036294074040762
11.753252515782972	0.030270509144615
11.864132256497905	0.025663105588625
11.975011997212839	0.022318062408065
12.085891737927772	0.020055894241390
12.196771478642706	0.018676559313441
12.307651219357640	0.017963976536575
12.418530960072573	0.017689968012614
12.529410700787507	0.017617732882179
12.640290441502440	0.017505012669266
12.751170182217374	0.017107144805011
12.862049922932307	0.016180218420126
12.972929663647241	0.014484543982156
13.083809404362174	0.011788625804175
13.194689145077108	0.007873784478453
13.305568885792042	0.002539516345706
13.416448626506975	-0.004390398386355
13.527328367221909	-0.013061114855176
13.638208107936842	-0.023579441274515
13.749087848651776	-0.036006323825092
13.859967589366709	-0.050349461025988
13.970847330081643	-0.066556493443054
14.081727070796576	-0.084509281477567
14.192606811511510	-0.104019827666886
14.303486552226444	-0.124828413716962
14.414366292941377	-0.146604499318908
14.525246033656311	-0.168950862212816
14.636125774371244	-0.191411339533693
14.747005515086178	-0.213482353201295
14.857885255801111	-0.234628164897372
14.968764996516045	-0.254299514248546
15.079644737230979	-0.271954963386829
15.190524477945912	-0.287083931655748
15.301404218660846	-0.299230098414515
15.412283959375779	-0.308013630636541
15.523163700090713	-0.313150605709979
15.634043440805646	-0.314468086357479
15.744923181520580	-0.311913577221598
15.855802922235513	-0.305558032390752
15.966682662950447	-0.295592138316023
16.077562403665382	-0.282316191432421
16.188442144380318	-0.266124440034209
16.299321885095253	-0.247485190824422
16.410201625810188	-0.226918242156517
16.521081366525124	-0.204971281271324
16.631961107240059	-0.182196786830750
16.742840847954994	-0.159130749646816
16.853720588669930	-0.136274214377650
16.964600329384865	-0.114078303672421
17.075480070099800	-0.092933055526522
17.186359810814736	-0.073160113128469
17.297239551529671	-0.055009069729185
17.408119292244606	-0.038657093925049
17.518999032959542	-0.024211341110237
17.629878773674477	-0.011713588956397
17.740758514389412	-0.001146511530898
17.851638255104348	0.007558979128053
17.962517995819283	0.014515850453863
18.073397736534218	0.019872983882070
18.184277477249154	0.023807499262813
18.295157217964089	0.026517646670358
18.406036958679024	0.028216444581878
18.516916699393960	0.029126147872963
18.627796440108895	0.029473542044228
18.738676180823830	0.029485985939951
18.849555921538766	0.029388067115204
