0.000000000000000	0.000000000000000
0.110879740714934	0.011069532596142
0.221759481429868	0.022101262755285
0.332639222144802	0.033090974061602
0.443518962859736	0.044028788772842
0.554398703574669	0.054896958096544
0.665278444289603	0.065667868487318
0.776158185004537	0.076302331588865
0.887037925719471	0.086748231622142
0.997917666434405	0.096939608453349
1.108797407149339	0.106796255615833
1.219677147864273	0.116223908613049
1.330556888579206	0.125115088528594
1.441436629294140	0.133350648366227
1.552316370009074	0.140802044289054
1.663196110724008	0.147334321420643
1.774075851438941	0.152809765339946
1.884955592153875	0.157092127906283
1.995835332868809	0.160051292385679
2.106715073583743	0.161568201357277
2.217594814298677	0.161539835180621
2.328474555013611	0.159884002489434
2.439354295728545	0.156543690469458
2.550234036443479	0.151490724122300
2.661113777158413	0.144728501900389
2.771993517873347	0.136293610417940
2.882873258588281	0.126256172438010
2.993752999303215	0.114718847592299
3.104632740018149	0.101814480451300
3.215512480733083	0.087702470479916
3.326392221448017	0.072564016979166
3.437271962162951	0.056596462782555
3.548151702877885	0.040007016953258
3.659031443592819	0.023006173749776
3.769911184307753	0.005801159187734
3.880790925022687	-0.011410273578395
3.991670665737621	-0.028445411768492
4.102550406452555	-0.045141277166917
4.213430147167489	-0.061358276401947
4.324309887882422	-0.076982709280311
4.435189628597356	-0.091928109799811
4.546069369312289	-0.106135461067239
4.656949110027223	-0.119572381057186
4.767828850742156	-0.132231417810863
4.878708591457090	-0.144127618933895
4.989588332172024	-0.155295551391989
5.100468072886957	-0.165785945232411
5.211347813601891	-0.175662121509220
5.322227554316824	-0.184996343401282
5.433107295031758	-0.193866203462198
5.543987035746691	-0.202351132149662
5.654866776461625	-0.210529085899243
5.765746517176559	-0.218473449188799
5.876626257891492	-0.226250165885644
5.987505998606426	-0.233915101720979
6.098385739321359	-0.241511632507160
6.209265480036293	-0.249068451733264
6.320145220751226	-0.256597596044545
6.431024961466160	-0.264092697054836
6.541904702181093	-0.271527481846958
6.652784442896027	-0.278854560979944
6.763664183610961	-0.286004560186768
6.874543924325894	-0.292885668356723
6.985423665040828	-0.299383687871397
7.096303405755761	-0.305362681897922
7.207183146470695	-0.310666314941678
7.318062887185628	-0.315119976193657
7.428942627900562	-0.318533758781623
7.539822368615495	-0.320706341351092
7.650702109330429	-0.321429781586541
7.761581850045363	-0.320495185253348
7.872461590760296	-0.317699160817062
7.983341331475230	-0.312850911148154
8.094221072190164	-0.305779753377264
8.205100812905098	-0.296342799320833
8.315980553620031	-0.284432476227006
8.426860294334965	-0.269983525498196
8.537740035049898	-0.252979090477551
8.648619775764832	-0.233455498460885
8.759499516479766	-0.211505361729232
8.870379257194699	-0.187278671643872
8.981258997909633	-0.160981640943919
9.092138738624566	-0.132873161627247
9.203018479339500	-0.103258884474615
9.313898220054433	-0.072483082107466
9.424777960769367	-0.040918616834481
9.535657701484300	-0.008955480820542
9.646537442199234	0.023011507965661
9.757417182914168	0.054595199953225
9.868296923629101	0.085428128674528
9.979176664344035	0.115173418275916
10.090056405058968	0.143534050219020
10.200936145773902	0.170260089570277
10.311815886488835	0.195153628555244
10.422695627203769	0.218071367548583
10.533575367918703	0.238924904897079
10.644455108633636	0.257678934222969
10.755334849348570	0.274347643304367
10.866214590063503	0.288989669366538
10.977094330778437	0.301701992859196
11.087974071493370	0.312613149684733
11.198853812208304	0.321876116193966
11.309733552923237	0.329661178498280
11.420613293638171	0.336149044023397
11.531493034353105	0.341524394398755
11.642372775068038	0.345970019546367
11.753252515782972	0.349661617098400
11.864132256497905	0.352763292019040
11.975011997212839	0.355423750649721
12.085891737927772	0.357773152640189
12.196771478642706	0.359920563925460
12.307651219357640	0.361951943944542
12.418530960072573	0.363928599974043
12.529410700787507	0.365886049589199
12.640290441502440	0.367833247304937
12.751170182217374	0.369752151541810
12.862049922932307	0.371597631156989
12.972929663647241	0.373297734707079
13.083809404362174	0.374754368145543
13.194689145077108	0.375844445607662
13.305568885792042	0.376421591216679
13.416448626506975	0.376318475584422
13.527328367221909	0.375349867329875
13.638208107936842	0.373316466391334
13.749087848651776	0.370009561601666
13.859967589366709	0.365216520005866
13.970847330081643	0.358727070490175
14.081727070796576	0.350340290941751
14.192606811511510	0.339872148566789
14.303486552226444	0.327163380089396
14.414366292941377	0.312087436012690
14.525246033656311	0.294558155427127
14.636125774371244	0.274536790313819
14.747005515086178	0.252037967005730
14.857885255801111	0.227134164043396
14.968764996516045	0.199958306613720
15.079644737230979	0.170704133513237
15.190524477945912	0.139624086078289
15.301404218660846	0.107024598714281
15.412283959375779	0.073258831180916
15.523163700090713	0.038717061463081
15.634043440805646	0.003815137520796
15.744923181520580	-0.031018453992747
15.855802922235513	-0.065356224132180
15.966682662950447	-0.098785281779490
16.077562403665382	-0.130920158011071
16.188442144380318	-0.161414182427618
16.299321885095253	-0.189968862225523
16.410201625810188	-0.216340877126341
16.521081366525124	-0.240346484445383
16.631961107240059	-0.261863308078592
16.742840847954994	-0.280829645733085
16.853720588669930	-0.297241558283672
16.964600329384865	-0.311148097536134
17.075480070099800	-0.322645083033026
17.186359810814736	-0.331867857928300
17.297239551529671	-0.338983443882549
17.408119292244606	-0.344182481941316
17.518999032959542	-0.347671297067008
17.629878773674477	-0.349664364501263
17.740758514389412	-0.350377391779239
17.851638255104348	-0.350021165528954
17.962517995819283	-0.348796250910628
18.073397736534218	-0.346888576671154
18.184277477249154	-0.344465892548221
18.295157217964089	-0.341675049642028
18.406036958679024	-0.338640029108968
18.516916699393960	-0.335460630122933
18.627796440108895	-0.332211723840703
18.738676180823830	-0.328942984892092
18.849555921538766	-0.325679024067175
