0.000000000000000	0.100000000000000
0.125663706143592	0.099620606522424
0.251327412287183	0.099208687655177
0.376991118430775	0.098697644958772
0.502654824574367	0.097987492013142
0.628318530717959	0.096948386298318
0.753982236861550	0.095425450275018
0.879645943005142	0.093245011833293
1.005309649148734	0.090222347574359
1.130973355292325	0.086170920269270
1.256637061435917	0.080912967192054
1.382300767579509	0.074291128217919
1.507964473723100	0.066180617617614
1.633628179866692	0.056501263147708
1.759291886010284	0.045228585804724
1.884955592153875	0.032402999482188
2.010619298297467	0.018136194501377
2.136283004441059	0.002613848388226
2.261946710584651	-0.013906012694709
2.387610416728243	-0.031099403242431
2.513274122871835	-0.048587566457903
2.638937829015427	-0.065952605163727
2.764601535159019	-0.082756781462467
2.890265241302611	-0.098564321118517
3.015928947446203	-0.112964242751324
3.141592653589794	-0.125592534455165
3.267256359733386	-0.136151958265416
3.392920065876978	-0.144427897901674
3.518583772020570	-0.150298977224754
3.644247478164162	-0.153741639003709
3.769911184307754	-0.154828433076394
3.895574890451346	-0.153720348043982
4.021238596594937	-0.150654053117662
4.146902302738529	-0.145925327101283
4.272566008882121	-0.139870192133153
4.398229715025713	-0.132845322944206
4.523893421169305	-0.125209180777100
4.649557127312897	-0.117305062106122
4.775220833456489	-0.109446907717573
4.900884539600081	-0.101908342704184
5.026548245743673	-0.094915061605471
5.152211951887264	-0.088640372328580
5.277875658030856	-0.083203490187007
5.403539364174448	-0.078670038106458
5.529203070318040	-0.075054158114690
5.654866776461632	-0.072321661966830
5.780530482605224	-0.070393729746886
5.906194188748816	-0.069150787171545
6.031857894892408	-0.068436337806035
6.157521601036000	-0.068060679455771
6.283185307179592	-0.067804580386106
6.408849013323183	-0.067423118341178
6.534512719466775	-0.066649982810407
6.660176425610367	-0.065202599320115
6.785840131753959	-0.062788445948783
6.911503837897551	-0.059112891053541
7.037167544041143	-0.053888784567607
7.162831250184735	-0.046847884505620
7.288494956328327	-0.037754002049058
7.414158662471919	-0.026417515222636
7.539822368615511	-0.012710650867208
7.665486074759102	0.003417310010450
7.791149780902694	0.021925962415886
7.916813487046286	0.042672060532974
8.042477193189878	0.065401451924493
8.168140899333469	0.089745944131485
8.293804605477060	0.115226254788342
8.419468311620651	0.141261938660429
8.545132017764242	0.167188789082714
8.670795723907833	0.192283673604314
8.796459430051424	0.215796096352700
8.922123136195015	0.236985021887035
9.047786842338606	0.255158723140135
9.173450548482197	0.269714743754726
9.299114254625788	0.280176631830829
9.424777960769379	0.286224041485798
9.550441666912970	0.287713197630065
9.676105373056561	0.284685579744436
9.801769079200152	0.277363900168895
9.927432785343743	0.266135838877577
10.053096491487334	0.251527311530824
10.178760197630925	0.234168068458033
10.304423903774516	0.214752999346149
10.430087609918107	0.194002605532724
10.555751316061698	0.172625753544012
10.681415022205289	0.151287164961019
10.807078728348881	0.130581281566332
10.932742434492472	0.111013312476099
11.058406140636063	0.092987527280977
11.184069846779654	0.076802268261613
11.309733552923245	0.062650739079016
11.435397259066836	0.050626383069248
11.561060965210427	0.040731571591841
11.686724671354018	0.032888354874674
11.812388377497609	0.026950155703724
11.938052083641200	0.022713482060339
12.063715789784791	0.019928972102297
12.189379495928382	0.018311339711181
12.315043202071973	0.017548039974034
12.440706908215564	0.017306703474806
12.566370614359155	0.017241581723240
12.692034320502746	0.016999392559788
12.817698026646337	0.016225046319447
12.943361732789928	0.014567766185720
13.069025438933519	0.011688087440655
13.194689145077110	0.007266130836893
13.320352851220701	0.001011398752324
13.446016557364292	-0.007325853615528
13.571680263507883	-0.017941854748204
13.697343969651474	-0.030965602021076
13.823007675795065	-0.046444899471257
13.948671381938656	-0.064333098080924
14.074335088082247	-0.084477695521434
14.199998794225838	-0.106612097256628
14.325662500369429	-0.130351900502645
14.451326206513020	-0.155197012355822
14.576989912656611	-0.180540727570684
14.702653618800202	-0.205686544624734
14.828317324943793	-0.229872972231426
14.953981031087384	-0.252305872175615
15.079644737230975	-0.272197031967471
15.205308443374566	-0.288806743915784
15.330972149518157	-0.301487319287582
15.456635855661748	-0.309723858369403
15.582299561805339	-0.313168402231419
15.707963267948930	-0.311663932628291
15.833626974092521	-0.305255585158783
15.959290680236112	-0.294187792115855
16.084954386379703	-0.278887654336825
16.210618092523294	-0.259936372236756
16.336281798666885	-0.238031775582983
16.461945504810476	-0.213945695314736
16.587609210954067	-0.188480059797099
16.713272917097658	-0.162425235380781
16.838936623241249	-0.136523413949247
16.964600329384840	-0.111438955632774
17.090264035528431	-0.087736683386680
17.215927741672022	-0.065868312781473
17.341591447815613	-0.046166548385361
17.467255153959204	-0.028845907798576
17.592918860102795	-0.014009038343093
17.718582566246386	-0.001657148860533
17.844246272389977	0.008296834773091
17.969909978533568	0.016013691678707
18.095573684677159	0.021713036746994
18.221237390820750	0.025659065272351
18.346901096964341	0.028147558550032
18.472564803107932	0.029494531075646
18.598228509251523	0.030026646593624
18.723892215395114	0.030073307944028
18.849555921538705	0.029960147948450
