0.000000000000000	0.000000000000000
0.125663706143592	0.012542683563797
0.251327412287183	0.025036225392184
0.376991118430775	0.037472717051793
0.502654824574367	0.049833755886948
0.628318530717959	0.062086459300821
0.753982236861550	0.074179999458939
0.879645943005142	0.086042828368288
1.005309649148734	0.097580777654729
1.130973355292325	0.108676223071243
1.256637061435917	0.119188495179719
1.382300767579509	0.128955689868618
1.507964473723100	0.137797982095475
1.633628179866692	0.145522472566394
1.759291886010284	0.151929502087599
1.884955592153875	0.156820257451497
2.010619298297467	0.160005374499425
2.136283004441059	0.161314129480974
2.261946710584651	0.160603711474562
2.387610416728243	0.157767998972820
2.513274122871835	0.152745233883175
2.638937829015427	0.145524004442136
2.764601535159019	0.136147019147479
2.890265241302611	0.124712276043645
3.015928947446203	0.111371399220252
3.141592653589794	0.096325115119264
3.267256359733386	0.079816057865333
3.392920065876978	0.062119304131426
3.518583772020570	0.043531221277252
3.644247478164162	0.024357346485346
3.769911184307754	0.004900083225267
3.895574890451346	-0.014553003539808
4.021238596594937	-0.033739588841795
4.146902302738529	-0.052431118896394
4.272566008882121	-0.070439084397176
4.398229715025713	-0.087618846407813
4.523893421169305	-0.103871018676450
4.649557127312897	-0.119140578648423
4.775220833456489	-0.133414008761710
4.900884539600081	-0.146714852488202
5.026548245743673	-0.159098105499274
5.152211951887264	-0.170643856277925
5.277875658030856	-0.181450551235054
5.403539364174448	-0.191628197603468
5.529203070318040	-0.201291744074487
5.654866776461632	-0.210554804378800
5.780530482605224	-0.219523821148909
5.906194188748816	-0.228292712669729
6.031857894892408	-0.236938007546266
6.157521601036000	-0.245514453800264
6.283185307179592	-0.254051089455771
6.408849013323183	-0.262547779625950
6.534512719466775	-0.270972257366196
6.660176425610367	-0.279257747756728
6.785840131753959	-0.287301301396642
6.911503837897551	-0.294963008451073
7.037167544041143	-0.302066300759220
7.162831250184735	-0.308399570330991
7.288494956328327	-0.313719331349657
7.414158662471919	-0.317755124251156
7.539822368615511	-0.320216301187419
7.665486074759102	-0.320800741409114
7.791149780902694	-0.319205425062796
7.916813487046286	-0.315138649999371
8.042477193189878	-0.308333516845946
8.168140899333469	-0.298562143835951
8.293804605477060	-0.285649917959500
8.419468311620651	-0.269488957988297
8.545132017764242	-0.250049874517577
8.670795723907833	-0.227390880049468
8.796459430051424	-0.201663345735542
8.922123136195015	-0.173113035239289
9.047786842338606	-0.142076477863073
9.173450548482197	-0.108972268287053
9.299114254625788	-0.074287478375847
9.424777960769379	-0.038559798950342
9.550441666912970	-0.002356442681343
9.676105373056561	0.033748826710832
9.801769079200152	0.069198973112137
9.927432785343743	0.103475676580774
10.053096491487334	0.136118577188170
10.178760197630925	0.166740614576732
10.304423903774516	0.195038702171473
10.430087609918107	0.220799415633219
10.555751316061698	0.243899797471292
10.681415022205289	0.264303735451479
10.807078728348881	0.282054631803180
10.932742434492472	0.297265232895067
11.058406140636063	0.310105540670405
11.184069846779654	0.320789693976258
11.309733552923245	0.329562611411960
11.435397259066836	0.336687049794977
11.561060965210427	0.342431574342557
11.686724671354018	0.347059775604944
11.812388377497609	0.350820917869439
11.938052083641200	0.353942074388797
12.063715789784791	0.356621703158432
12.189379495928382	0.359024546703731
12.315043202071973	0.361277701231322
12.440706908215564	0.363467692875149
12.566370614359155	0.365638417927319
12.692034320502746	0.367789844601920
12.817698026646337	0.369877429604913
12.943361732789928	0.371812266380300
13.069025438933519	0.373462045759146
13.194689145077110	0.374652966148926
13.320352851220701	0.375172771922516
13.446016557364292	0.374775118527027
13.571680263507883	0.373185455411229
13.697343969651474	0.370108579208897
13.823007675795065	0.365237937904635
13.948671381938656	0.358266662668159
14.074335088082247	0.348900171148776
14.199998794225838	0.336870030596018
14.325662500369429	0.321948600412024
14.451326206513020	0.303963803799323
14.576989912656611	0.282813222329937
14.702653618800202	0.258476584080400
14.828317324943793	0.231025646950095
14.953981031087384	0.200630486926468
15.079644737230975	0.167561307737867
15.205308443374566	0.132185108051297
15.330972149518157	0.094956876232107
15.456635855661748	0.056405412250311
15.582299561805339	0.017114360573446
15.707963267948930	-0.022300484118479
15.833626974092521	-0.061216136153998
15.959290680236112	-0.099027924665703
16.084954386379703	-0.135173761471452
16.210618092523294	-0.169155522927994
16.336281798666885	-0.200556212315362
16.461945504810476	-0.229052007892126
16.587609210954067	-0.254418793827495
16.713272917097658	-0.276533246929454
16.838936623241249	-0.295368955945498
16.964600329384840	-0.310988348468586
17.090264035528431	-0.323531381707785
17.215927741672022	-0.333202024001345
17.341591447815613	-0.340253531584820
17.467255153959204	-0.344973432304707
17.592918860102795	-0.347668987581322
17.718582566246386	-0.348653736735246
17.844246272389977	-0.348235551493248
17.969909978533568	-0.346706457598530
18.095573684677159	-0.344334326436376
18.221237390820750	-0.341356410945334
18.346901096964341	-0.337974602316830
18.472564803107932	-0.334352219599164
18.598228509251523	-0.330612112967847
18.723892215395114	-0.326835860245044
18.849555921538705	-0.323063860392458
