0.000000000000000	0.100000000000000
0.094247779607694	0.099716670846595
0.188495559215388	0.099423360747421
0.282743338823081	0.099098763146636
0.376991118430775	0.098710502818382
0.471238898038469	0.098215772383292
0.565486677646163	0.097562177926058
0.659734457253857	0.096688812123958
0.753982236861550	0.095527573353892
0.848230016469244	0.094004746144425
0.942477796076938	0.092042851824279
1.036725575684632	0.089562768249029
1.130973355292326	0.086486104274955
1.225221134900019	0.082737798684389
1.319468914507713	0.078248895331040
1.413716694115407	0.072959427422723
1.507964473723100	0.066821325380299
1.602212253330794	0.059801246052162
1.696460032938488	0.051883207728340
1.790707812546181	0.043070906832179
1.884955592153875	0.033389589629787
1.979203371761569	0.022887356742777
2.073451151369263	0.011635790232023
2.167698930976957	-0.000270187374689
2.261946710584650	-0.012713285920925
2.356194490192344	-0.025555683009665
2.450442269800038	-0.038641714553639
2.544690049407731	-0.051801371854412
2.638937829015425	-0.064854514270345
2.733185608623119	-0.077615665548179
2.827433388230812	-0.089899224785175
2.921681167838506	-0.101524892369761
3.015928947446200	-0.112323089624970
3.110176727053894	-0.122140140448408
3.204424506661587	-0.130842985653247
3.298672286269281	-0.138323216813972
3.392920065876975	-0.144500246033832
3.487167845484668	-0.149323469842843
3.581415625092362	-0.152773336900228
3.675663404700056	-0.154861286786068
3.769911184307750	-0.155628586683488
3.864158963915443	-0.155144149655296
3.958406743523137	-0.153501468205488
4.052654523130831	-0.150814836281316
4.146902302738525	-0.147215059291416
4.241150082346219	-0.142844863875989
4.335397861953913	-0.137854217208780
4.429645641561607	-0.132395750907613
4.523893421169301	-0.126620459510456
4.618141200776996	-0.120673810878478
4.712388980384690	-0.114692368999497
4.806636759992384	-0.108800991574234
4.900884539600078	-0.103110628205115
4.995132319207772	-0.097716712170787
5.089380098815466	-0.092698111238158
5.183627878423160	-0.088116581691226
5.277875658030855	-0.084016655122767
5.372123437638549	-0.080425879437747
5.466371217246243	-0.077355333477507
5.560618996853937	-0.074800337946844
5.654866776461631	-0.072741293003902
5.749114556069325	-0.071144583968599
5.843362335677019	-0.069963510121080
5.937610115284714	-0.069139206534912
6.031857894892408	-0.068601544422278
6.126105674500102	-0.068270010740183
6.220353454107796	-0.068054582076902
6.314601233715490	-0.067856620439948
6.408849013323184	-0.067569828900363
6.503096792930879	-0.067081312573287
6.597344572538573	-0.066272794653283
6.691592352146267	-0.065022037768544
6.785840131753961	-0.063204517457624
6.880087911361655	-0.060695386917185
6.974335690969349	-0.057371760293798
7.068583470577043	-0.053115325873970
7.162831250184738	-0.047815280978024
7.257079029792432	-0.041371557855135
7.351326809400126	-0.033698285333607
7.445574589007820	-0.024727405554123
7.539822368615514	-0.014412340128725
7.634070148223208	-0.002731576947033
7.728317927830902	0.010307970971437
7.822565707438597	0.024667998335069
7.916813487046291	0.040276405147413
8.011061266653984	0.057025634218676
8.105309046261677	0.074771918128571
8.199556825869371	0.093335590610699
8.293804605477064	0.112502593220871
8.388052385084757	0.132027273816366
8.482300164692450	0.151636528362629
8.576547944300144	0.171035281877416
8.670795723907837	0.189913238653321
8.765043503515530	0.207952758150328
8.859291283123223	0.224837634521843
8.953539062730917	0.240262479766874
9.047786842338610	0.253942339779611
9.142034621946303	0.265622117058482
9.236282401553996	0.275085341748266
9.330530181161690	0.282161831193583
9.424777960769383	0.286733811986370
9.519025740377076	0.288740148565110
9.613273519984769	0.288178425231632
9.707521299592463	0.285104755934469
9.801769079200156	0.279631336604206
9.896016858807849	0.271921894443822
9.990264638415542	0.262185313612244
10.084512418023236	0.250667815504919
10.178760197630929	0.237644136357094
10.273007977238622	0.223408171801051
10.367255756846316	0.208263548544677
10.461503536454009	0.192514542617179
10.555751316061702	0.176457699353223
10.649999095669395	0.160374431301060
10.744246875277089	0.144524785187755
10.838494654884782	0.129142485406615
10.932742434492475	0.114431284898376
11.026990214100168	0.100562588549823
11.121237993707862	0.087674261337829
11.215485773315555	0.075870493983357
11.309733552923248	0.065222572404378
11.403981332530941	0.055770382673414
11.498229112138635	0.047524479044954
11.592476891746328	0.040468547320821
11.686724671354021	0.034562107741008
11.780972450961714	0.029743319134605
11.875220230569408	0.025931767719073
11.969468010177101	0.023031148260242
12.063715789784794	0.020931770962529
12.157963569392487	0.019512853226420
12.252211349000181	0.018644580196003
12.346459128607874	0.018189940875509
12.440706908215567	0.018006366723059
12.534954687823260	0.017947216385083
12.629202467430954	0.017863163111349
12.723450247038647	0.017603550014082
12.817698026646340	0.017017782450629
12.911945806254034	0.015956826275392
13.006193585861727	0.014274875493973
13.100441365469420	0.011831243053003
13.194689145077113	0.008492514342293
13.288936924684807	0.004134984856398
13.383184704292500	-0.001352618083703
13.477432483900193	-0.008066153877206
13.571680263507886	-0.016082877792721
13.665928043115580	-0.025458117781292
13.760175822723273	-0.036221922291988
13.854423602330966	-0.048375807015957
13.948671381938659	-0.061889750108364
14.042919161546353	-0.076699602818642
14.137166941154046	-0.092705094314756
14.231414720761739	-0.109768614507821
14.325662500369432	-0.127714955499778
14.419910279977126	-0.146332179437054
14.514158059584819	-0.165373756552781
14.608405839192512	-0.184562080589059
14.702653618800205	-0.203593418511353
14.796901398407899	-0.222144287099394
14.891149178015592	-0.239879171516231
14.985396957623285	-0.256459413009308
15.079644737230979	-0.271552999395797
15.173892516838672	-0.284844900193507
15.268140296446365	-0.296047507464857
15.362388076054058	-0.304910684057963
15.456635855661752	-0.311230893059874
15.550883635269445	-0.314858893929317
15.645131414877138	-0.315705546063399
15.739379194484831	-0.313745358324042
15.833626974092525	-0.309017556356630
15.927874753700218	-0.301624596182334
16.022122533307911	-0.291728216733749
16.116370312915606	-0.279543278735836
16.210618092523301	-0.265329767106490
16.304865872130996	-0.249383427202181
16.399113651738691	-0.232025555466400
16.493361431346386	-0.213592471842022
16.587609210954081	-0.194425169311417
16.681856990561776	-0.174859573453731
16.776104770169471	-0.155217762158229
16.870352549777166	-0.135800402924532
16.964600329384862	-0.116880571576265
17.058848108992557	-0.098699028696846
17.153095888600252	-0.081460953306179
17.247343668207947	-0.065334069714787
17.341591447815642	-0.050448053884601
17.435839227423337	-0.036895069588855
17.530087007031032	-0.024731261120015
17.624334786638727	-0.013979016868952
17.718582566246422	-0.004629815348324
17.812830345854117	0.003352529249512
17.907078125461812	0.010028392441118
18.001325905069507	0.015478788259463
18.095573684677202	0.019801871698291
18.189821464284897	0.023109599860095
18.284069243892592	0.025524630171367
18.378317023500287	0.027177507076649
18.472564803107982	0.028204162629526
18.566812582715677	0.028743732427427
18.661060362323372	0.028936667267338
18.755308141931067	0.028923103406933
18.849555921538762	0.028841440869803
