0.000000000000000	0.000000000000000
0.099208189060730	0.009906055508908
0.198416378121461	0.019782073964961
0.297624567182191	0.029625649319520
0.396832756242921	0.039431109176873
0.496040945303652	0.049188216135016
0.595249134364382	0.058880968418516
0.694457323425112	0.068486529663132
0.793665512485842	0.077974320382997
0.892873701546573	0.087305305981853
0.992081890607303	0.096431517629256
1.091290079668034	0.105295842365985
1.190498268728764	0.113832116913506
1.289706457789494	0.121965555400880
1.388914646850225	0.129613534276424
1.488122835910955	0.136686747903869
1.587331024971685	0.143090735831946
1.686539214032416	0.148727767792371
1.785747403093146	0.153499055693388
1.884955592153877	0.157307244037979
1.984163781214607	0.160059112307998
2.083371970275337	0.161668406056186
2.182580159336067	0.162058698938614
2.281788348396797	0.161166176880709
2.380996537457527	0.158942229072088
2.480204726518258	0.155355729408467
2.579412915578988	0.150394896955340
2.678621104639718	0.144068635278764
2.777829293700448	0.136407267972276
2.877037482761178	0.127462610886810
2.976245671821908	0.117307349491648
3.075453860882639	0.106033721088445
3.174662049943369	0.093751534526475
3.273870239004099	0.080585592606360
3.373078428064829	0.066672612353509
3.472286617125559	0.052157763672843
3.571494806186289	0.037190965688779
3.670702995247019	0.021923090900979
3.769911184307750	0.006502229336307
3.869119373368480	-0.008929841934812
3.968327562429210	-0.024240853560824
4.067535751489940	-0.039310794460998
4.166743940550671	-0.054034136530537
4.265952129611401	-0.068321481514121
4.365160318672132	-0.082100608248804
4.464368507732862	-0.095316927082746
4.563576696793593	-0.107933373526221
4.662784885854323	-0.119929793776445
4.761993074915054	-0.131301889894611
4.861201263975785	-0.142059801839334
4.960409453036515	-0.152226407476661
5.059617642097246	-0.161835420667212
5.158825831157976	-0.170929362414297
5.258034020218707	-0.179557471836964
5.357242209279438	-0.187773613457690
5.456450398340168	-0.195634225987695
5.555658587400899	-0.203196346385748
5.654866776461629	-0.210515732258810
5.754074965522360	-0.217645096309075
5.853283154583091	-0.224632458990301
5.952491343643821	-0.231519620131384
6.051699532704552	-0.238340747176600
6.150907721765282	-0.245121076897187
6.250115910826013	-0.251875728837377
6.349324099886744	-0.258608632144227
6.448532288947474	-0.265311572466955
6.547740478008205	-0.271963371878204
6.646948667068935	-0.278529221766006
6.746156856129666	-0.284960195800761
6.845365045190396	-0.291192976772090
6.944573234251127	-0.297149836658305
7.043781423311858	-0.302738913073689
7.142989612372588	-0.307854826602695
7.242197801433319	-0.312379681913563
7.341405990494049	-0.316184490500777
7.440614179554780	-0.319131044150194
7.539822368615511	-0.321074255664525
7.639030557676241	-0.321864967167308
7.738238746736972	-0.321353206795575
7.837446935797702	-0.319391852404682
7.936655124858433	-0.315840636871482
8.035863313919164	-0.310570404715821
8.135071502979894	-0.303467505254681
8.234279692040625	-0.294438184693205
8.333487881101355	-0.283412819907411
8.432696070162086	-0.270349821763731
8.531904259222816	-0.255239027315435
8.631112448283547	-0.238104399802060
8.730320637344278	-0.219005864644839
8.829528826405008	-0.198040129879680
8.928737015465739	-0.175340371451408
9.027945204526469	-0.151074707408277
9.127153393587200	-0.125443439042939
9.226361582647931	-0.098675098847988
9.325569771708661	-0.071021410860892
9.424777960769392	-0.042751333509205
9.523986149830122	-0.014144412741481
9.623194338890853	0.014516281578112
9.722402527951584	0.042951335063857
9.821610717012314	0.070891975407302
9.920818906073045	0.098086571244679
10.020027095133775	0.124306381898581
10.119235284194506	0.149350346515762
10.218443473255236	0.173048762321053
10.317651662315967	0.195265768297512
10.416859851376698	0.215900616724887
10.516068040437428	0.234887775551159
10.615276229498159	0.252195955669199
10.714484418558889	0.267826196428595
10.813692607619620	0.281809169184605
10.912900796680351	0.294201872660649
11.012108985741081	0.305083896586909
11.111317174801812	0.314553423267525
11.210525363862542	0.322723122494575
11.309733552923273	0.329716075685556
11.408941741984004	0.335661842273844
11.508149931044734	0.340692757020220
11.607358120105465	0.344940522573990
11.706566309166195	0.348533138560735
11.805774498226926	0.351592187709171
11.904982687287657	0.354230481793606
12.004190876348387	0.356550055959764
12.103399065409118	0.358640489592026
12.202607254469848	0.360577525333383
12.301815443530579	0.362421955063841
12.401023632591309	0.364218742295840
12.500231821652040	0.365996354138636
12.599440010712771	0.367766282191373
12.698648199773501	0.369522739836783
12.797856388834232	0.371242532753327
12.897064577894962	0.372885109332257
12.996272766955693	0.374392807345828
13.095480956016424	0.375691321930931
13.194689145077154	0.376690427016399
13.293897334137885	0.377284987064446
13.393105523198615	0.377356297822457
13.492313712259346	0.376773793198710
13.591521901320077	0.375397150026936
13.690730090380807	0.373078813174486
13.789938279441538	0.369666950167825
13.889146468502268	0.365008827448737
13.988354657562999	0.358954579936440
14.087562846623729	0.351361322367165
14.186771035684460	0.342097525738066
14.285979224745191	0.331047556135453
14.385187413805921	0.318116247541346
14.484395602866652	0.303233356388278
14.583603791927382	0.286357725419333
14.682811980988113	0.267480969793736
14.782020170048844	0.246630491519280
14.881228359109574	0.223871631394215
14.980436548170305	0.199308782715035
15.079644737231035	0.173085319545319
15.178852926291766	0.145382234917168
15.278061115352497	0.116415440201108
15.377269304413227	0.086431743648638
15.476477493473958	0.055703599659088
15.575685682534688	0.024522794973540
15.674893871595419	-0.006806692942575
15.774102060656150	-0.037976373486218
15.873310249716880	-0.068681126604539
15.972518438777611	-0.098626947534007
16.071726627838341	-0.127538216979432
16.170934816899070	-0.155164194125847
16.270143005959799	-0.181284482746667
16.369351195020528	-0.205713287695039
16.468559384081257	-0.228302353448002
16.567767573141985	-0.248942551258699
16.666975762202714	-0.267564150836309
16.766183951263443	-0.284135871743825
16.865392140324172	-0.298662856037057
16.964600329384901	-0.311183735911506
17.063808518445629	-0.321766988543413
17.163016707506358	-0.330506776200059
17.262224896567087	-0.337518464963246
17.361433085627816	-0.342934002236740
17.460641274688545	-0.346897313783763
17.559849463749273	-0.349559857411311
17.659057652810002	-0.351076444412964
17.758265841870731	-0.351601413089748
17.857474030931460	-0.351285212442382
17.956682219992189	-0.350271429595004
18.055890409052918	-0.348694272577348
18.155098598113646	-0.346676501447007
18.254306787174375	-0.344327785840656
18.353514976235104	-0.341743456145580
18.452723165295833	-0.339003608607606
18.551931354356562	-0.336172521667479
18.651139543417290	-0.333298341301415
18.750347732478019	-0.330412996650185
18.849555921538748	-0.327532313168766
