0.000000000000000	0.100000000000000
0.942477796076938	0.088062033983576
1.884955592153876	0.003751539184512
2.827433388230814	-0.131412853480817
3.769911184307752	-0.148464560196198
4.712388980384690	-0.079175725857081
5.654866776461628	-0.056736609937653
6.597344572538566	-0.048766703588868
7.539822368615503	0.056897134145944
8.482300164692441	0.258648620464003
9.424777960769379	0.273365340320824
10.367255756846317	0.055556882786303
11.309733552923255	-0.066028266794039
12.252211349000193	-0.071408701975055
13.194689145077131	-0.091839358612033
14.137166941154069	-0.166615143579139
15.079644737231007	-0.161657605491113
16.022122533307943	0.009252877939033
16.964600329384879	0.133811550315806
17.907078125461815	0.144938937819887
18.849555921538752	0.140898820743553
