0.000000000000000	0.100000000000000
0.157079632679490	0.099522277060043
0.314159265358979	0.098964258730250
0.471238898038469	0.098165562871403
0.628318530717959	0.096889228795157
0.785398163397448	0.094835296751383
0.942477796076938	0.091659708138387
1.099557428756428	0.086998910413779
1.256637061435917	0.080499980221289
1.413716694115407	0.071855209936026
1.570796326794897	0.060839044606464
1.727875959474386	0.047344187676313
1.884955592153876	0.031412843273685
2.042035224833366	0.013258665179786
2.199114857512855	-0.006724773757045
2.356194490192345	-0.027972200217467
2.513274122871834	-0.049773077376977
2.670353755551324	-0.071315579059076
2.827433388230814	-0.091744959918776
2.984513020910303	-0.110230845692610
3.141592653589793	-0.126036176955405
3.298672286269283	-0.138579693722604
3.455751918948772	-0.147484237103393
3.612831551628262	-0.152604844267909
3.769911184307752	-0.154033409091977
3.926990816987241	-0.152080068605855
4.084070449666731	-0.147234770405295
4.241150082346221	-0.140115005006566
4.398229715025710	-0.131406985507401
4.555309347705200	-0.121807492045449
4.712388980384690	-0.111972370070470
4.869468613064179	-0.102475706313959
5.026548245743669	-0.093781505751070
5.183627878423159	-0.086227695390821
5.340707511102648	-0.080020780949493
5.497787143782138	-0.075238610957515
5.654866776461628	-0.071838450994358
5.811946409141117	-0.069667836121539
5.969026041820607	-0.068476302488706
6.126105674500097	-0.067926938768231
6.283185307179586	-0.067607594824024
6.440264939859076	-0.067042409378680
6.597344572538566	-0.065704961688027
6.754424205218055	-0.063034723772269
6.911503837897545	-0.058458516946275
7.068583470577035	-0.051418310676029
7.225663103256524	-0.041405931707575
7.382742735936014	-0.028004118783615
7.539822368615503	-0.010931969907920
7.696902001294993	0.009908644274286
7.853981633974483	0.034390469744069
8.011061266653972	0.062127811015082
8.168140899333462	0.092459183048394
8.325220532012953	0.124451485055780
8.482300164692443	0.156930263552974
8.639379797371934	0.188538377622001
8.796459430051424	0.217822083256206
8.953539062730915	0.243339374344234
9.110618695410405	0.263780854536009
9.267698328089896	0.278089392874087
9.424777960769386	0.285562569860258
9.581857593448877	0.285922594153247
9.738937226128368	0.279342458207704
9.896016858807858	0.266424020527111
10.053096491487349	0.248131813282875
10.210176124166839	0.225693541323382
10.367255756846330	0.200482668483626
10.524335389525820	0.173899387978912
10.681415022205311	0.147264005312849
10.838494654884801	0.121732478674107
10.995574287564292	0.098238931823953
11.152653920243782	0.077465483781198
11.309733552923273	0.059836363080429
11.466813185602764	0.045531190127752
11.623892818282254	0.034511430555835
11.780972450961745	0.026554120088407
11.938052083641235	0.021287771968941
12.095131716320726	0.018226641522411
12.252211349000216	0.016801001341669
12.409290981679707	0.016382568125225
12.566370614359197	0.016305548992371
12.723450247038688	0.015884813126118
12.880529879718178	0.014433356120455
13.037609512397669	0.011281457325779
13.194689145077160	0.005799713894335
13.351768777756650	-0.002572520738856
13.508848410436141	-0.014292815421806
13.665928043115631	-0.029676331922373
13.823007675795122	-0.048853885983660
13.980087308474612	-0.071731315921207
14.137166941154103	-0.097955389656211
14.294246573833593	-0.126892377208922
14.451326206513084	-0.157625674226099
14.608405839192574	-0.188978251550958
14.765485471872065	-0.219563989643260
14.922565104551555	-0.247868949546693
15.079644737231046	-0.272359338219840
15.236724369910537	-0.291607739924575
15.393804002590027	-0.304424049435249
15.550883635269518	-0.309973890250828
15.707963267949008	-0.307866656716966
15.865042900628499	-0.298198626561366
16.022122533307989	-0.281543586190132
16.179202165987480	-0.258892470033133
16.336281798666970	-0.231552180167729
16.493361431346461	-0.201019725293421
16.650441064025951	-0.168849862415042
16.807520696705442	-0.136532692217936
16.964600329384933	-0.105393352230002
17.121679962064423	-0.076520632228432
17.278759594743914	-0.050726310388614
17.435839227423404	-0.028533040615085
17.592918860102895	-0.010185965950429
17.749998492782385	0.004318175235206
17.907078125461876	0.015191043811036
18.064157758141366	0.022807929524453
18.221237390820857	0.027663297868856
18.378317023500347	0.030330316943697
18.535396656179838	0.031426463924309
18.692476288859329	0.031585810341464
18.849555921538819	0.031437316423759
