0.000000000000000	0.000000000000000
0.134639685153848	0.013436776748157
0.269279370307697	0.026816643882054
0.403919055461545	0.040128426770056
0.538558740615393	0.053346218364894
0.673198425769241	0.066423889084561
0.807838110923090	0.079290443390146
0.942477796076938	0.091846505359347
1.077117481230786	0.103962236646069
1.211757166384634	0.115476991518266
1.346396851538483	0.126200984381106
1.481036536692331	0.135919176863787
1.615676221846179	0.144397479964983
1.750315907000028	0.151391213596176
1.884955592153876	0.156655579702911
2.019595277307724	0.159957701429280
2.154234962461572	0.161089580665904
2.288874647615421	0.159881154351026
2.423514332769269	0.156212511014454
2.558154017923117	0.150024285220661
2.692793703076966	0.141325294550984
2.827433388230814	0.130196628419751
2.962073073384662	0.116791636230918
3.096712758538510	0.101331577906399
3.231352443692359	0.084097064380954
3.365992128846207	0.065415790848770
3.500631814000055	0.045647406953556
3.635271499153903	0.025166631689873
3.769911184307752	0.004345870540732
3.904550869461600	-0.016461392320843
4.039190554615448	-0.036935273602001
4.173830239769297	-0.056801323486106
4.308469924923145	-0.075838904765226
4.443109610076993	-0.093885856075389
4.577749295230841	-0.110839506500628
4.712388980384690	-0.126654385912901
4.847028665538538	-0.141337174843920
4.981668350692386	-0.154939549322197
5.116308035846235	-0.167549603472010
5.250947721000083	-0.179282489548193
5.385587406153931	-0.190270821337250
5.520227091307779	-0.200655264431643
5.654866776461628	-0.210575606606014
5.789506461615476	-0.220162480965755
5.924146146769324	-0.229529816889226
6.058785831923172	-0.238768027514752
6.193425517077021	-0.247937911576008
6.328065202230869	-0.257065251651330
6.462704887384717	-0.266136126737762
6.597344572538566	-0.275093017851628
6.731984257692414	-0.283831861878418
6.866623942846262	-0.292200289777912
7.001263628000110	-0.299997357517972
7.135903313153959	-0.306975127972455
7.270542998307807	-0.312842476024638
7.405182683461655	-0.317271455651990
7.539822368615503	-0.319906478741035
7.674462053769352	-0.320376407824492
7.809101738923200	-0.318309462160988
7.943741424077048	-0.313350588642404
8.078381109230897	-0.305180672405759
8.213020794384745	-0.293536678849531
8.347660479538593	-0.278231555782806
8.482300164692441	-0.259172512352744
8.616939849846290	-0.236376164039931
8.751579535000138	-0.209979025754850
8.886219220153986	-0.180241980943094
9.020858905307835	-0.147547677028806
9.155498590461683	-0.112390299873265
9.290138275615531	-0.075357834560784
9.424777960769379	-0.037107661444725
9.559417645923228	0.001662934802951
9.694057331077076	0.040249167584900
9.828697016230924	0.077971529523551
9.963336701384772	0.114206374603204
10.097976386538621	0.148412002143651
10.232616071692469	0.180148493031956
10.367255756846317	0.209090267146360
10.501895442000166	0.235031094864630
10.636535127154014	0.257881990626208
10.771174812307862	0.277662960216527
10.905814497461710	0.294489924659639
11.040454182615559	0.308558299718023
11.175093867769407	0.320124696210289
11.309733552923255	0.329488062945470
11.444373238077103	0.336971365619948
11.579012923230952	0.342904623338129
11.713652608384800	0.347609844920058
11.848292293538648	0.351388147614156
11.982931978692497	0.354509121303385
12.117571663846345	0.357202334570367
12.252211349000193	0.359650771214005
12.386851034154041	0.361985937238211
12.521490719307890	0.364284384226881
12.656130404461738	0.366565446664758
12.790770089615586	0.368790076492528
12.925409774769435	0.370860764315638
13.060049459923283	0.372622648354239
13.194689145077131	0.373866014127298
13.329328830230979	0.374330465048075
13.463968515384828	0.373711082846524
13.598608200538676	0.371666885594707
13.733247885692524	0.367831822113871
13.867887570846372	0.361828411262423
14.002527256000221	0.353283945034402
14.137166941154069	0.341848933443056
14.271806626307917	0.327217190825890
14.406446311461766	0.309146667680450
14.541085996615614	0.287479846066811
14.675725681769462	0.262162273477437
14.810365366923310	0.233257650095988
14.945005052077159	0.200957852511375
15.079644737231007	0.165586417324981
15.214284422384855	0.127594353549018
15.348924107538704	0.087547710597366
15.483563792692552	0.046107066606907
15.618203477846400	0.003999939934373
15.752843163000248	-0.038012056690996
15.887482848154097	-0.079168846001158
16.022122533307943	-0.118747461833377
16.156762218461793	-0.156094732009049
16.291401903615643	-0.190654595061776
16.426041588769493	-0.221988234595098
16.560681273923343	-0.249786038202947
16.695320959077193	-0.273871234605318
16.829960644231043	-0.294195809404303
16.964600329384893	-0.310829865006401
17.099240014538744	-0.323945940251422
17.233879699692594	-0.333799947093161
17.368519384846444	-0.340710348243074
17.503159070000294	-0.345037035422849
17.637798755154144	-0.347161118131447
17.772438440307994	-0.347466538316118
17.907078125461844	-0.346324121146401
18.041717810615694	-0.344078383598829
18.176357495769544	-0.341037171686576
18.310997180923394	-0.337463998459081
18.445636866077244	-0.333572816476545
18.580276551231094	-0.329524882174489
18.714916236384944	-0.325427351510256
18.849555921538794	-0.321333278002118
