0.000000000000000	0.100000000000000
0.471238898038469	0.097991238366822
0.942477796076938	0.089866250017969
1.413716694115407	0.066371350410746
1.884955592153876	0.021162320960193
2.356194490192345	-0.041202995861152
2.827433388230814	-0.102912746523180
3.298672286269283	-0.141937164135285
3.769911184307752	-0.147323961602234
4.241150082346221	-0.126424700482584
4.712388980384690	-0.097174128202346
5.183627878423159	-0.074820241468085
5.654866776461628	-0.064852116684080
6.126105674500097	-0.063280487891931
6.597344572538566	-0.059432176948591
7.068583470577035	-0.039035728881304
7.539822368615503	0.010527992425641
8.011061266653972	0.091177897946353
8.482300164692440	0.185351321313656
8.953539062730908	0.257762784815710
9.424777960769376	0.274789753832165
9.896016858807844	0.230206670499059
10.367255756846312	0.150501460098306
10.838494654884780	0.072907379761442
11.309733552923248	0.021177382696853
11.780972450961716	-0.001291296493655
12.252211349000184	-0.004971517960262
12.723450247038652	-0.005825620622709
13.194689145077120	-0.019959164891461
13.665928043115589	-0.059171509879427
14.137166941154057	-0.124378886962316
14.608405839192525	-0.199050813997971
15.079644737230993	-0.251212869283176
15.550883635269461	-0.250929568897698
16.022122533307929	-0.193739418230651
16.493361431346397	-0.105665129028378
16.964600329384865	-0.022746206786801
17.435839227423333	0.032370008099625
17.907078125461801	0.057281664852737
18.378317023500269	0.062511902993701
18.849555921538737	0.061634408583768
