0.000000000000000	0.100000000000000
0.628318530717959	0.096248193025634
1.256637061435917	0.074532137364184
1.884955592153876	0.015674306297475
2.513274122871834	-0.071008547327410
3.141592653589793	-0.137889814443383
3.769911184307752	-0.145649020874670
4.398229715025710	-0.109967019084972
5.026548245743669	-0.074537730872993
5.654866776461628	-0.061057682693716
6.283185307179586	-0.059917619562471
6.911503837897545	-0.042306561026229
7.539822368615503	0.023671909406761
8.168140899333462	0.141124454216661
8.796459430051421	0.252158613076334
9.424777960769379	0.270114738492274
10.053096491487338	0.181419580090864
10.681415022205297	0.066313312812874
11.309733552923255	-0.003787588287067
11.938052083641214	-0.022669175411141
12.566370614359172	-0.022245898765815
13.194689145077131	-0.039178299345554
13.823007675795090	-0.096082997073465
14.451326206513048	-0.179139211284216
15.079644737231007	-0.228039580604090
15.707963267948966	-0.186021555635483
16.336281798666924	-0.075339693941966
16.964600329384883	0.026327065181578
17.592918860102841	0.075804986732947
18.221237390820800	0.085383300239713
18.849555921538759	0.083789031536204
