0.000000000000000	0.100000000000000
0.117809724509617	0.099644790306402
0.235619449019234	0.099264581024014
0.353429173528852	0.098807771530459
0.471238898038469	0.098196631686262
0.589048622548086	0.097329701230223
0.706858347057703	0.096085044897026
0.824668071567321	0.094324449750235
0.942477796076938	0.091898630679829
1.060287520586555	0.088653464108497
1.178097245096172	0.084437199134583
1.295906969605790	0.079108503127531
1.413716694115407	0.072545092006523
1.531526418625024	0.064652584043618
1.649336143134641	0.055373112487500
1.767145867644259	0.044693150341760
1.884955592153876	0.032649953680552
2.002765316663493	0.019336029278682
2.120575041173110	0.004901085649149
2.238384765682727	-0.010448963616732
2.356194490192344	-0.026456212128707
2.474004214701961	-0.042818248763437
2.591813939211578	-0.059198743388854
2.709623663721195	-0.075240701723261
2.827433388230812	-0.090581720096578
2.945243112740429	-0.104870363642048
3.063052837250046	-0.117782641597805
3.180862561759663	-0.129037482429380
3.298672286269280	-0.138410135190844
3.416482010778897	-0.145742548485191
3.534291735288514	-0.150949998948742
3.652101459798131	-0.154023538308729
3.769911184307748	-0.155028170529722
3.887720908817365	-0.154097019089810
4.005530633326982	-0.151422057922533
4.123340357836599	-0.147242222147828
4.241150082346216	-0.141829861762121
4.358959806855833	-0.135476543155567
4.476769531365450	-0.128479145094731
4.594579255875067	-0.121127055754392
4.712388980384684	-0.113691081748817
4.830198704894301	-0.106414458078574
4.948008429403918	-0.099506126898357
5.065818153913535	-0.093136255335737
5.183627878423152	-0.087433803692350
5.301437602932769	-0.082485843519019
5.419247327442386	-0.078338262171886
5.537057051952003	-0.074997473424814
5.654866776461621	-0.072432776010017
5.772676500971238	-0.070579055121038
5.890486225480855	-0.069339596747464
6.008295949990472	-0.068588872163138
6.126105674500089	-0.068175241562002
6.243915399009706	-0.067923614218322
6.361725123519323	-0.067638181038299
6.479534848028940	-0.067105398181549
6.597344572538557	-0.066097442502766
6.715154297048174	-0.064376376564151
6.832964021557791	-0.061699249464444
6.950773746067408	-0.057824317543573
7.068583470577025	-0.052518495741532
7.186393195086642	-0.045566047928939
7.304202919596259	-0.036778397572648
7.422012644105876	-0.026004796286068
7.539822368615493	-0.013143437467896
7.657632093125110	0.001847542335532
7.775441817634727	0.018939857277085
7.893251542144344	0.038026437799368
8.011061266653961	0.058915194370369
8.128870991163579	0.081326001758900
8.246680715673197	0.104891659738056
8.364490440182815	0.129163449644349
8.482300164692433	0.153621693650681
8.600109889202050	0.177691431522397
8.717919613711668	0.200762960691853
8.835729338221286	0.222216553491087
8.953539062730904	0.241450200524442
9.071348787240522	0.257908781123839
9.189158511750140	0.271112697618114
9.306968236259758	0.280683804661504
9.424777960769376	0.286366484473455
9.542587685278994	0.288042001601742
9.660397409788612	0.285734809715778
9.778207134298230	0.279610219090069
9.896016858807847	0.269963663737615
10.013826583317465	0.257202605613134
10.131636307827083	0.241822760001022
10.249446032336701	0.224380734427142
10.367255756846319	0.205465306472262
10.485065481355937	0.185669439060942
10.602875205865555	0.165564801232534
10.720684930375173	0.145680105831938
10.838494654884791	0.126484072684015
10.956304379394409	0.108373343376590
11.074114103904027	0.091665257993215
11.191923828413644	0.076595079968301
11.309733552923262	0.063317030132494
11.427543277432880	0.051908360426845
11.545353001942498	0.042375650332453
11.663162726452116	0.034662530422975
11.780972450961734	0.028658112493771
11.898782175471352	0.024205519715421
12.016591899980970	0.021110049306410
12.134401624490588	0.019146651518973
12.252211349000206	0.018066560798822
12.370021073509823	0.017603057871218
12.487830798019441	0.017476466988814
12.605640522529059	0.017398594174353
12.723450247038677	0.017076885203220
12.841259971548295	0.016218623011507
12.959069696057913	0.014535491258569
13.076879420567531	0.011748803287941
13.194689145077149	0.007595634455361
13.312498869586767	0.001836003036835
13.430308594096385	-0.005738875176579
13.548118318606003	-0.015297374814587
13.665928043115620	-0.026957562028388
13.783737767625238	-0.040777037052121
13.901547492134856	-0.056743096350100
14.019357216644474	-0.074763922741750
14.137166941154092	-0.094661610645144
14.254976665663710	-0.116167888715096
14.372786390173328	-0.138923401156397
14.490596114682946	-0.162481338590652
14.608405839192564	-0.186316055781542
14.726215563702182	-0.209837064311678
14.844025288211800	-0.232408436339991
14.961835012721417	-0.253373205450880
15.079644737231035	-0.272081826093246
15.197454461740653	-0.287923202949658
15.315264186250271	-0.300356300060386
15.433073910759889	-0.308939978429976
15.550883635269507	-0.313358581772561
15.668693359779125	-0.313440960082119
15.786503084288743	-0.309171108350111
15.904312808798361	-0.300689358365588
16.022122533307979	-0.288283989722372
16.139932257817595	-0.272374076845483
16.257741982327211	-0.253485211468058
16.375551706836827	-0.232220314547255
16.493361431346443	-0.209228014549167
16.611171155856059	-0.185171021247458
16.728980880365675	-0.160696620772448
16.846790604875292	-0.136410945648869
16.964600329384908	-0.112858126745646
17.082410053894524	-0.090504892867740
17.200219778404140	-0.069730704460341
17.318029502913756	-0.050823121204880
17.435839227423372	-0.033977818894375
17.553648951932988	-0.019302485005903
17.671458676442604	-0.006823724104702
17.789268400952221	0.003503919395326
17.907078125461837	0.011787675611923
18.024887849971453	0.018185768306862
18.142697574481069	0.022896782982003
18.260507298990685	0.026149681021062
18.378317023500301	0.028194798441936
18.496126748009917	0.029296009988087
18.613936472519534	0.029724092784648
18.731746197029150	0.029751197345350
18.849555921538766	0.029646233748804
