0.000000000000000	0.000000000000000
0.144996584011837	0.014467902072379
0.289993168023673	0.028868252252808
0.434989752035510	0.043184386856480
0.579986336047346	0.057378514834029
0.724982920059183	0.071384051364657
0.869979504071020	0.085099401090593
1.014976088082856	0.098383675802631
1.159972672094693	0.111054853783498
1.304969256106529	0.122890863668629
1.449965840118366	0.133633984628340
1.594962424130203	0.142998784368591
1.739959008142039	0.150683565933356
1.884955592153876	0.156384977066630
2.029952176165712	0.159815080508353
2.174948760177549	0.160719831426314
2.319945344189386	0.158897608424215
2.464941928201222	0.154216247266887
2.609938512213059	0.146626974758310
2.754935096224895	0.136173762909547
2.899931680236732	0.122996929001413
3.044928264248568	0.107330279046120
3.189924848260405	0.089491687839237
3.334921432272242	0.069867661414863
3.479918016284078	0.048893053241428
3.624914600295915	0.027027615116752
3.769911184307751	0.004731380242457
3.914907768319588	-0.017559049500797
4.059904352331425	-0.039451416052527
4.204900936343262	-0.060614413256817
4.349897520355099	-0.080789023765211
4.494894104366936	-0.099794211377203
4.639890688378773	-0.117527155387078
4.784887272390610	-0.133958668096115
4.929883856402447	-0.149124742130467
5.074880440414284	-0.163115317719665
5.219877024426121	-0.176061355609517
5.364873608437958	-0.188121181464067
5.509870192449795	-0.199466874486066
5.654866776461632	-0.210271249678358
5.799863360473469	-0.220695767823875
5.944859944485306	-0.230879529436964
6.089856528497143	-0.240929388122952
6.234853112508980	-0.250911164413093
6.379849696520817	-0.260841953453453
6.524846280532654	-0.270683591104733
6.669842864544491	-0.280337458334279
6.814839448556328	-0.289640942707952
6.959836032568165	-0.298366013165082
7.104832616580002	-0.306220471993881
7.249829200591839	-0.312852497431213
7.394825784603676	-0.317859055823088
7.539822368615513	-0.320798624778431
7.684818952627350	-0.321208419826395
7.829815536639187	-0.318625961909749
7.974812120651024	-0.312614381619698
8.119808704662860	-0.302790362677412
8.264805288674697	-0.288853128468997
8.409801872686534	-0.270612428315322
8.554798456698371	-0.248013149682671
8.699795040710208	-0.221154039336661
8.844791624722045	-0.190298130712484
8.989788208733883	-0.155872903751501
9.134784792745720	-0.118458971017118
9.279781376757557	-0.078767156247885
9.424777960769394	-0.037605099033239
9.569774544781231	0.004164201903608
9.714771128793068	0.045668432168016
9.859767712804905	0.086072487425187
10.004764296816742	0.124621318659196
10.149760880828579	0.160675464117345
10.294757464840416	0.193736640005132
10.439754048852253	0.223462034563300
10.584750632864090	0.249667251243157
10.729747216875927	0.272318968575732
10.874743800887764	0.291519192471866
11.019740384899601	0.307483421326725
11.164736968911438	0.320515146982282
11.309733552923275	0.330978942318187
11.454730136935112	0.339274025299854
11.599726720946949	0.345809725978514
11.744723304958786	0.350983792369012
11.889719888970623	0.355164012702877
12.034716472982460	0.358673247865611
12.179713056994297	0.361777685369665
12.324709641006134	0.364677956744367
12.469706225017971	0.367502702562405
12.614702809029808	0.370304211507635
12.759699393041645	0.373055881536088
12.904695977053482	0.375651425832269
13.049692561065319	0.377905943560804
13.194689145077156	0.379559163125869
13.339685729088993	0.380281311704516
13.484682313100830	0.379682139592356
13.629678897112667	0.377323606858589
13.774675481124504	0.372736606335861
13.919672065136341	0.365441844960615
14.064668649148178	0.354974641211246
14.209665233160015	0.340912939479649
14.354661817171852	0.322907325903670
14.499658401183689	0.300711301681303
14.644654985195526	0.274209591117040
14.789651569207363	0.243441909750227
14.934648153219200	0.208619482562805
15.079644737231037	0.170131775535041
15.224641321242874	0.128541458897980
15.369637905254711	0.084566580128562
15.514634489266548	0.039050228648323
15.659631073278385	-0.007080539175089
15.804627657290222	-0.052863325182664
15.949624241302059	-0.097352302181050
16.094620825313896	-0.139668662891877
16.239617409325732	-0.179045062742692
16.384613993337567	-0.214860373215357
16.529610577349402	-0.246662378633702
16.674607161361237	-0.274177549129123
16.819603745373072	-0.297308434787298
16.964600329384908	-0.316120348355011
17.109596913396743	-0.330819733626500
17.254593497408578	-0.341726944406350
17.399590081420413	-0.349246140273639
17.544586665432249	-0.353834727278996
17.689583249444084	-0.355974326886176
17.834579833455919	-0.356144728779000
17.979576417467754	-0.354801742191674
18.124573001479590	-0.352359360783173
18.269569585491425	-0.349176237822947
18.414566169503260	-0.345546157334642
18.559562753515095	-0.341691994448052
18.704559337526931	-0.337762582743009
18.849555921538766	-0.333831934478727
