0.000000000000000	0.000000000000000
0.094247779607694	0.009411435625814
0.188495559215388	0.018795744009051
0.282743338823081	0.028151010580382
0.376991118430775	0.037472790297037
0.471238898038469	0.046753094333539
0.565486677646163	0.055979446746526
0.659734457253857	0.065134031712409
0.753982236861550	0.074192953662476
0.848230016469244	0.083125634219279
0.942477796076938	0.091894370960909
1.036725575684632	0.100454083382859
1.130973355292326	0.108752270676033
1.225221134900019	0.116729203813157
1.319468914507713	0.124318370714228
1.413716694115407	0.131447187811428
1.507964473723100	0.138037984132615
1.602212253330794	0.144009255176333
1.696460032938488	0.149277173605121
1.790707812546181	0.153757332520599
1.884955592153875	0.157366685312421
1.979203371761569	0.160025634405493
2.073451151369263	0.161660210346957
2.167698930976957	0.162204273285853
2.261946710584650	0.161601661697210
2.356194490192344	0.159808208818226
2.450442269800038	0.156793546220220
2.544690049407731	0.152542616611266
2.638937829015425	0.147056824544269
2.733185608623119	0.140354764176781
2.827433388230812	0.132472477345224
2.921681167838506	0.123463212489908
3.015928947446200	0.113396674673352
3.110176727053894	0.102357778129940
3.204424506661587	0.090444934348930
3.298672286269281	0.077767929389199
3.392920065876975	0.064445462686432
3.487167845484668	0.050602434845508
3.581415625092362	0.036367082795140
3.675663404700056	0.021868066480555
3.769911184307750	0.007231611605791
3.864158963915443	-0.007421192160998
3.958406743523137	-0.021976848199171
4.052654523130831	-0.036331590125799
4.146902302738525	-0.050393141503309
4.241150082346219	-0.064082059607354
4.335397861953913	-0.077332644507042
4.429645641561607	-0.090093413670715
4.523893421169301	-0.102327159438722
4.618141200776996	-0.114010621158894
4.712388980384690	-0.125133815003041
4.806636759992384	-0.135699072208137
4.900884539600078	-0.145719840719873
4.995132319207772	-0.155219306196308
5.089380098815466	-0.164228886470862
5.183627878423160	-0.172786649412964
5.277875658030855	-0.180935698262037
5.372123437638549	-0.188722561562364
5.466371217246243	-0.196195617383480
5.560618996853937	-0.203403574108515
5.654866776461631	-0.210394023170369
5.749114556069325	-0.217212073083701
5.843362335677019	-0.223899069237805
5.937610115284714	-0.230491400367570
6.031857894892408	-0.237019390505249
6.126105674500102	-0.243506274551819
6.220353454107796	-0.249967256335899
6.314601233715490	-0.256408650026434
6.408849013323184	-0.262827108847640
6.503096792930879	-0.269208948971703
6.597344572538573	-0.275529580948379
6.691592352146267	-0.281753065740545
6.785840131753961	-0.287831817006348
6.880087911361655	-0.293706475313594
6.974335690969349	-0.299305983092204
7.068583470577043	-0.304547890935306
7.162831250184738	-0.309338925986927
7.257079029792432	-0.313575851294229
7.351326809400126	-0.317146640920963
7.445574589007820	-0.319931989181408
7.539822368615514	-0.321807163542988
7.634070148223208	-0.322644199673538
7.728317927830902	-0.322314424023005
7.822565707438597	-0.320691274608180
7.916813487046291	-0.317653374813890
8.011061266653984	-0.313087798645111
8.105309046261677	-0.306893449666347
8.199556825869371	-0.298984460635488
8.293804605477064	-0.289293507440395
8.388052385084757	-0.277774920304247
8.482300164692450	-0.264407468316746
8.576547944300144	-0.249196691170065
8.670795723907837	-0.232176655494226
8.765043503515530	-0.213411023236834
8.859291283123223	-0.192993336710138
8.953539062730917	-0.171046449428576
9.047786842338610	-0.147721063320183
9.142034621946303	-0.123193370264565
9.236282401553996	-0.097661837383558
9.330530181161690	-0.071343218565616
9.424777960769383	-0.044467916263979
9.519025740377076	-0.017274854328560
9.613273519984769	0.009993948713962
9.707521299592463	0.037098898616512
9.801769079200156	0.063808223911371
9.896016858807849	0.089903048988704
9.990264638415542	0.115181956923415
10.084512418023236	0.139464887870086
10.178760197630929	0.162596257199967
10.273007977238622	0.184447220262680
10.367255756846316	0.204917054260704
10.461503536454009	0.223933669056105
10.555751316061702	0.241453295206891
10.649999095669395	0.257459427342991
10.744246875277089	0.271961123143164
10.838494654884782	0.284990772422011
10.932742434492475	0.296601457557052
11.026990214100168	0.306864026504010
11.121237993707862	0.315863994064509
11.215485773315555	0.323698377111434
11.309733552923248	0.330472556380923
11.403981332530941	0.336297242375453
11.498229112138635	0.341285606941760
11.592476891746328	0.345550626101051
11.686724671354021	0.349202664477318
11.780972450961714	0.352347317802426
11.875220230569408	0.355083517938115
11.969468010177101	0.357501894970202
12.063715789784794	0.359683383393800
12.157963569392487	0.361698054293941
12.252211349000181	0.363604152697599
12.346459128607874	0.365447318797869
12.440706908215567	0.367259973312482
12.534954687823260	0.369060850551066
12.629202467430954	0.370854667487056
12.723450247038647	0.372631922876480
12.817698026646340	0.374368826821605
12.911945806254034	0.376027367707725
13.006193585861727	0.377555529702236
13.100441365469420	0.378887679555759
13.194689145077113	0.379945145859479
13.288936924684807	0.380637016795231
13.383184704292500	0.380861183414291
13.477432483900193	0.380505654308871
13.571680263507886	0.379450163987164
13.665928043115580	0.377568091212526
13.760175822723273	0.374728695010180
13.854423602330966	0.370799665084921
13.948671381938659	0.365649970253460
14.042919161546353	0.359152973517202
14.137166941154046	0.351189766046677
14.231414720761739	0.341652655198691
14.325662500369432	0.330448724447034
14.419910279977126	0.317503366613881
14.514158059584819	0.302763677017516
14.608405839192512	0.286201581217196
14.702653618800205	0.267816564174666
14.796901398407899	0.247637865173766
14.891149178015592	0.225726007035359
14.985396957623285	0.202173540162649
15.079644737230979	0.177104902527463
15.173892516838672	0.150675326067008
15.268140296446365	0.123068757529065
15.362388076054058	0.094494806075698
15.456635855661752	0.065184778450418
15.550883635269445	0.035386911884716
15.645131414877138	0.005360961234759
15.739379194484831	-0.024627663989159
15.833626974092525	-0.054313988726756
15.927874753700218	-0.083439549005117
16.022122533307911	-0.111758218071633
16.116370312915606	-0.139041559690492
16.210618092523301	-0.165083515527835
16.304865872130996	-0.189704273470290
16.399113651738691	-0.212753210549363
16.493361431346386	-0.234110853787646
16.587609210954081	-0.253689850831354
16.681856990561776	-0.271434986381271
16.776104770169471	-0.287322317748335
16.870352549777166	-0.301357531882056
16.964600329384862	-0.313573646414031
17.058848108992557	-0.324028188856334
17.153095888600252	-0.332799991884527
17.247343668207947	-0.339985739749195
17.341591447815642	-0.345696392587258
17.435839227423337	-0.350053603052047
17.530087007031032	-0.353186224485837
17.624334786638727	-0.355226992939219
17.718582566246422	-0.356309447682523
17.812830345854117	-0.356565137303949
17.907078125461812	-0.356121141764805
18.001325905069507	-0.355097925475723
18.095573684677202	-0.353607523036043
18.189821464284897	-0.351752048083522
18.284069243892592	-0.349622506949480
18.378317023500287	-0.347297892597468
18.472564803107982	-0.344844530615433
18.566812582715677	-0.342315647698145
18.661060362323372	-0.339751133871300
18.755308141931067	-0.337177472368983
18.849555921538762	-0.334607815223486
