0.000000000000000	0.100000000000000
0.188495559215388	0.099420435647327
0.376991118430775	0.098674045741087
0.565486677646163	0.097434085228026
0.753982236861550	0.095228141312360
0.942477796076938	0.091479803649723
1.130973355292326	0.085566878886569
1.319468914507713	0.076895741432258
1.507964473723101	0.064987895878700
1.696460032938488	0.049570432514553
1.884955592153876	0.030657902206971
2.073451151369264	0.008610597630448
2.261946710584651	-0.015845449418014
2.450442269800039	-0.041647573214318
2.638937829015426	-0.067478250537874
2.827433388230813	-0.091893585759220
3.015928947446201	-0.113482604856267
3.204424506661588	-0.131033461993360
3.392920065876976	-0.143678946173826
3.581415625092363	-0.150995886091458
3.769911184307750	-0.153041362017265
3.958406743523138	-0.150321275336194
4.146902302738526	-0.143700400849290
4.335397861953913	-0.134273710718360
4.523893421169300	-0.123223744565573
4.712388980384688	-0.111687433356296
4.900884539600075	-0.100649475672324
5.089380098815463	-0.090870725243776
5.277875658030850	-0.082851741541726
5.466371217246238	-0.076825561676357
5.654866776461625	-0.072770679602700
5.843362335677012	-0.070435051517335
6.031857894892400	-0.069363992765180
6.220353454107787	-0.068928168812448
6.408849013323175	-0.068351592213249
6.597344572538562	-0.066742814522096
6.785840131753949	-0.063134680501205
6.974335690969337	-0.056538565152922
7.162831250184724	-0.046017593049666
7.351326809400112	-0.030779871129725
7.539822368615499	-0.010287579925316
7.728317927830886	0.015628334100203
7.916813487046274	0.046663938555447
8.105309046261661	0.081968791583977
8.293804605477050	0.120124533145007
8.482300164692438	0.159194198652121
8.670795723907826	0.196853273031042
8.859291283123214	0.230600809092603
9.047786842338603	0.258031918057903
9.236282401553991	0.277134549990088
9.424777960769379	0.286559332364358
9.613273519984768	0.285808203813078
9.801769079200156	0.275300214363029
9.990264638415544	0.256299568239054
10.178760197630933	0.230723261826610
10.367255756846321	0.200871923783822
10.555751316061709	0.169139101649525
10.744246875277097	0.137749669862340
10.932742434492486	0.108562109054783
11.121237993707874	0.082949594021539
11.309733552923262	0.061757361492277
11.498229112138651	0.045321963229163
11.686724671354039	0.033532329219215
11.875220230569427	0.025912127453199
12.063715789784816	0.021706212989055
12.252211349000204	0.019959461391868
12.440706908215592	0.019582575547134
12.629202467430980	0.019405361722981
12.817698026646369	0.018222587123200
13.006193585861757	0.014840241934008
13.194689145077145	0.008130488656520
13.383184704292534	-0.002898301307373
13.571680263507922	-0.019014067631638
13.760175822723310	-0.040659485616694
13.948671381938698	-0.067846171498495
14.137166941154087	-0.100060787658003
14.325662500369475	-0.136203868465159
14.514158059584863	-0.174584036945072
14.702653618800252	-0.212987907633452
14.891149178015640	-0.248837979555694
15.079644737231028	-0.279436293824860
15.268140296446417	-0.302271363872491
15.456635855661805	-0.315343965892288
15.645131414877193	-0.317451503521168
15.833626974092581	-0.308369596679591
16.022122533307968	-0.288887938960790
16.210618092523355	-0.260691390019257
16.399113651738741	-0.226114669948321
16.587609210954128	-0.187825921965766
16.776104770169514	-0.148502530667129
16.964600329384901	-0.110552786260918
17.153095888600287	-0.075916751228581
17.341591447815674	-0.045957731913027
17.530087007031060	-0.021438019446582
17.718582566246447	-0.002561293053405
17.907078125461833	0.010940964837575
18.095573684677220	0.019701742990254
18.284069243892606	0.024608631560258
18.472564803107993	0.026705232392733
18.661060362323379	0.027110670260283
18.849555921538766	0.026957795681808
