0.000000000000000	0.000000000000000
0.157079632679490	0.015670613616222
0.314159265358979	0.031260470957714
0.471238898038469	0.046744737639311
0.628318530717959	0.062067353191819
0.785398163397448	0.077130074285843
0.942477796076938	0.091784078426705
1.099557428756428	0.105824992860057
1.256637061435917	0.118992225670271
1.413716694115407	0.130973374935576
1.570796326794897	0.141414239854352
1.727875959474386	0.149934540433628
1.884955592153876	0.156148887183889
2.042035224833366	0.159691882839067
2.199114857512855	0.160245570353504
2.356194490192345	0.157566872182839
2.513274122871834	0.151512305480490
2.670353755551324	0.142057200147816
2.827433388230814	0.129306949903496
2.984513020910303	0.113498498000134
3.141592653589793	0.094991245673320
3.298672286269283	0.074247757640098
3.455751918948772	0.051805857996768
3.612831551628262	0.028244767715308
3.769911184307752	0.004148648714054
3.926990816987241	-0.019928839106602
4.084070449666731	-0.043495630994878
4.241150082346221	-0.066145380317027
4.398229715025710	-0.087573004354051
4.555309347705200	-0.107581159595459
4.712388980384690	-0.126078174373662
4.869468613064179	-0.143068748445863
5.026548245743669	-0.158639194088042
5.183627878423159	-0.172939135459921
5.340707511102648	-0.186161453199938
5.497787143782138	-0.198521944086347
5.654866776461628	-0.210239756735341
5.811946409141117	-0.221519252095025
5.969026041820607	-0.232533591809935
6.126105674500097	-0.243410124651615
6.283185307179586	-0.254217543280556
6.440264939859076	-0.264954820649428
6.597344572538566	-0.275542088220130
6.754424205218055	-0.285813851453702
6.911503837897545	-0.295515203003859
7.068583470577035	-0.304301932117587
7.225663103256524	-0.311745576592652
7.382742735936014	-0.317344460621394
7.539822368615503	-0.320541559575898
7.696902001294993	-0.320749605366833
7.853981633974483	-0.317383198492261
8.011061266653972	-0.309896865572146
8.168140899333462	-0.297827068747113
8.325220532012953	-0.280835240364039
8.482300164692443	-0.258748111647355
8.639379797371934	-0.231591075062520
8.796459430051424	-0.199610224274168
8.953539062730915	-0.163279199894709
9.110618695410405	-0.123288129457443
9.267698328089896	-0.080513772477269
9.424777960769386	-0.035972286895726
9.581857593448877	0.009241539345170
9.738937226128368	0.054022684694777
9.896016858807858	0.097324792604265
10.053096491487349	0.138222383437046
10.210176124166839	0.175960307284110
10.367255756846330	0.209986384952979
10.524335389525820	0.239965630284173
10.681415022205311	0.265776804447638
10.838494654884801	0.287493918574270
10.995574287564292	0.305356462203978
11.152653920243782	0.319732568850628
11.309733552923273	0.331079149994432
11.466813185602764	0.339902415988710
11.623892818282254	0.346721349151170
11.780972450961745	0.352035771008081
11.938052083641235	0.356299785848169
12.095131716320726	0.359900679871773
12.252211349000216	0.363142864246725
12.409290981679707	0.366236191461649
12.566370614359197	0.369287937753807
12.723450247038688	0.372297896226910
12.880529879718178	0.375156313770881
13.037609512397669	0.377644766254144
13.194689145077160	0.379440430332071
13.351768777756650	0.380124504988190
13.508848410436141	0.379195694493497
13.665928043115631	0.376089630932203
13.823007675795122	0.370204851381969
13.980087308474612	0.360935440031559
14.137166941154103	0.347709716711370
14.294246573833593	0.330033450486129
14.451326206513084	0.307535083133096
14.608405839192574	0.280009479766056
14.765485471872065	0.247455935955554
14.922565104551555	0.210105749791967
15.079644737231046	0.168434817665785
15.236724369910537	0.123157610776984
15.393804002590027	0.075200610306649
15.550883635269518	0.025655711213156
15.707963267949008	-0.024283100213562
15.865042900628499	-0.073393881236885
16.022122533307989	-0.120503955819042
16.179202165987480	-0.164561958929294
16.336281798666970	-0.204697307592378
16.493361431346461	-0.240261760337413
16.650441064025951	-0.270850445966612
16.807520696705442	-0.296302510170498
16.964600329384933	-0.316683831390636
17.121679962064423	-0.332255800684707
17.278759594743914	-0.343434879748683
17.435839227423404	-0.350747650574875
17.592918860102895	-0.354785537115438
17.749998492782385	-0.356162517438621
17.907078125461876	-0.355478136546583
18.064157758141366	-0.353287123204656
18.221237390820857	-0.350076020905657
18.378317023500347	-0.346246540695529
18.535396656179838	-0.342104874862382
18.692476288859329	-0.337855984971593
18.849555921538819	-0.333601875128264
