0.000000000000000	0.100000000000000
0.125663706143592	0.099620613479439
0.251327412287183	0.099208726358565
0.376991118430775	0.098697766268826
0.502654824574367	0.097987798520655
0.628318530717959	0.096949080881859
0.753982236861550	0.095426910468009
0.879645943005142	0.093247888422884
1.005309649148734	0.090227680532465
1.130973355292325	0.086180259375462
1.256637061435917	0.080928479221901
1.382300767579509	0.074315668250904
1.507964473723100	0.066217739910952
1.633628179866692	0.056555148121736
1.759291886010284	0.045303864708422
1.884955592153875	0.032504467467192
2.010619298297467	0.018268415678944
2.136283004441059	0.002780671811694
2.261946710584651	-0.013701991089763
2.387610416728243	-0.030857383142956
2.513274122871835	-0.048309029908251
2.638937829015427	-0.065641682933842
2.764601535159019	-0.082420438115718
2.890265241302611	-0.098212310517097
3.015928947446203	-0.112608807161068
3.141592653589794	-0.125247848810970
3.267256359733386	-0.135833353143192
3.392920065876978	-0.144150925587700
3.518583772020570	-0.150078409653186
3.644247478164162	-0.153590499440374
3.769911184307754	-0.154757162198333
3.895574890451346	-0.153736189113803
4.021238596594937	-0.150760712849329
4.146902302738529	-0.146122933550936
4.272566008882121	-0.140155534737487
4.398229715025713	-0.133212328624655
4.523893421169305	-0.125649558239866
4.649557127312897	-0.117809036216295
4.775220833456489	-0.110003966869470
4.900884539600081	-0.102507932335663
5.026548245743673	-0.095547173221751
5.152211951887264	-0.089295996178662
5.277875658030856	-0.083874918063291
5.403539364174448	-0.079351018429669
5.529203070318040	-0.075739917296347
5.654866776461632	-0.073008813674022
5.780530482605224	-0.071080097482379
5.906194188748816	-0.069835166312681
6.031857894892408	-0.069118221883785
6.157521601036000	-0.068739972927741
6.283185307179592	-0.068481317195900
6.408849013323183	-0.068097202608194
6.534512719466775	-0.067320965199773
6.660176425610367	-0.065869499878802
6.785840131753959	-0.063449631166498
6.911503837897551	-0.059766009279258
7.037167544041143	-0.054530759447915
7.162831250184735	-0.047474960801471
7.288494956328327	-0.038361832337633
7.414158662471919	-0.027001270234347
7.539822368615511	-0.013265131440953
7.665486074759102	0.002897584123111
7.791149780902694	0.021446711427661
7.916813487046286	0.042239271718731
8.042477193189878	0.065021487332094
8.168140899333469	0.089425729031863
8.293804605477060	0.114973531183878
8.419468311620651	0.141085550071627
8.545132017764242	0.167098944564610
8.670795723907833	0.192292123681921
8.796459430051424	0.215916145494823
8.922123136195015	0.237231305912132
9.047786842338606	0.255546699454081
9.173450548482197	0.270259878882750
9.299114254625788	0.280893321293887
9.424777960769379	0.287124353457998
9.550441666912970	0.288805581583292
9.676105373056561	0.285973710950299
9.801769079200152	0.278845830327199
9.927432785343743	0.267803589393123
10.053096491487334	0.253366985092406
10.178760197630925	0.236160479896937
10.304423903774516	0.216874754597889
10.430087609918107	0.196227502182535
10.555751316061698	0.174926346363606
10.681415022205289	0.153636336410817
10.807078728348881	0.132953675927908
10.932742434492472	0.113386525323248
11.058406140636063	0.095342981119244
11.184069846779654	0.079125743528270
11.309733552923245	0.064932562739238
11.435397259066836	0.052861302438823
11.561060965210427	0.042918358147569
11.686724671354018	0.035029192187954
11.812388377497609	0.029049868410632
11.938052083641200	0.024778660471697
12.063715789784791	0.021967041326091
12.189379495928382	0.020329614679545
12.315043202071973	0.019552800064740
12.440706908215564	0.019302313720067
12.566370614359155	0.019229682703952
12.692034320502746	0.018978178281685
12.817698026646337	0.018188648444293
12.943361732789928	0.016505763307248
13.069025438933519	0.013585158744990
13.194689145077110	0.009101873496463
13.320352851220701	0.002760326943760
13.446016557364292	-0.005694113599042
13.571680263507883	-0.016462164245901
13.697343969651474	-0.029676702586052
13.823007675795065	-0.045388604089360
13.948671381938656	-0.063553294569678
14.074335088082247	-0.084019182500036
14.199998794225838	-0.106519278608479
14.325662500369429	-0.130667368543402
14.451326206513020	-0.155960053549933
14.576989912656611	-0.181785788517125
14.702653618800202	-0.207441701123632
14.828317324943793	-0.232158451257293
14.953981031087384	-0.255132685690430
15.079644737230975	-0.275565792101335
15.205308443374566	-0.292706739543750
15.330972149518157	-0.305895941754380
15.456635855661748	-0.314606465346269
15.582299561805339	-0.318478699209025
15.707963267948930	-0.317344927778191
15.833626974092521	-0.311241133959947
15.959290680236112	-0.300404695846372
16.084954386379703	-0.285258218313788
16.210618092523294	-0.266381275866399
16.336281798666885	-0.244473067652774
16.461945504810476	-0.220309712388672
16.587609210954067	-0.194700075508891
16.713272917097658	-0.168443680392018
16.838936623241249	-0.142293552605493
16.964600329384840	-0.116925956710441
17.090264035528431	-0.092918070833062
17.215927741672022	-0.070733822913054
17.341591447815613	-0.050717450576103
17.467255153959204	-0.033093866440922
17.592918860102795	-0.017974606047216
17.718582566246386	-0.005367985857069
17.844246272389977	0.004807921143011
17.969909978533568	0.012710799798651
18.095573684677159	0.018559238891035
18.221237390820750	0.022618427751961
18.346901096964341	0.025187065529187
18.472564803107932	0.026585878226119
18.598228509251523	0.027147882764391
18.723892215395114	0.027210310962531
18.849555921538705	0.027107923623755
