0.000000000000000	0.100000000000000
0.628318530717959	0.096277804143460
1.256637061435917	0.075100172101300
1.884955592153876	0.019154560563958
2.513274122871834	-0.061762895296693
3.141592653589793	-0.125927498544859
3.769911184307752	-0.139918369042180
4.398229715025710	-0.114215788052641
5.026548245743669	-0.084383590157843
5.654866776461628	-0.071909736210394
6.283185307179586	-0.070566964698813
6.911503837897545	-0.053194565580706
7.539822368615503	0.011754802935620
8.168140899333462	0.127467684064733
8.796459430051421	0.240332125414428
9.424777960769379	0.272647731328774
10.053096491487338	0.207729391445219
10.681415022205297	0.108450586678790
11.309733552923255	0.041016968956182
11.938052083641214	0.020430333186465
12.566370614359172	0.020048837288682
13.194689145077131	-0.001558902951248
13.823007675795090	-0.076966968096455
14.451326206513048	-0.197438495845015
15.079644737231007	-0.293869395190370
15.707963267948966	-0.288198024054648
16.336281798666924	-0.184360448658503
16.964600329384883	-0.063429691660265
17.592918860102841	0.009121731024650
18.221237390820800	0.028667943493140
18.849555921538759	0.028132626582706
