0.000000000000000	0.000000000000000
0.099208189060730	0.009906030194067
0.198416378121461	0.019781904994429
0.297624567182191	0.029625143257259
0.396832756242921	0.039430001901868
0.496040945303652	0.049186179027137
0.595249134364382	0.058877617110047
0.694457323425112	0.068481436283745
0.793665512485842	0.077967030264601
0.892873701546573	0.087295359712208
0.992081890607303	0.096418479137792
1.091290079668034	0.105279333387341
1.190498268728764	0.113811857709564
1.289706457789494	0.121941411047801
1.388914646850225	0.129585565170144
1.488122835910955	0.136655262449455
1.587331024971685	0.143056342614428
1.686539214032416	0.148691423942613
1.785747403093146	0.153462107728422
1.884955592153877	0.157271457234335
1.984163781214607	0.160026684712236
2.083371970275337	0.161641963586334
2.182580159336067	0.162041268699820
2.281788348396797	0.161161136799250
2.380996537457527	0.158953233208907
2.480204726518258	0.155386609784920
2.579412915578988	0.150449544323657
2.678621104639718	0.144150862890503
2.777829293700448	0.136520663916447
2.877037482761178	0.127610385853659
2.976245671821908	0.117492187737815
3.075453860882639	0.106257642818100
3.174662049943369	0.094015777772915
3.273870239004099	0.080890521954893
3.373078428064829	0.067017660500125
3.472286617125559	0.052541409938368
3.571494806186289	0.037610753341083
3.670702995247019	0.022375682666049
3.769911184307750	0.006983498022138
3.869119373368480	-0.008424692994834
3.968327562429210	-0.023717147315126
4.067535751489940	-0.038774222452327
4.166743940550671	-0.053490595477526
4.265952129611401	-0.067776912750882
4.365160318672132	-0.081560847816338
4.464368507732862	-0.094787572971379
4.563576696793593	-0.107419674932541
4.662784885854323	-0.119436565433948
4.761993074915054	-0.130833452730041
4.861201263975785	-0.141619949538179
4.960409453036515	-0.151818397118559
5.059617642097246	-0.161461984482727
5.158825831157976	-0.170592736948395
5.258034020218707	-0.179259440377772
5.357242209279438	-0.187515557472535
5.456450398340168	-0.195417181455428
5.555658587400899	-0.203021061269075
5.654866776461629	-0.210382721864986
5.754074965522360	-0.217554693887071
5.853283154583091	-0.224584859559714
5.952491343643821	-0.231514916194032
6.051699532704552	-0.238378955596309
6.150907721765282	-0.245202156825738
6.250115910826013	-0.251999591100733
6.349324099886744	-0.258775140973663
6.448532288947474	-0.265520540857551
6.547740478008205	-0.272214552175981
6.646948667068935	-0.278822293317252
6.746156856129666	-0.285294751633745
6.845365045190396	-0.291568511311715
6.944573234251127	-0.297565736387559
7.043781423311858	-0.303194451842881
7.142989612372588	-0.308349166943525
7.242197801433319	-0.312911883242183
7.341405990494049	-0.316753524503363
7.440614179554780	-0.319735816957943
7.539822368615511	-0.321713635675301
7.639030557676241	-0.322537816601026
7.738238746736972	-0.322058414330656
7.837446935797702	-0.320128363589499
7.936655124858433	-0.316607478496357
8.035863313919164	-0.311366699026761
8.135071502979894	-0.304292469847183
8.234279692040625	-0.295291114197470
8.333487881101355	-0.284293046213535
8.432696070162086	-0.271256650574216
8.531904259222816	-0.256171650269591
8.631112448283547	-0.239061783276184
8.730320637344278	-0.219986618527450
8.829528826405008	-0.199042362021836
8.928737015465739	-0.176361535894105
9.027945204526469	-0.152111456618900
9.127153393587200	-0.126491491931808
9.226361582647931	-0.099729136963087
9.325569771708661	-0.072075014610509
9.424777960769392	-0.043796968397694
9.523986149830122	-0.015173472458428
9.623194338890853	0.013513372562513
9.722402527951584	0.041984961549373
9.821610717012314	0.069973121180502
9.920818906073045	0.097226569820932
10.020027095133775	0.123516642929305
10.119235284194506	0.148642074353246
10.218443473255236	0.172432683498343
10.317651662315967	0.194751883426076
10.416859851376698	0.215497989798043
10.516068040437428	0.234604370254641
10.615276229498159	0.252038524480652
10.714484418558889	0.267800224452412
10.813692607619620	0.281918871159758
10.912900796680351	0.294450238636188
11.012108985741081	0.305472779513918
11.111317174801812	0.315083660243936
11.210525363862542	0.323394680584411
11.309733552923273	0.330528213033789
11.408941741984004	0.336613275543980
11.508149931044734	0.341781826877964
11.607358120105465	0.346165349914475
11.706566309166195	0.349891765326588
11.805774498226926	0.353082697383637
11.904982687287657	0.355851095903839
12.004190876348387	0.358299204132613
12.103399065409118	0.360516851826369
12.202607254469848	0.362580046162280
12.301815443530579	0.364549830163363
12.401023632591309	0.366471378853690
12.500231821652040	0.368373306932141
12.599440010712771	0.370267167854016
12.698648199773501	0.372147132230379
12.797856388834232	0.373989842723297
12.897064577894962	0.375754452416409
12.996272766955693	0.377382863237101
13.095480956016424	0.378800189660202
13.194689145077154	0.379915479915367
13.293897334137885	0.380622731580023
13.393105523198615	0.380802240170814
13.492313712259346	0.380322317659102
13.591521901320077	0.379041412377149
13.690730090380807	0.376810652362940
13.789938279441538	0.373476820811841
13.889146468502268	0.368885755162648
13.988354657562999	0.362886140852692
14.087562846623729	0.355333647549805
14.186771035684460	0.346095330536107
14.285979224745191	0.335054193920833
14.385187413805921	0.322113786760080
14.484395602866652	0.307202679460922
14.583603791927382	0.290278647791518
14.682811980988113	0.271332377385617
14.782020170048844	0.250390494966527
14.881228359109574	0.227517735801164
14.980436548170305	0.202818072107625
15.079644737231035	0.176434655730031
15.178852926291766	0.148548470892276
15.278061115352497	0.119375648466212
15.377269304413227	0.089163459549500
15.476477493473958	0.058185079151509
15.575685682534688	0.026733284833071
15.674893871595419	-0.004886676343805
15.774102060656150	-0.036364762981445
15.873310249716880	-0.067394029082352
15.972518438777611	-0.097678385307893
16.071726627838341	-0.126939897452287
16.170934816899070	-0.154925319832437
16.270143005959799	-0.181411613015253
16.369351195020528	-0.206210261203269
16.468559384081257	-0.229170278053553
16.567767573141985	-0.250179863984571
16.666975762202714	-0.269166747167195
16.766183951263443	-0.286097299816505
16.865392140324172	-0.300974568190319
16.964600329384901	-0.313835387605619
17.063808518445629	-0.324746772963594
17.163016707506358	-0.333801781926834
17.262224896567087	-0.341115043860241
17.361433085627816	-0.346818135068746
17.460641274688545	-0.351054961914817
17.559849463749273	-0.353977290125466
17.659057652810002	-0.355740532841255
17.758265841870731	-0.356499883320333
17.857474030931460	-0.356406852053923
17.956682219992189	-0.355606243513107
18.055890409052918	-0.354233585747207
18.155098598113646	-0.352413007289025
18.254306787174375	-0.350255540768937
18.353514976235104	-0.347857821555371
18.452723165295833	-0.345301142667229
18.551931354356562	-0.342650823990024
18.651139543417290	-0.339955854144281
18.750347732478019	-0.337248766731731
18.849555921538748	-0.334545718544205
