0.000000000000000	0.100000000000000
0.110879740714934	0.099666030171810
0.221759481429868	0.099312566315396
0.332639222144802	0.098899029323862
0.443518962859736	0.098364125879772
0.554398703574669	0.097627527959729
0.665278444289603	0.096592136704185
0.776158185004537	0.095146987126498
0.887037925719471	0.093170841117999
0.997917666434405	0.090536492729022
1.108797407149339	0.087115771580859
1.219677147864273	0.082785178810917
1.330556888579206	0.077432028161508
1.441436629294140	0.070960897351382
1.552316370009074	0.063300127837853
1.663196110724008	0.054408051617542
1.774075851438941	0.044278579300950
1.884955592153875	0.032945761335097
1.995835332868809	0.020486939622751
2.106715073583743	0.007024143503094
2.217594814298677	-0.007276546898199
2.328474555013611	-0.022207847476461
2.439354295728545	-0.037526379536615
2.550234036443479	-0.052959950867926
2.661113777158413	-0.068216765748756
2.771993517873347	-0.082996172145655
2.882873258588281	-0.097000420833755
2.993752999303215	-0.109946805956561
3.104632740018149	-0.121579491773934
3.215512480733083	-0.131680315931297
3.326392221448017	-0.140077901599451
3.437271962162951	-0.146654509958542
3.548151702877885	-0.151350214924764
3.659031443592819	-0.154164171298003
3.769911184307753	-0.155152957600912
3.880790925022687	-0.154426184380282
3.991670665737621	-0.152139745945478
4.102550406452555	-0.148487239687983
4.213430147167489	-0.143690169243900
4.324309887882422	-0.137987580186820
4.435189628597356	-0.131625751673705
4.546069369312289	-0.124848493104663
4.656949110027223	-0.117888484584391
4.767828850742156	-0.110959969149480
4.878708591457090	-0.104252968570537
4.989588332172024	-0.097929066298814
5.100468072886957	-0.092118690929053
5.211347813601891	-0.086919747935985
5.322227554316824	-0.082397389476896
5.433107295031758	-0.078584681819917
5.543987035746691	-0.075483925249768
5.654866776461625	-0.073068398360541
5.765746517176559	-0.071284332831839
5.876626257891492	-0.070052971133832
5.987505998606426	-0.069272613218181
6.098385739321359	-0.068820614536474
6.209265480036293	-0.068555352524883
6.320145220751226	-0.068318228291907
6.431024961466160	-0.067935811353079
6.541904702181093	-0.067222264961754
6.652784442896027	-0.065982205357657
6.763664183610961	-0.064014148009517
6.874543924325894	-0.061114676175525
6.985423665040828	-0.057083431177722
7.096303405755761	-0.051728970105027
7.207183146470695	-0.044875466985117
7.318062887185628	-0.036370151056744
7.428942627900562	-0.026091285385684
7.539822368615495	-0.013956396738957
7.650702109330429	0.000069619725598
7.761581850045363	0.015966972551531
7.872461590760296	0.033654530417736
7.983341331475230	0.052985000936327
8.094221072190164	0.073742269360187
8.205100812905098	0.095641398701730
8.315980553620031	0.118331717154534
8.426860294334965	0.141403300158924
8.537740035049898	0.164396990735625
8.648619775764832	0.186817893095082
8.759499516479766	0.208152025950423
8.870379257194699	0.227885545607312
8.981258997909633	0.245525666292257
9.092138738624566	0.260622147510048
9.203018479339500	0.272788023855423
9.313898220054433	0.281718161315934
9.424777960769367	0.287204268124177
9.535657701484300	0.289145183559447
9.646537442199234	0.287551606982021
9.757417182914168	0.282544878067668
9.868296923629101	0.274349922195797
9.979176664344035	0.263282965151783
10.090056405058968	0.249735033620855
10.200936145773902	0.234152542295567
10.311815886488835	0.217016398637690
10.422695627203769	0.198821032794509
10.533575367918703	0.180054606069166
10.644455108633636	0.161181404683284
10.755334849348570	0.142627129622642
10.866214590063503	0.124767488336182
10.977094330778437	0.107920211631436
11.087974071493370	0.092340380185154
11.198853812208304	0.078218760304542
11.309733552923237	0.065682720398564
11.420613293638171	0.054799224969518
11.531493034353105	0.045579375550147
11.642372775068038	0.037983980174779
11.753252515782972	0.031929676569173
11.864132256497905	0.027295201299521
11.975011997212839	0.023927480051260
12.085891737927772	0.021647305942754
12.196771478642706	0.020254466869357
12.307651219357640	0.019532273602889
12.418530960072573	0.019251522850061
12.529410700787507	0.019173999688833
12.640290441502440	0.019055678615464
12.751170182217374	0.018649819530165
12.862049922932307	0.017710172802509
12.972929663647241	0.015994505231643
13.083809404362174	0.013268636102653
13.194689145077108	0.009311130264125
13.305568885792042	0.003918734720067
13.416448626506975	-0.003087430855124
13.527328367221909	-0.011855007444615
13.638208107936842	-0.022493027303392
13.749087848651776	-0.035064313029261
13.859967589366709	-0.049578009980686
13.970847330081643	-0.065982700281049
14.081727070796576	-0.084160613190535
14.192606811511510	-0.103923489915772
14.303486552226444	-0.125010674383996
14.414366292941377	-0.147089978187859
14.525246033656311	-0.169761800413930
14.636125774371244	-0.192566863996652
14.747005515086178	-0.214997753532266
14.857885255801111	-0.236514202930012
14.968764996516045	-0.256561789943993
15.079644737230979	-0.274593364494132
15.190524477945912	-0.290092198065695
15.301404218660846	-0.302595534656197
15.412283959375779	-0.311717000456071
15.523163700090713	-0.317166240005294
15.634043440805646	-0.318764228928051
15.744923181520580	-0.316452981310797
15.855802922235513	-0.310298805163875
15.966682662950447	-0.300488811581727
16.077562403665382	-0.287320977402042
16.188442144380318	-0.271188613604156
16.299321885095253	-0.252560527539531
16.410201625810188	-0.231958435637143
16.521081366525124	-0.209933266134086
16.631961107240059	-0.187041902264242
16.742840847954994	-0.163825692967753
16.853720588669930	-0.140791750686355
16.964600329384865	-0.118397714804341
17.075480070099800	-0.097040327035974
17.186359810814736	-0.077047870952002
17.297239551529671	-0.058676288064152
17.408119292244606	-0.042108602825207
17.518999032959542	-0.027457166693353
17.629878773674477	-0.014768161332130
17.740758514389412	-0.004027775919230
17.851638255104348	0.004830513858800
17.962517995819283	0.011918094229613
18.073397736534218	0.017383251014069
18.184277477249154	0.021403473928474
18.295157217964089	0.024178309976955
18.406036958679024	0.025922949744115
18.516916699393960	0.026862634261166
18.627796440108895	0.027227882038132
18.738676180823830	0.027250460344572
18.849555921538766	0.027159965219833
