0.000000000000000	0.100000000000000
0.235619449019234	0.099257470309716
0.471238898038469	0.098108803103194
0.706858347057703	0.095781177429260
0.942477796076938	0.091204913705289
1.178097245096172	0.083176901817932
1.413716694115407	0.070584709488347
1.649336143134641	0.052672452913513
1.884955592153876	0.029304422408562
2.120575041173110	0.001161694921548
2.356194490192345	-0.030197509705209
2.591813939211579	-0.062463075502002
2.827433388230814	-0.092889525771884
3.063052837250048	-0.118752879359155
3.298672286269283	-0.137845856461311
3.534291735288517	-0.148885145178694
3.769911184307752	-0.151721624009769
4.005530633326986	-0.147301931323923
4.241150082346220	-0.137406414506321
4.476769531365454	-0.124251937994485
4.712388980384688	-0.110073012021609
4.948008429403922	-0.096776972296344
5.183627878423156	-0.085724382167553
5.419247327442390	-0.077637842773714
5.654866776461624	-0.072608900259685
5.890486225480858	-0.070160586771025
6.126105674500092	-0.069329758077563
6.361725123519326	-0.068751391623849
6.597344572538560	-0.066748054589496
6.832964021557794	-0.061444548765233
7.068583470577028	-0.050934560609660
7.304202919596262	-0.033519172151644
7.539822368615496	-0.008015485013154
7.775441817634730	0.025898939300715
8.011061266653964	0.067374886576847
8.246680715673198	0.114207617490073
8.482300164692433	0.162877740949656
8.717919613711667	0.208886574381127
8.953539062730901	0.247391775887110
9.189158511750135	0.274053324880114
9.424777960769369	0.285898207335307
9.660397409788603	0.281955409927153
9.896016858807837	0.263452706814865
10.131636307827071	0.233508101954986
10.367255756846305	0.196426978274757
10.602875205865539	0.156836886646729
10.838494654884773	0.118902770377327
11.074114103904007	0.085785390531521
11.309733552923241	0.059394557622588
11.545353001942475	0.040398289029530
11.780972450961709	0.028400944524181
12.016591899980943	0.022195559227088
12.252211349000177	0.020015629359196
12.487830798019411	0.019745570490972
12.723450247038645	0.019084727207492
12.959069696057879	0.015687806086533
13.194689145077113	0.007318832815865
13.430308594096347	-0.007946752536491
13.665928043115581	-0.031456331959597
13.901547492134815	-0.063667264138306
14.137166941154049	-0.103841393886067
14.372786390173284	-0.149834625168386
14.608405839192518	-0.198086113863744
14.844025288211752	-0.243899507297820
15.079644737230986	-0.282055416532560
15.315264186250220	-0.307695538888061
15.550883635269454	-0.317294828578398
15.786503084288688	-0.309446016823525
16.022122533307922	-0.285192477233828
16.257741982327158	-0.247787174170222
16.493361431346393	-0.201964716803024
16.728980880365629	-0.152975004154058
16.964600329384865	-0.105662957717499
17.200219778404101	-0.063800567666351
17.435839227423337	-0.029753304412455
17.671458676442573	-0.004455870244993
17.907078125461808	0.012390583354862
18.142697574481044	0.022007149744148
18.378317023500280	0.026206684614800
18.613936472519516	0.027107517197428
18.849555921538752	0.026916581068432
