0.000000000000000	0.000000000000000
0.942477796076938	0.090093761622728
1.884955592153876	0.139659387362094
2.827433388230814	0.094287168952437
3.769911184307752	-0.021785256367899
4.712388980384690	-0.128678094098861
5.654866776461628	-0.205298136721270
6.597344572538566	-0.269860139635662
7.539822368615503	-0.287521145404403
8.482300164692441	-0.171404574791058
9.424777960769379	0.059369549283378
10.367255756846317	0.246253177947192
11.309733552923255	0.320213456810906
12.252211349000193	0.343795479264940
13.194689145077131	0.348873230023473
14.137166941154069	0.267664825700483
15.079644737231007	0.043813529064146
16.022122533307943	-0.202792911882537
16.964600329384879	-0.316654346706560
17.907078125461815	-0.317138740644338
18.849555921538752	-0.289212865226899
