0.000000000000000	0.000000000000000
0.628318530717959	0.061852386315765
1.256637061435917	0.116279430677921
1.884955592153876	0.146452526803603
2.513274122871834	0.132548698152444
3.141592653589793	0.071544558468404
3.769911184307752	-0.014482436760050
4.398229715025710	-0.096005768304452
5.026548245743669	-0.159069371672861
5.654866776461628	-0.208309654736563
6.283185307179586	-0.253068705122625
6.911503837897545	-0.292049966296807
7.539822368615503	-0.305141800863126
8.168140899333462	-0.260355256200148
8.796459430051421	-0.141264607406726
9.424777960769379	0.025244678452747
10.053096491487338	0.180531585687100
10.681415022205297	0.281821363674214
11.309733552923255	0.329216098241019
11.938052083641214	0.348557158908189
12.566370614359172	0.361273688834283
13.194689145077131	0.367078144450395
13.823007675795090	0.342066478962803
14.451326206513048	0.253935255985270
15.079644737231007	0.094914595515371
15.707963267948966	-0.093958589433894
16.336281798666924	-0.246618306749260
16.964600329384883	-0.325922903733963
17.592918860102841	-0.343091281944459
18.221237390820800	-0.331164769519658
18.849555921538759	-0.313320872505213
