0.000000000000000	0.000000000000000
0.235619449019234	0.023475864836953
0.471238898038469	0.046733230260434
0.706858347057703	0.069587670396276
0.942477796076938	0.091636751104847
1.178097245096172	0.112208691290186
1.413716694115407	0.130356635899074
1.649336143134641	0.144910904171260
1.884955592153876	0.154594209951426
2.120575041173110	0.158191928070441
2.356194490192345	0.154753435585060
2.591813939211579	0.143786259686377
2.827433388230814	0.125398012326044
3.063052837250048	0.100346338211920
3.298672286269283	0.069975294291153
3.534291735288517	0.036043905706258
3.769911184307752	0.000480939135810
4.005530633326986	-0.034880701071552
4.241150082346220	-0.068533372290423
4.476769531365454	-0.099445062817835
4.712388980384688	-0.127112284867584
4.948008429403922	-0.151522163200919
5.183627878423156	-0.173047859351657
5.419247327442390	-0.192307741585127
5.654866776461624	-0.210015233033200
5.890486225480858	-0.226837418422376
6.126105674500092	-0.243271077345849
6.361725123519326	-0.259538411631355
6.597344572538560	-0.275503029013605
6.832964021557794	-0.290609571367851
7.068583470577028	-0.303856040967875
7.304202919596262	-0.313813562506079
7.539822368615496	-0.318710634025463
7.775441817634730	-0.316594792478115
8.011061266653964	-0.305572439735336
8.246680715673198	-0.284108204625332
8.482300164692433	-0.251342362734037
8.717919613711667	-0.207364715316400
8.953539062730901	-0.153373908340996
9.189158511750135	-0.091660658977555
9.424777960769369	-0.025386613134240
9.660397409788603	0.041816657273989
9.896016858807837	0.106348644051394
10.131636307827071	0.165127390885344
10.367255756846305	0.215955327564159
10.602875205865539	0.257697063866291
10.838494654884773	0.290260219260003
11.074114103904007	0.314418926816919
11.309733552923241	0.331544788828595
11.545353001942475	0.343310971281101
11.780972450961709	0.351419688230950
12.016591899980943	0.357381492849511
12.252211349000177	0.362354605762677
12.487830798019411	0.367038855487176
12.723450247038645	0.371613471940448
12.959069696057879	0.375710214650768
13.194689145077113	0.378420572330437
13.430308594096347	0.378344422374680
13.665928043115581	0.373693635765695
13.901547492134815	0.362464127217123
14.137166941154049	0.342681530332097
14.372786390173284	0.312708855283461
14.608405839192518	0.271581608688903
14.844025288211752	0.219312226289696
15.079644737230986	0.157089527879699
15.315264186250220	0.087300638330429
15.550883635269454	0.013331283177873
15.786503084288688	-0.060844654469741
16.022122533307922	-0.131210032088396
16.257741982327158	-0.194260381159694
16.493361431346393	-0.247443157619225
16.728980880365629	-0.289393581400577
16.964600329384865	-0.319945018273758
17.200219778404101	-0.339950735293586
17.435839227423337	-0.350987783020434
17.671458676442573	-0.355019839473670
17.907078125461808	-0.354081877995505
18.142697574481044	-0.350026047744268
18.378317023500280	-0.344344059799818
18.613936472519516	-0.338062625054574
18.849555921538752	-0.331698087421380
