0.000000000000000	0.100000000000000
0.104719755119660	0.099685840734641
0.209439510239320	0.099575214583845
0.314159265358979	0.099625299909546
0.418879020478639	0.099769989391215
0.523598775598299	0.099921043769359
0.628318530717959	0.099969586335924
0.733038285837618	0.099788040381017
0.837758040957278	0.099232627784369
0.942477796076938	0.098146548457768
1.047197551196598	0.096363945411449
1.151917306316258	0.093714727648366
1.256637061435917	0.090030272824716
1.361356816555577	0.085149965052852
1.466076571675237	0.078928443502976
1.570796326794896	0.071243349594685
1.675516081914556	0.062003271348343
1.780235837034216	0.051155501078051
1.884955592153875	0.038693155971307
1.989675347273535	0.024661168967451
2.094395102393195	0.009160647304288
2.199114857512855	-0.007648876361522
2.303834612632515	-0.025549707550616
2.408554367752175	-0.044269067966427
2.513274122871834	-0.063485143867780
2.617993877991494	-0.082836087505338
2.722713633111154	-0.101931760795856
2.827433388230814	-0.120367808312532
2.932153143350474	-0.137741449992308
3.036872898470134	-0.153668208830241
3.141592653589794	-0.167798652983085
3.246312408709454	-0.179834153214710
3.351032163829114	-0.189540651662089
3.455751918948774	-0.196759517668193
3.560471674068434	-0.201414733734111
3.665191429188094	-0.203515901231097
3.769911184307754	-0.203156861086946
3.874630939427413	-0.200510058420368
3.979350694547073	-0.195817104883249
4.084070449666733	-0.189376270786056
4.188790204786392	-0.181527839583186
4.293509959906052	-0.172638360130996
4.398229715025711	-0.163084831808836
4.502949470145371	-0.153239762816507
4.607669225265030	-0.143457872757390
4.712388980384690	-0.134064993753474
4.817108735504349	-0.125349488318018
4.921828490624009	-0.117556272961273
5.026548245743668	-0.110883334470376
5.131268000863328	-0.105480464621478
5.235987755982987	-0.101449825606168
5.340707511102647	-0.098847893715920
5.445427266222306	-0.097688309448887
5.550147021341965	-0.097945181901282
5.654866776461625	-0.099556446257638
5.759586531581284	-0.102426947135655
5.864306286700944	-0.106431009568833
5.969026041820603	-0.111414356492867
6.073745796940263	-0.117195330823938
6.178465552059922	-0.123565476783007
6.283185307179582	-0.130289625163859
6.387905062299241	-0.137105707499178
6.492624817418901	-0.143724591492111
6.597344572538560	-0.149830281440121
6.702064327658220	-0.155080859086799
6.806784082777879	-0.159110548415267
6.911503837897539	-0.161533268297156
7.016223593017198	-0.161947986192569
7.120943348136858	-0.159946102410441
7.225663103256517	-0.155120978696233
7.330382858376177	-0.147079581870665
7.435102613495836	-0.135456052146879
7.539822368615495	-0.119926840148869
7.644542123735155	-0.100226903017370
7.749261878854814	-0.076166325089561
7.853981633974474	-0.047646645897720
7.958701389094133	-0.014676143817055
8.063421144213793	0.022616666525449
8.168140899333453	0.063972026294052
8.272860654453114	0.108991073676269
8.377580409572774	0.157131772561927
8.482300164692434	0.207709287702571
8.587019919812095	0.259901531424690
8.691739674931755	0.312760694592149
8.796459430051415	0.365231628580496
8.901179185171076	0.416177882427895
9.005898940290736	0.464415923535503
9.110618695410396	0.508757497843146
9.215338450530057	0.548059181534294
9.320058205649717	0.581276991675317
9.424777960769378	0.607522618090519
9.529497715889038	0.626116678594551
9.634217471008698	0.636633708840096
9.738937226128359	0.638933673108302
9.843656981248019	0.633175785679134
9.948376736367679	0.619812305204907
10.053096491487340	0.599562403336482
10.157816246607000	0.573368729298829
10.262536001726660	0.542341366192398
10.367255756846321	0.507695091298033
10.471975511965981	0.470686035534973
10.576695267085642	0.432553076293886
10.681415022205302	0.394467887972491
10.786134777324962	0.357495898893684
10.890854532444623	0.322568813809916
10.995574287564283	0.290468097982134
11.100294042683943	0.261817984675369
11.205013797803604	0.237086148948718
11.309733552923264	0.216590100776345
11.414453308042924	0.200507478123625
11.519173063162585	0.188888662913680
11.623892818282245	0.181670424326180
11.728612573401906	0.178689570156113
11.833332328521566	0.179695839563588
11.938052083641226	0.184363497952223
12.042771838760887	0.192301303329769
12.147491593880547	0.203060710690432
12.252211349000207	0.216142370747633
12.356931104119868	0.231001160560031
12.461650859239528	0.247050149660554
12.566370614359188	0.263664045074393
12.671090369478849	0.280182757738631
12.775810124598509	0.295915775462801
12.880529879718170	0.310147998541336
12.985249634837830	0.322147581826627
13.089969389957490	0.331176126977085
13.194689145077151	0.336501287291527
13.299408900196811	0.337411506346287
13.404128655316471	0.333232248560046
13.508848410436132	0.323342748190413
13.613568165555792	0.307192066042268
13.718287920675452	0.284313162286879
13.823007675795113	0.254333816381155
13.927727430914773	0.216983569501369
14.032447186034434	0.172096410960300
14.137166941154094	0.119609617158449
14.241886696273754	0.059559886522964
14.346606451393415	-0.007921413510427
14.451326206513075	-0.082611569530164
14.556045961632735	-0.164195857687965
14.660765716752396	-0.252260425532336
14.765485471872056	-0.346276725763373
14.870205226991716	-0.445576401932318
14.974924982111377	-0.549316887147489
15.079644737231037	-0.656439846866963
15.184364492350698	-0.765626985791147
15.289084247470358	-0.875260556291844
15.393804002590018	-0.983398855568742
15.498523757709679	-1.087779458730206
15.603243512829339	-1.185863883129066
15.707963267948999	-1.274935471820491
15.812683023068660	-1.352256214210087
15.917402778188320	-1.415277422668773
16.022122533307979	-1.461884730500046
16.126842288427639	-1.490643120849087
16.231562043547299	-1.500997924558136
16.336281798666960	-1.493388354373472
16.441001553786620	-1.469243849964402
16.545721308906280	-1.430857847593192
16.650441064025941	-1.381161023220994
16.755160819145601	-1.323437080032570
16.859880574265262	-1.261031898754912
16.964600329384922	-1.197100304380810
17.069320084504582	-1.134418397120634
17.174039839624243	-1.075270464818799
17.278759594743903	-1.021404013964683
17.383479349863563	-0.974037424032509
17.488199104983224	-0.933902082497146
17.592918860102884	-0.901302730065580
17.697638615222544	-0.876183860161900
17.802358370342205	-0.858194561702255
17.907078125461865	-0.846748102560396
18.011797880581526	-0.841075397144883
18.116517635701186	-0.840273262806630
18.221237390820846	-0.843349209801065
18.325957145940507	-0.849264637820531
18.430676901060167	-0.856977920870578
18.535396656179827	-0.865488114801969
18.640116411299488	-0.873879067034030
18.744836166419148	-0.881362699668342
18.849555921538808	-0.887319343026117
