0.000000000000000	0.100000000000000
0.099208189060730	0.099702375432818
0.198416378121461	0.099588961567790
0.297624567182191	0.099625154425811
0.396832756242921	0.099757485391412
0.496040945303652	0.099914461819784
0.595249134364382	0.100007646087673
0.694457323425112	0.099933040924210
0.793665512485842	0.099572860923543
0.892873701546573	0.098797773610961
0.992081890607303	0.097469687036112
1.091290079668034	0.095445143731951
1.190498268728764	0.092579352702725
1.289706457789494	0.088730852331509
1.388914646850225	0.083766749083494
1.488122835910955	0.077568422007004
1.587331024971685	0.070037524723596
1.686539214032416	0.061102059201850
1.785747403093146	0.050722244140478
1.884955592153877	0.038895860519954
1.984163781214607	0.025662732853741
2.083371970275337	0.011108001146257
2.182580159336067	-0.004636141436253
2.281788348396797	-0.021390525230984
2.380996537457527	-0.038931105586103
2.480204726518258	-0.056993207694315
2.579412915578988	-0.075277922503047
2.678621104639718	-0.093460537261966
2.777829293700448	-0.111200753232183
2.877037482761178	-0.128154313092018
2.976245671821908	-0.143985540740613
3.075453860882639	-0.158380196643232
3.174662049943369	-0.171057983194388
3.273870239004099	-0.181784006925129
3.373078428064829	-0.190378525935139
3.472286617125559	-0.196724386175221
3.571494806186289	-0.200771678245954
3.670702995247019	-0.202539319831489
3.769911184307750	-0.202113473826435
3.869119373368480	-0.199642929422038
3.968327562429210	-0.195331780881448
4.067535751489940	-0.189429914924907
4.166743940550671	-0.182221944888059
4.265952129611401	-0.174015296968555
4.365160318672132	-0.165128157742321
4.464368507732862	-0.155877937364913
4.563576696793593	-0.146570800527660
4.662784885854323	-0.137492682425615
4.761993074915054	-0.128902056262695
4.861201263975785	-0.121024567792982
4.960409453036515	-0.114049514055751
5.059617642097246	-0.108128027200292
5.158825831157976	-0.103372735709960
5.258034020218707	-0.099858616545871
5.357242209279438	-0.097624722041652
5.456450398340168	-0.096676462050834
5.555658587400899	-0.096988140854321
5.654866776461629	-0.098505485030733
5.754074965522360	-0.101147948131270
5.853283154583091	-0.104810636113506
5.952491343643821	-0.109365760118206
6.051699532704552	-0.114663586981431
6.150907721765282	-0.120532920133122
6.250115910826013	-0.126781202022961
6.349324099886744	-0.133194382050279
6.448532288947474	-0.139536739403734
6.547740478008205	-0.145550886418578
6.646948667068935	-0.150958203007796
6.746156856129666	-0.155459964148308
6.845365045190396	-0.158739417901747
6.944573234251127	-0.160465048768519
7.043781423311858	-0.160295218664982
7.142989612372588	-0.157884315013095
7.242197801433319	-0.152890453676136
7.341405990494049	-0.144984687403331
7.440614179554780	-0.133861564212884
7.539822368615511	-0.119250773141331
7.639030557676241	-0.100929516772388
7.738238746736972	-0.078735170544102
7.837446935797702	-0.052577735541060
7.936655124858433	-0.022451567715025
8.035863313919164	0.011554130011856
8.135071502979894	0.049246543894914
8.234279692040625	0.090322676929189
8.333487881101355	0.134365412797815
8.432696070162086	0.180842665496312
8.531904259222816	0.229110095373826
8.631112448283547	0.278417922231609
8.730320637344278	0.327922409118160
8.829528826405008	0.376702584729623
8.928737015465739	0.423782664754275
9.027945204526469	0.468160369761774
9.127153393587200	0.508840882215663
9.226361582647931	0.544875536290805
9.325569771708661	0.575403542532678
9.424777960769392	0.599694226818002
9.523986149830122	0.617186573417062
9.623194338890853	0.627522491481700
9.722402527951584	0.630570333678661
9.821610717012314	0.626435865534961
9.920818906073045	0.615459072928482
10.020027095133775	0.598196729946571
10.119235284194506	0.575392258163817
10.218443473255236	0.547935789564298
10.317651662315967	0.516818249594848
10.416859851376698	0.483083572926469
10.516068040437428	0.447782864867769
10.615276229498159	0.411933562078262
10.714484418558889	0.376485633667643
10.813692607619620	0.342295811431535
10.912900796680351	0.310109915472183
11.012108985741081	0.280552648339658
11.111317174801812	0.254123795908007
11.210525363862542	0.231199571470110
11.309733552923273	0.212037816137763
11.408941741984004	0.196785860966047
11.508149931044734	0.185490009304173
11.607358120105465	0.178105771903046
11.706566309166195	0.174508158786618
11.805774498226926	0.174501490764475
11.904982687287657	0.177828338564538
12.004190876348387	0.184177332097288
12.103399065409118	0.193189710319901
12.202607254469848	0.204464606044921
12.301815443530579	0.217563179713102
12.401023632591309	0.232011828644010
12.500231821652040	0.247304798047838
12.599440010712771	0.262906599605323
12.698648199773501	0.278254693952534
12.797856388834232	0.292762905905027
12.897064577894962	0.305826007596165
12.996272766955693	0.316825819240559
13.095480956016424	0.325139038716257
13.194689145077154	0.330146824809979
13.293897334137885	0.331245938271904
13.393105523198615	0.327861012379630
13.492313712259346	0.319457311412069
13.591521901320077	0.305553177420953
13.690730090380807	0.285731298944943
13.789938279441538	0.259647988579293
13.889146468502268	0.227039843720913
13.988354657562999	0.187727480179026
14.087562846623729	0.141616443065176
14.186771035684460	0.088695864919419
14.285979224745191	0.029035895766047
14.385187413805921	-0.037214691684352
14.484395602866652	-0.109829076396665
14.583603791927382	-0.188499441330332
14.682811980988113	-0.272828968985785
14.782020170048844	-0.362317664558753
14.881228359109574	-0.456341588177266
14.980436548170305	-0.554126077146883
15.079644737231035	-0.654714856592469
15.178852926291766	-0.756938556797973
15.278061115352497	-0.859387990034712
15.377269304413227	-0.960399371850698
15.476477493473958	-1.058060098673648
15.575685682534688	-1.150244101843339
15.674893871595419	-1.234684424857918
15.774102060656150	-1.309086804642473
15.873310249716880	-1.371281383413886
15.972518438777611	-1.419400806556169
16.071726627838341	-1.452063637364485
16.170934816899070	-1.468535079510231
16.270143005959799	-1.468835553651428
16.369351195020528	-1.453773733227789
16.468559384081257	-1.424893768854665
16.567767573141985	-1.384343319357130
16.666975762202714	-1.334684543218214
16.766183951263443	-1.278679613062791
16.865392140324172	-1.219083250078435
16.964600329384901	-1.158468114003033
17.063808518445629	-1.099097906044933
17.163016707506358	-1.042851662167554
17.262224896567087	-0.991193886023729
17.361433085627816	-0.945180167935941
17.460641274688545	-0.905486537225569
17.559849463749273	-0.872451940861423
17.659057652810002	-0.846125697670634
17.758265841870731	-0.826314549329870
17.857474030931460	-0.812626401800232
17.956682219992189	-0.804509748315849
18.055890409052918	-0.801289040121491
18.155098598113646	-0.802196993957639
18.254306787174375	-0.806405104980281
18.353514976235104	-0.813053576505457
18.452723165295833	-0.821281572566267
18.551931354356562	-0.830258220132305
18.651139543417290	-0.839214204863034
18.750347732478019	-0.847473192773570
18.849555921538748	-0.854481755384771
