0.000000000000000	0.100000000000000
0.104719755119660	0.099793893399633
0.209439510239320	0.099783841897412
0.314159265358979	0.099923659535795
0.418879020478639	0.100143759064387
0.523598775598299	0.100352249975634
0.628318530717959	0.100436483571920
0.733038285837618	0.100265169169445
0.837758040957278	0.099691191364636
0.942477796076938	0.098555247127895
1.047197551196598	0.096690391489914
1.151917306316258	0.093927531138807
1.256637061435917	0.090101837422593
1.361356816555577	0.085059967156100
1.466076571675237	0.078667886575198
1.570796326794896	0.070818998173627
1.675516081914556	0.061442181053594
1.780235837034216	0.050509282726647
1.884955592153875	0.038041553716879
1.989675347273535	0.024114504177818
2.094395102393195	0.008860689935717
2.199114857512855	-0.007529993411352
2.303834612632515	-0.024812816425235
2.408554367752175	-0.042693679102036
2.513274122871834	-0.060837508463683
2.617993877991494	-0.078879368431637
2.722713633111154	-0.096437855730593
2.827433388230814	-0.113130161801461
2.932153143350474	-0.128588014670802
3.036872898470134	-0.142473594329164
3.141592653589794	-0.154494457194820
3.246312408709454	-0.164416522862662
3.351032163829114	-0.172074276238770
3.455751918948774	-0.177377517886979
3.560471674068434	-0.180314241915479
3.665191429188094	-0.180949510823264
3.769911184307754	-0.179420499779581
3.874630939427413	-0.175928165321566
3.979350694547073	-0.170726224512866
4.084070449666733	-0.164108286936407
4.188790204786392	-0.156394051296295
4.293509959906052	-0.147915460846033
4.398229715025711	-0.139003618214419
4.502949470145371	-0.129977109190928
4.607669225265030	-0.121132199335119
4.712388980384690	-0.112735169718630
4.817108735504349	-0.105016868685329
4.921828490624009	-0.098169390540984
5.026548245743668	-0.092344659507275
5.131268000863328	-0.087654602902811
5.235987755982987	-0.084172541823224
5.340707511102647	-0.081935407821297
5.445427266222306	-0.080946405363291
5.550147021341965	-0.081177776193469
5.654866776461625	-0.082573376944197
5.759586531581284	-0.085050849495267
5.864306286700944	-0.088503239548305
5.969026041820603	-0.092799998367836
6.073745796940263	-0.097787382242488
6.178465552059922	-0.103288341209059
6.283185307179582	-0.109102060601582
6.387905062299241	-0.115003383687598
6.492624817418901	-0.120742398340292
6.597344572538560	-0.126044512072369
6.702064327658220	-0.130611363853579
6.806784082777879	-0.134122923484304
6.911503837897539	-0.136241105441170
7.016223593017198	-0.136615170392755
7.120943348136858	-0.134889102192859
7.225663103256517	-0.130711032216949
7.330382858376177	-0.123744641338730
7.435102613495836	-0.113682311692588
7.539822368615495	-0.100259638251144
7.644542123735155	-0.083270758776802
7.749261878854814	-0.062583833986405
7.853981633974474	-0.038155918439618
7.958701389094133	-0.010046411306996
8.063421144213793	0.021571737916807
8.168140899333453	0.056403879504312
8.272860654453114	0.094029349297882
8.377580409572774	0.133901731009054
8.482300164692434	0.175354386855722
8.587019919812095	0.217611872889052
8.691739674931755	0.259807720259761
8.796459430051415	0.301008824800935
8.901179185171076	0.340246302123773
9.005898940290736	0.376552111864288
9.110618695410396	0.409000051789153
9.215338450530057	0.436748945282121
9.320058205649717	0.459085126367613
9.424777960769378	0.475460834095117
9.529497715889038	0.485525028478085
9.634217471008698	0.489143543076156
9.738937226128359	0.486406402379583
9.843656981248019	0.477621440467878
9.948376736367679	0.463294841715736
10.053096491487340	0.444100615672193
10.157816246607000	0.420842070783569
10.262536001726660	0.394408906827447
10.367255756846321	0.365733565714007
10.471975511965981	0.335750040730538
10.576695267085642	0.305357597456416
10.681415022205302	0.275390982243899
10.786134777324962	0.246597842189401
10.890854532444623	0.219623361145663
10.995574287564283	0.195001581121304
11.100294042683943	0.173152532073168
11.205013797803604	0.154384110060883
11.309733552923264	0.138897585342741
11.414453308042924	0.126795649545653
11.519173063162585	0.118091993172382
11.623892818282245	0.112721519693557
11.728612573401906	0.110550437161778
11.833332328521566	0.111385615484745
11.938052083641226	0.114982753183480
12.042771838760887	0.121053058649752
12.147491593880547	0.129268314358705
12.252211349000207	0.139264354127878
12.356931104119868	0.150643138332337
12.461650859239528	0.162973754038478
12.566370614359188	0.175792789410210
12.671090369478849	0.188604626605908
12.775810124598509	0.200882256002059
12.880529879718170	0.212069227865735
12.985249634837830	0.221583317221392
13.089969389957490	0.228822377914734
13.194689145077151	0.233172702232313
13.299408900196811	0.234019990300981
13.404128655316471	0.230762786456256
13.508848410436132	0.222827986247213
13.613568165555792	0.209687794995433
13.718287920675452	0.190877367718377
13.823007675795113	0.166012316989856
13.927727430914773	0.134805361563310
14.032447186034434	0.097081601999988
14.137166941154094	0.052792217854187
14.241886696273754	0.002026721584406
14.346606451393415	-0.054975809392147
14.451326206513075	-0.117815967715290
14.556045961632735	-0.185923276657468
14.660765716752396	-0.258545464530583
14.765485471872056	-0.334738512570878
14.870205226991716	-0.413359306643105
14.974924982111377	-0.493063959925105
15.079644737231037	-0.572316032837751
15.184364492350698	-0.649409599903427
15.289084247470358	-0.722511962641871
15.393804002590018	-0.789729359131897
15.498523757709679	-0.849196030590876
15.603243512829339	-0.899182617784410
15.707963267948999	-0.938214774855687
15.812683023068660	-0.965188356688109
15.917402778188320	-0.979465081187463
16.022122533307979	-0.980933440197678
16.126842288427639	-0.970024200215445
16.231562043547299	-0.947677235330930
16.336281798666960	-0.915264757830478
16.441001553786620	-0.874482987001465
16.545721308906280	-0.827228175143242
16.650441064025941	-0.775473075872432
16.755160819145601	-0.721156976655790
16.859880574265262	-0.666097678081737
16.964600329384922	-0.611928783340758
17.069320084504582	-0.560061499418869
17.174039839624243	-0.511667406773890
17.278759594743903	-0.467677360593967
17.383479349863563	-0.428791545294079
17.488199104983224	-0.395496293505506
17.592918860102884	-0.368084210029340
17.697638615222544	-0.346675123710536
17.802358370342205	-0.331236259022308
17.907078125461865	-0.321600706505573
18.011797880581526	-0.317483775667900
18.116517635701186	-0.318497169115796
18.221237390820846	-0.324161167077378
18.325957145940507	-0.333915196732546
18.430676901060167	-0.347127307199374
18.535396656179827	-0.363103188446907
18.640116411299488	-0.381095454886758
18.744836166419148	-0.400313943744732
18.849555921538808	-0.419937729694294
