0.000000000000000	0.100000000000000
0.134639685153848	0.099772431673870
0.269279370307697	0.099843816088570
0.403919055461545	0.100089840095806
0.538558740615393	0.100324345123691
0.673198425769241	0.100304500143347
0.807838110923090	0.099738525389981
0.942477796076938	0.098296703163524
1.077117481230786	0.095626292862757
1.211757166384634	0.091370666681911
1.346396851538483	0.085192504004692
1.481036536692331	0.076800260314801
1.615676221846179	0.065976428085383
1.750315907000028	0.052605431037615
1.884955592153876	0.036698456809969
2.019595277307724	0.018412253625493
2.154234962461572	-0.001941011745359
2.288874647615421	-0.023895263109512
2.423514332769269	-0.046844945859493
2.558154017923117	-0.070072722180341
2.692793703076966	-0.092789333844093
2.827433388230814	-0.114183027378662
2.962073073384662	-0.133474550594574
3.096712758538510	-0.149972681377509
3.231352443692359	-0.163124750890948
3.365992128846207	-0.172556838637376
3.500631814000055	-0.178099308989041
3.635271499153903	-0.179795041915817
3.769911184307752	-0.177889838359682
3.904550869461600	-0.172806686982973
4.039190554615448	-0.165107465902960
4.173830239769297	-0.155446895759664
4.308469924923145	-0.144523989642975
4.443109610076993	-0.133035876462002
4.577749295230841	-0.121637879273248
4.712388980384690	-0.110912370366332
4.847028665538538	-0.101347475451125
4.981668350692386	-0.093325388848234
5.116308035846235	-0.087119041479154
5.250947721000083	-0.082895203272164
5.385587406153931	-0.080721802923590
5.520227091307779	-0.080577265968840
5.654866776461628	-0.082359937547137
5.789506461615476	-0.085896093361974
5.924146146769324	-0.090945581391837
6.058785831923172	-0.097204720682569
6.193425517077021	-0.104306668572138
6.328065202230869	-0.111820020962144
6.462704887384717	-0.119246903036013
6.597344572538566	-0.126022208545328
6.731984257692414	-0.131515914439037
6.866623942846262	-0.135040484552804
7.001263628000110	-0.135865227532577
7.135903313153959	-0.133239045505252
7.270542998307807	-0.126422285186988
7.405182683461655	-0.114727414960070
7.539822368615503	-0.097567093789863
7.674462053769352	-0.074507019423018
7.809101738923200	-0.045319917192815
7.943741424077048	-0.010036303643710
8.078381109230897	0.031012701360489
8.213020794384745	0.077165271692522
8.347660479538593	0.127416054921627
8.482300164692441	0.180424911278477
8.616939849846290	0.234551042926138
8.751579535000138	0.287915492863379
8.886219220153986	0.338493267092932
9.020858905307835	0.384233251548578
9.155498590461683	0.423199502869782
9.290138275615531	0.453721933441120
9.424777960769379	0.474539285608156
9.559417645923228	0.484914565570270
9.694057331077076	0.484704546217176
9.828697016230924	0.474371141196005
9.963336701384772	0.454932226521642
10.097976386538621	0.427860157831308
10.232616071692469	0.394944693524149
10.367255756846317	0.358141087184830
10.501895442000166	0.319423281923734
10.636535127154014	0.280657582387631
10.771174812307862	0.243505894020215
10.905814497461710	0.209361503224398
11.040454182615559	0.179315629838042
11.175093867769407	0.154150008124466
11.309733552923255	0.134349355131788
11.444373238077103	0.120127323481928
11.579012923230952	0.111459969517470
11.713652608384800	0.108121581209767
11.848292293538648	0.109718722683887
11.982931978692497	0.115719475273256
12.117571663846345	0.125476041548502
12.252211349000193	0.138240087820634
12.386851034154041	0.153171381638040
12.521490719307890	0.169341369756859
12.656130404461738	0.185734261186208
12.790770089615586	0.201248837329940
12.925409774769435	0.214704503321282
13.060049459923283	0.224854917820952
13.194689145077131	0.230411817543420
13.329328830230979	0.230080385803182
13.463968515384828	0.222605824525472
13.598608200538676	0.206828957537668
13.733247885692524	0.181747141301034
13.867887570846372	0.146575957805138
14.002527256000221	0.100807469141884
14.137166941154069	0.044262278530788
14.271806626307917	-0.022865113991816
14.406446311461766	-0.099965976836139
14.541085996615614	-0.185979313959266
14.675725681769462	-0.279354651112575
14.810365366923310	-0.378018390174401
14.945005052077159	-0.479353613387967
15.079644737231007	-0.580211885419129
15.214284422384855	-0.676982792902217
15.348924107538704	-0.765748110783478
15.483563792692552	-0.842537607022722
15.618203477846400	-0.903679882335086
15.752843163000248	-0.946207525631478
15.887482848154097	-0.968242626363265
16.022122533307943	-0.969273068724859
16.156762218461793	-0.950245267445314
16.291401903615643	-0.913444482005057
16.426041588769493	-0.862192146765803
16.560681273923343	-0.800435593710500
16.695320959077193	-0.732321355124579
16.829960644231043	-0.661827964731126
16.964600329384893	-0.592500961176890
17.099240014538744	-0.527298425962080
17.233879699692594	-0.468531198756535
17.368519384846444	-0.417871007033825
17.503159070000294	-0.376399358517605
17.637798755154144	-0.344675386252601
17.772438440307994	-0.322807812135951
17.907078125461844	-0.310522402312864
18.041717810615694	-0.307220860297811
18.176357495769544	-0.312030125229137
18.310997180923394	-0.323842982815503
18.445636866077244	-0.341352228667247
18.580276551231094	-0.363081631362467
18.714916236384944	-0.387417664013455
18.849555921538794	-0.412646236120949
