0.000000000000000	0.100000000000000
0.094247779607694	0.099805102744025
0.188495559215388	0.099772626938962
0.282743338823081	0.099872091891419
0.376991118430775	0.100057516197865
0.471238898038469	0.100267999128292
0.565486677646163	0.100428519326164
0.659734457253857	0.100451007502412
0.753982236861550	0.100235755229072
0.848230016469244	0.099673221243483
0.942477796076938	0.098646289026279
1.036725575684632	0.097033014298088
1.130973355292326	0.094709878409020
1.225221134900019	0.091555533847222
1.319468914507713	0.087454992396460
1.413716694115407	0.082304166655959
1.507964473723100	0.076014634199728
1.602212253330794	0.068518453657640
1.696460032938488	0.059772826861082
1.790707812546181	0.049764374400022
1.884955592153875	0.038512776721308
1.979203371761569	0.026073531915450
2.073451151369263	0.012539596385147
2.167698930976957	-0.001958293600605
2.261946710584650	-0.017252773301065
2.356194490192344	-0.033142564722387
2.450442269800038	-0.049396771394902
2.544690049407731	-0.065760684684069
2.638937829015425	-0.081962945632940
2.733185608623119	-0.097723819276500
2.827433388230812	-0.112764257985205
2.921681167838506	-0.126815362861213
3.015928947446200	-0.139627803774488
3.110176727053894	-0.150980735062417
3.204424506661587	-0.160689749791937
3.298672286269281	-0.168613453315035
3.392920065876975	-0.174658306334400
3.487167845484668	-0.178781485215090
3.581415625092362	-0.180991625862590
3.675663404700056	-0.181347447368699
3.769911184307750	-0.179954381329631
3.864158963915443	-0.176959450560418
3.958406743523137	-0.172544736505024
4.052654523130831	-0.166919840320410
4.146902302738525	-0.160313774341446
4.241150082346219	-0.152966718229825
4.335397861953913	-0.145122040920950
4.429645641561607	-0.137018931561644
4.523893421169301	-0.128885907648118
4.618141200776996	-0.120935384686379
4.712388980384690	-0.113359406577681
4.806636759992384	-0.106326556058439
4.900884539600078	-0.099979994785034
4.995132319207772	-0.094436526230268
5.089380098815466	-0.089786533026052
5.183627878423160	-0.086094613959486
5.277875658030855	-0.083400733667675
5.372123437638549	-0.081721698611394
5.466371217246243	-0.081052784140526
5.560618996853937	-0.081369357220439
5.654866776461631	-0.082628365518216
5.749114556069325	-0.084769594067799
5.843362335677019	-0.087716623913511
5.937610115284714	-0.091377461527593
6.031857894892408	-0.095644842235261
6.126105674500102	-0.100396244400612
6.220353454107796	-0.105493682897216
6.314601233715490	-0.110783379602219
6.408849013323184	-0.116095434427057
6.503096792930879	-0.121243641680863
6.597344572538573	-0.126025612089302
6.691592352146267	-0.130223369091262
6.785840131753961	-0.133604587513256
6.880087911361655	-0.135924631821565
6.974335690969349	-0.136929528601923
7.068583470577043	-0.136359973025526
7.162831250184738	-0.133956422035886
7.257079029792432	-0.129465269207638
7.351326809400126	-0.122646030370124
7.445574589007820	-0.113279399091711
7.539822368615514	-0.101175961857121
7.634070148223208	-0.086185299463063
7.728317927830902	-0.068205148591623
7.822565707438597	-0.047190259183239
7.916813487046291	-0.023160560593675
8.011061266653984	0.003791758300785
8.105309046261677	0.033496645880372
8.199556825869371	0.065702440605363
8.293804605477064	0.100074343497092
8.388052385084757	0.136195455905774
8.482300164692450	0.173570705105645
8.576547944300144	0.211633944124033
8.670795723907837	0.249758450033420
8.765043503515530	0.287270940654150
8.859291283123223	0.323469068053485
8.953539062730917	0.357642119598110
9.047786842338610	0.389094367250986
9.142034621946303	0.417170174197643
9.236282401553996	0.441279634553439
9.330530181161690	0.460923242201669
9.424777960769383	0.475713920536110
9.519025740377076	0.485394750466973
9.613273519984769	0.489850941256156
9.707521299592463	0.489114994428636
9.801769079200156	0.483364572556904
9.896016858807849	0.472913225866700
9.990264638415542	0.458194755868185
10.084512418023236	0.439742514731041
10.178760197630929	0.418165282758427
10.273007977238622	0.394121500956567
10.367255756846316	0.368293567451626
10.461503536454009	0.341363674058640
10.555751316061702	0.313992320742575
10.649999095669395	0.286800263523619
10.744246875277089	0.260354279928113
10.838494654884782	0.235156814010144
10.932742434492475	0.211639311003330
11.026990214100168	0.190158874756051
11.121237993707862	0.170997772948526
11.215485773315555	0.154365263242075
11.309733552923248	0.140401203774301
11.403981332530941	0.129180930841558
11.498229112138635	0.120720925027275
11.592476891746328	0.114984837368463
11.686724671354021	0.111889504994814
11.780972450961714	0.111310648498731
11.875220230569408	0.113088009645212
11.969468010177101	0.117029756872510
12.063715789784794	0.122916056327107
12.157963569392487	0.130501776654506
12.252211349000181	0.139518364865035
12.346459128607874	0.149674996438002
12.440706908215567	0.160659163244241
12.534954687823260	0.172136915376344
12.629202467430954	0.183753014785820
12.723450247038647	0.195131286665613
12.817698026646340	0.205875465564671
12.911945806254034	0.215570824195532
13.006193585861727	0.223786841333620
13.100441365469420	0.230081109938668
13.194689145077113	0.234004608575061
13.288936924684807	0.235108362151287
13.383184704292500	0.232951409116450
13.477432483900193	0.227109882151788
13.571680263507886	0.217186911422907
13.665928043115580	0.202822988146505
13.760175822723273	0.183706394945171
13.854423602330966	0.159583327579698
13.948671381938659	0.130267402690841
14.042919161546353	0.095648361685023
14.137166941154046	0.055699925496245
14.231414720761739	0.010486903131951
14.325662500369432	-0.039828223561150
14.419910279977126	-0.094978960651296
14.514158059584819	-0.154588471045592
14.608405839192512	-0.218163177437655
14.702653618800205	-0.285086522877428
14.796901398407899	-0.354613537472466
14.891149178015592	-0.425867378068755
14.985396957623285	-0.497839552909859
15.079644737230979	-0.569396011550790
15.173892516838672	-0.639291533114571
15.268140296446365	-0.706194724003455
15.362388076054058	-0.768725290985593
15.456635855661752	-0.825504000067831
15.550883635269445	-0.875213901491161
15.645131414877138	-0.916669207494601
15.739379194484831	-0.948886050796075
15.833626974092525	-0.971147757532139
15.927874753700218	-0.983056764528911
16.022122533307911	-0.984566237217956
16.116370312915606	-0.975986794532034
16.210618092523301	-0.957967109079262
16.304865872130996	-0.931450800515007
16.399113651738691	-0.897615161252637
16.493361431346386	-0.857799198965694
16.587609210954081	-0.813428959529373
16.681856990561776	-0.765947219038445
16.776104770169471	-0.716752820221846
16.870352549777166	-0.667152719257041
16.964600329384862	-0.618327698266236
17.058848108992557	-0.571311022336902
17.153095888600252	-0.526978223297954
17.247343668207947	-0.486045661966178
17.341591447815642	-0.449075443548613
17.435839227423337	-0.416484486868883
17.530087007031032	-0.388555933671182
17.624334786638727	-0.365451517559999
17.718582566246422	-0.347223920097568
17.812830345854117	-0.333828486342088
17.907078125461812	-0.325133942294103
18.001325905069507	-0.320931957758892
18.095573684677202	-0.320945543856542
18.189821464284897	-0.324836380752773
18.284069243892592	-0.332211252054823
18.378317023500287	-0.342627827296907
18.472564803107982	-0.355600087353296
18.566812582715677	-0.370603728624756
18.661060362323372	-0.387081905281415
18.755308141931067	-0.404451666645380
18.849555921538762	-0.422111409906728
