0.000000000000000	0.100000000000000
0.942477796076938	0.093281188942335
1.884955592153876	-0.000549356202590
2.827433388230814	-0.162192576356296
3.769911184307752	-0.152348136214629
4.712388980384690	-0.062407941412540
5.654866776461628	-0.076454798355237
6.597344572538566	-0.124298444650747
7.539822368615503	-0.007192307474586
8.482300164692441	0.367289260172187
9.424777960769379	0.477057221726318
10.367255756846317	0.106811251123140
11.309733552923255	-0.048908267599683
12.252211349000193	0.036230646786735
13.194689145077131	0.070614919306800
14.137166941154069	-0.222946885766738
15.079644737231007	-0.665788665894512
16.022122533307943	-0.424762330030812
16.964600329384879	0.049465622444319
17.907078125461815	0.105096878574908
18.849555921538752	-0.012509312823126
