0.000000000000000	0.000000000000000
0.209439510239320	0.020878153661258
0.418879020478639	0.041773979288708
0.628318530717959	0.062726833492043
0.837758040957278	0.083595701001974
1.047197551196598	0.104001510809934
1.256637061435917	0.123292840362192
1.466076571675237	0.140546881261346
1.675516081914556	0.154616911616024
1.884955592153876	0.164232496939999
2.094395102393196	0.168148913934931
2.303834612632515	0.165329385488710
2.513274122871834	0.155130976608208
2.722713633111154	0.137456750598886
2.932153143350473	0.112836919831608
3.141592653589793	0.082412271634953
3.351032163829112	0.047813114821939
3.560471674068431	0.010951796710057
3.769911184307751	-0.026231045172554
3.979350694547070	-0.062014859706382
4.188790204786390	-0.095094246941856
4.398229715025709	-0.124689973995439
4.607669225265029	-0.150568744337370
4.817108735504349	-0.172985614634708
5.026548245743669	-0.192575458137203
5.235987755982989	-0.210222223495812
5.445427266222309	-0.226929148028441
5.654866776461628	-0.243703473967590
5.864306286700948	-0.261459354567893
6.073745796940268	-0.280935170982189
6.283185307179588	-0.302617767289808
6.492624817418908	-0.326666493049042
6.702064327658228	-0.352834102272198
6.911503837897548	-0.380388686946921
7.120943348136867	-0.408049536494999
7.330382858376187	-0.433957954103395
7.539822368615507	-0.455708754895189
7.749261878854827	-0.470466514400565
7.958701389094147	-0.475180981644147
8.168140899333466	-0.466899194364291
8.377580409572785	-0.443150802894698
8.587019919812104	-0.402361520945137
8.796459430051423	-0.344229892076496
9.005898940290741	-0.269987100641274
9.215338450530060	-0.182455128947083
9.424777960769379	-0.085838427686774
9.634217471008698	0.014759880810740
9.843656981248017	0.114021910595022
10.053096491487336	0.207147124751776
10.262536001726655	0.290458084012478
10.471975511965974	0.361753945541314
10.681415022205293	0.420376916576914
10.890854532444612	0.467039993863485
11.100294042683931	0.503506911909361
11.309733552923250	0.532216578605634
11.519173063162569	0.555921697608902
11.728612573401888	0.577381895215082
11.938052083641207	0.599125168687850
12.147491593880526	0.623271689428614
12.356931104119845	0.651402234887657
12.566370614359164	0.684450170007602
12.775810124598483	0.722600554159525
12.985249634837801	0.765191153571413
13.194689145077120	0.810625088137058
13.404128655316439	0.856319220582058
13.613568165555758	0.898720812498744
13.823007675795077	0.933422771041986
14.032447186034396	0.955394285649591
14.241886696273715	0.959324606286763
14.451326206513034	0.940063745958043
14.660765716752353	0.893142702526924
14.870205226991672	0.815362312033585
15.079644737230991	0.705432574388698
15.289084247470310	0.564595634082853
15.498523757709629	0.397068841954930
15.707963267948948	0.210048741388186
15.917402778188267	0.013034587547395
16.126842288427586	-0.183543767126622
16.336281798666906	-0.370046631882151
16.545721308906227	-0.539117394031513
16.755160819145548	-0.686490164208332
16.964600329384869	-0.811022428889369
17.174039839624189	-0.914177770083368
17.383479349863510	-0.999272800454174
17.592918860102831	-1.070720884183280
17.802358370342152	-1.133383863969903
18.011797880581472	-1.192057227506179
18.221237390820793	-1.251073509763659
18.430676901060114	-1.313996994936809
18.640116411299434	-1.383385495576861
18.849555921538755	-1.460605744537777
