0.000000000000000	0.000000000000000
0.110879740714934	0.011069532596142
0.221759481429868	0.022128064047403
0.332639222144802	0.033196671792954
0.443518962859736	0.044288392223059
0.554398703574669	0.055405063592668
0.665278444289603	0.066534374390395
0.776158185004537	0.077647200457481
0.887037925719471	0.088695335656014
0.997917666434405	0.099609741127103
1.108797407149339	0.110299453723862
1.219677147864273	0.120651301451758
1.330556888579206	0.130530569271008
1.441436629294140	0.139782739570639
1.552316370009074	0.148236396214472
1.663196110724008	0.155707328966966
1.774075851438941	0.162003807820646
1.884955592153875	0.166932917709597
1.995835332868809	0.170307758608507
2.106715073583743	0.171955230898577
2.217594814298677	0.171724048886288
2.328474555013611	0.169492564471170
2.439354295728545	0.165175945619078
2.550234036443479	0.158732246684381
2.661113777158413	0.150166933995712
2.771993517873347	0.139535492254199
2.882873258588281	0.126943834013116
2.993752999303215	0.112546361308485
3.104632740018149	0.096541677379854
3.215512480733083	0.079166106011580
3.326392221448017	0.060685332350928
3.437271962162951	0.041384616829028
3.548151702877885	0.021558138342732
3.659031443592819	0.001498082296537
3.769911184307753	-0.018515903510318
3.880790925022687	-0.038226307529356
3.991670665737621	-0.057405922253441
4.102550406452555	-0.075864223339565
4.213430147167489	-0.093451749911487
4.324309887882422	-0.110062427149247
4.435189628597356	-0.125633911880930
4.546069369312289	-0.140146157787698
4.656949110027223	-0.153618481272324
4.767828850742156	-0.166105458854852
4.878708591457090	-0.177692003081724
4.989588332172024	-0.188487950473213
5.100468072886957	-0.198622458144101
5.211347813601891	-0.208238452535603
5.322227554316824	-0.217487311373774
5.433107295031758	-0.226523895102596
5.543987035746691	-0.235501982198425
5.654866776461625	-0.244570108324312
5.765746517176559	-0.253867765374752
5.876626257891492	-0.263521885121503
5.987505998606426	-0.273643514478220
6.098385739321359	-0.284324585675406
6.209265480036293	-0.295634694604859
6.320145220751226	-0.307617823500893
6.431024961466160	-0.320288978774276
6.541904702181093	-0.333630759512317
6.652784442896027	-0.347589924609280
6.763664183610961	-0.362074083654614
6.874543924325894	-0.376948694681285
6.985423665040828	-0.392034605883079
7.096303405755761	-0.407106422940561
7.207183146470695	-0.421892012791831
7.318062887185628	-0.436073462951509
7.428942627900562	-0.449289798289907
7.539822368615495	-0.461141711919890
7.650702109330429	-0.471198493494348
7.761581850045363	-0.479007239683566
7.872461590760296	-0.484104313366198
7.983341331475230	-0.486028887264977
8.094221072190164	-0.484338271749132
8.205100812905098	-0.478624591415055
8.315980553620031	-0.468532244744629
8.426860294334965	-0.453775457486156
8.537740035049898	-0.434155124847779
8.648619775764832	-0.409574034093804
8.759499516479766	-0.380049477613098
8.870379257194699	-0.345722225446738
8.981258997909633	-0.306860852581820
9.092138738624566	-0.263860541375319
9.203018479339500	-0.217235730306758
9.313898220054433	-0.167606367760362
9.424777960769367	-0.115678036866115
9.535657701484300	-0.062216793657685
9.646537442199234	-0.008020124403518
9.757417182914168	0.046114118061507
9.868296923629101	0.099418683424684
9.979176664344035	0.151185680388111
10.090056405058968	0.200791258062996
10.200936145773902	0.247714815416615
10.311815886488835	0.291551931306498
10.422695627203769	0.332020819844585
10.533575367918703	0.368962660661484
10.644455108633636	0.402336569547465
10.755334849348570	0.432210235661772
10.866214590063503	0.458747362085760
10.977094330778437	0.482193033012133
11.087974071493370	0.502858028589006
11.198853812208304	0.521102952303858
11.309733552923237	0.537322854692367
11.420613293638171	0.551932851994019
11.531493034353105	0.565355062701638
11.642372775068038	0.578007026838302
11.753252515782972	0.590291636862331
11.864132256497905	0.602588498085559
11.975011997212839	0.615246552167752
12.085891737927772	0.628577740803013
12.196771478642706	0.642851458739235
12.307651219357640	0.658289545624118
12.418530960072573	0.675061593765430
12.529410700787507	0.693280401508881
12.640290441502440	0.712997476028836
12.751170182217374	0.734198579828995
12.862049922932307	0.756799415400628
12.972929663647241	0.780641643760448
13.083809404362174	0.805489524885346
13.194689145077108	0.831027540308348
13.305568885792042	0.856859399491917
13.416448626506975	0.882508833208853
13.527328367221909	0.907422534396178
13.638208107936842	0.930975521519235
13.749087848651776	0.952479080902640
13.859967589366709	0.971191310014761
13.970847330081643	0.986330156243222
14.081727070796576	0.997088749541427
14.192606811511510	1.002652782161167
14.303486552226444	1.002219703232506
14.414366292941377	0.995019562570476
14.525246033656311	0.980337429910377
14.636125774371244	0.957537387412064
14.747005515086178	0.926088085739528
14.857885255801111	0.885589704230207
14.968764996516045	0.835801810894074
15.079644737230979	0.776671055400982
15.190524477945912	0.708356878299376
15.301404218660846	0.631252588847045
15.412283959375779	0.545998446049271
15.523163700090713	0.453483039897715
15.634043440805646	0.354829596540373
15.744923181520580	0.251365022948098
15.855802922235513	0.144571559832047
15.966682662950447	0.036023531200622
16.077562403665382	-0.072685706026239
16.188442144380318	-0.180019593542435
16.299321885095253	-0.284569318642423
16.410201625810188	-0.385113040757410
16.521081366525124	-0.480658623289900
16.631961107240059	-0.570467796908601
16.742840847954994	-0.654062320423330
16.853720588669930	-0.731214729529486
16.964600329384865	-0.801927404347057
17.075480070099800	-0.866403965980542
17.186359810814736	-0.925016645107407
17.297239551529671	-0.978272534083559
17.408119292244606	-1.026780790542195
17.518999032959542	-1.071222079034850
17.629878773674477	-1.112320907838710
17.740758514389412	-1.150821064748335
17.851638255104348	-1.187464062542932
17.962517995819283	-1.222970338572743
18.073397736534218	-1.258022878393298
18.184277477249154	-1.293252921822154
18.295157217964089	-1.329227441404111
18.406036958679024	-1.366438146240431
18.516916699393960	-1.405291851786110
18.627796440108895	-1.446102163522468
18.738676180823830	-1.489082542773773
18.849555921538766	-1.534340945805695
