0.000000000000000	0.000000000000000
0.942477796076938	0.092915383013547
1.884955592153876	0.150070634003486
2.827433388230814	0.072153569816284
3.769911184307752	-0.112689378098583
4.712388980384690	-0.229272672061891
5.654866776461628	-0.293952614070599
6.597344572538566	-0.386318543714296
7.539822368615503	-0.454338410465965
8.482300164692441	-0.283365608824297
9.424777960769379	0.206911780821713
10.367255756846317	0.567008953681609
11.309733552923255	0.598579665255430
12.252211349000193	0.594613517484232
13.194689145077131	0.644775616592339
14.137166941154069	0.576921768212708
15.079644737231007	0.111455373416090
16.022122533307943	-0.564750498643712
16.964600329384879	-0.789151413398955
17.907078125461815	-0.715276931660415
18.849555921538752	-0.675880497463257
