0.000000000000000	0.000000000000000
0.188495559215388	0.018796260057773
0.376991118430775	0.037599540159557
0.565486677646163	0.056457902876684
0.753982236861550	0.075311046983373
0.942477796076938	0.093953198154612
1.130973355292326	0.112006530596602
1.319468914507713	0.128910555778138
1.507964473723101	0.143933306198049
1.696460032938488	0.156209056662143
1.884955592153876	0.164804380571235
2.073451151369264	0.168809639890876
2.261946710584651	0.167447278569549
2.450442269800039	0.160182802988581
2.638937829015426	0.146820627883184
2.827433388230813	0.127566435451900
3.015928947446201	0.103041174201833
3.204424506661588	0.074239251027582
3.392920065876976	0.042433669320014
3.581415625092363	0.009041568965247
3.769911184307750	-0.024528066325148
3.958406743523138	-0.057019409877880
4.146902302738526	-0.087445062408436
4.335397861953913	-0.115156913749212
4.523893421169300	-0.139868110226924
4.712388980384688	-0.161631138284633
4.900884539600075	-0.180783478441146
5.089380098815463	-0.197874748574472
5.277875658030850	-0.213588158054965
5.466371217246238	-0.228665650655546
5.654866776461625	-0.243841741447090
5.843362335677012	-0.259786953525694
6.031857894892400	-0.277058742460565
6.220353454107787	-0.296056272493244
6.408849013323175	-0.316975486223834
6.597344572538562	-0.339762490640458
6.785840131753949	-0.364066114186076
6.974335690969337	-0.389194146081278
7.162831250184724	-0.414081589386063
7.351326809400112	-0.437282319164618
7.539822368615499	-0.456996754002961
7.728317927830886	-0.471146577282002
7.916813487046274	-0.477502787854803
8.105309046261661	-0.473865859997900
8.293804605477050	-0.458287707577826
8.482300164692438	-0.429315780971253
8.670795723907826	-0.386230855673392
8.859291283123214	-0.329242517624340
9.047786842338603	-0.259601566076646
9.236282401553991	-0.179590310031410
9.424777960769379	-0.092365337058680
9.613273519984768	-0.001655609477454
9.801769079200156	0.088643433552584
9.990264638415544	0.174906156317037
10.178760197630933	0.254158399748826
10.367255756846321	0.324336804794818
10.555751316061709	0.384395456936286
10.744246875277097	0.434269260458697
10.932742434492486	0.474730502877677
11.121237993707874	0.507184589687631
11.309733552923262	0.533446742592050
11.498229112138651	0.555530316845507
11.686724671354039	0.575464698020041
11.875220230569427	0.595149416300772
12.063715789784816	0.616242396054048
12.252211349000204	0.640074618133186
12.440706908215592	0.667581100513489
12.629202467430980	0.699238956329221
12.817698026646369	0.735007012872109
13.006193585861757	0.774267315322567
13.194689145077145	0.815775558843471
13.383184704292534	0.857633365245799
13.571680263507922	0.897298363405366
13.760175822723310	0.931646673468021
13.948671381938698	0.957096483009784
14.137166941154087	0.969792979155858
14.325662500369475	0.965847794352017
14.514158059584863	0.941623868367493
14.702653618800252	0.894059409620185
14.891149178015640	0.821027180985061
15.079644737231028	0.721717787417583
15.268140296446417	0.597008691705196
15.456635855661805	0.449734927728690
15.645131414877193	0.284733910165346
15.833626974092581	0.108537689099393
16.022122533307968	-0.071329402313950
16.210618092523355	-0.247333434314190
16.399113651738741	-0.412938179910482
16.587609210954128	-0.563359304390797
16.776104770169514	-0.695906191779435
16.964600329384901	-0.809923649465097
17.153095888600287	-0.906462367999200
17.341591447815674	-0.987830169935094
17.530087007031060	-1.057136909324087
17.718582566246447	-1.117892089521952
17.907078125461833	-1.173673644811168
18.095573684677220	-1.227864309960336
18.284069243892606	-1.283443525479978
18.472564803107993	-1.342821903551165
18.661060362323379	-1.407708438604490
18.849555921538766	-1.479006522610008
