0.000000000000000	0.000000000000000
0.157079632679490	0.015670952251445
0.314159265358979	0.031337272405028
0.471238898038469	0.047041610295009
0.628318530717959	0.062782058912330
0.785398163397448	0.078495735186651
0.942477796076938	0.094045029024973
1.099557428756428	0.109207847369422
1.256637061435917	0.123673438547492
1.413716694115407	0.137045450531439
1.570796326794897	0.148853650714207
1.727875959474386	0.158575146075281
1.884955592153876	0.165664986279162
2.042035224833366	0.169594786417251
2.199114857512855	0.169896633894120
2.356194490192345	0.166208273588198
2.513274122871834	0.158314651389472
2.670353755551324	0.146180571208508
2.827433388230814	0.129969648434862
2.984513020910303	0.110045978782208
3.141592653589793	0.086956901023449
3.298672286269283	0.061397673934503
3.455751918948772	0.034161424234858
3.612831551628262	0.006079876917670
3.769911184307752	-0.022038303921477
3.926990816987241	-0.049464556644361
4.084070449666731	-0.075596834163992
4.241150082346221	-0.099991294168085
4.398229715025710	-0.122377560595517
4.555309347705200	-0.142658181649118
4.712388980384690	-0.160894757215696
4.869468613064179	-0.177284323660134
5.026548245743669	-0.192129921060201
5.183627878423159	-0.205808942497616
5.340707511102648	-0.218742084240494
5.497787143782138	-0.231364711480420
5.654866776461628	-0.244101435052959
5.811946409141117	-0.257343819328235
5.969026041820607	-0.271430513350564
6.126105674500097	-0.286628769421591
6.283185307179586	-0.303116300193263
6.440264939859076	-0.320962714060614
6.597344572538566	-0.340110325163847
6.754424205218055	-0.360354902791669
6.911503837897545	-0.381327821335126
7.068583470577035	-0.402481976121228
7.225663103256524	-0.423084585168841
7.382742735936014	-0.442220421251891
7.539822368615503	-0.458808941470210
7.696902001294993	-0.471638090034853
7.853981633974483	-0.479416236345966
8.011061266653972	-0.480841889969823
8.168140899333462	-0.474688713911599
8.325220532012953	-0.459901160437666
8.482300164692443	-0.435693939685973
8.639379797371934	-0.401646583906046
8.796459430051424	-0.357782695049881
8.953539062730915	-0.304622373411605
9.110618695410405	-0.243196482358066
9.267698328089896	-0.175013729061777
9.424777960769386	-0.101976761532509
9.581857593448877	-0.026251440133400
9.738937226128368	0.049897416079749
9.896016858807858	0.124282916024233
10.053096491487349	0.194961484855594
10.210176124166839	0.260365132326765
10.367255756846330	0.319386393895064
10.524335389525820	0.371411408395728
10.681415022205311	0.416305469252593
10.838494654884801	0.454361364649276
10.995574287564292	0.486223319376187
11.152653920243782	0.512798975298618
11.309733552923273	0.535169703668791
11.466813185602764	0.554506656033447
11.623892818282254	0.571997026162387
11.780972450961745	0.588782390034405
11.938052083641235	0.605908890871005
12.095131716320726	0.624287523899976
12.252211349000216	0.644661893411675
12.409290981679707	0.667580576665870
12.566370614359197	0.693371613009540
12.723450247038688	0.722117572297054
12.880529879718178	0.753631015956552
13.037609512397669	0.787431749411833
13.194689145077160	0.822728805079319
13.351768777756650	0.858411262464416
13.508848410436141	0.893052476179719
13.665928043115631	0.924931816491022
13.823007675795122	0.952076634161304
13.980087308474612	0.972325169162640
14.137166941154103	0.983409152572116
14.294246573833593	0.983053612771082
14.451326206513084	0.969091340235073
14.608405839192574	0.939590416726102
14.765485471872065	0.892994187136077
14.922565104551555	0.828272372006407
15.079644737231046	0.745077860461009
15.236724369910537	0.643895081813560
15.393804002590027	0.526153866440665
15.550883635269518	0.394271834132428
15.707963267949008	0.251586203448249
15.865042900628499	0.102150163989913
16.022122533307989	-0.049598762145049
16.179202165987480	-0.199250273472205
16.336281798666970	-0.342834562258359
16.493361431346461	-0.477156454279157
16.650441064025951	-0.599996382741759
16.807520696705442	-0.710165796288473
16.964600329384933	-0.807440833266344
17.121679962064423	-0.892416488240066
17.278759594743914	-0.966323845297814
17.435839227423404	-1.030842600683591
17.592918860102895	-1.087928072565614
17.749998492782385	-1.139661112994367
17.907078125461876	-1.188122341402915
18.064157758141366	-1.235288459277951
18.221237390820857	-1.282947009623722
18.378317023500347	-1.332625895027817
18.535396656179838	-1.385534728146414
18.692476288859329	-1.442516415212984
18.849555921538819	-1.504009115606175
