0.000000000000000	0.100000000000000
0.157079632679490	0.099765976884418
0.314159265358979	0.099907907816519
0.471238898038469	0.100197985903564
0.628318530717959	0.100297453137266
0.785398163397448	0.099770313196400
0.942477796076938	0.098104499139173
1.099557428756428	0.094742451011747
1.256637061435917	0.089122199157071
1.413716694115407	0.080728480975140
1.570796326794897	0.069151285415865
1.727875959474386	0.054146842740342
1.884955592153876	0.035693934475569
2.042035224833366	0.014037038333211
2.199114857512855	-0.010292265433917
2.356194490192345	-0.036482719590215
2.513274122871834	-0.063483678960110
2.670353755551324	-0.090077945636769
2.827433388230814	-0.114981771077166
2.984513020910303	-0.136961674312398
3.141592653589793	-0.154953808518551
3.298672286269283	-0.168169737526086
3.455751918948772	-0.176173432556127
3.612831551628262	-0.178918291110518
3.769911184307752	-0.176739426923896
3.926990816987241	-0.170303995967698
4.084070449666731	-0.160529104787636
4.241150082346221	-0.148481290497913
4.398229715025710	-0.135272816818500
4.555309347705200	-0.121968217749093
4.712388980384690	-0.109510543635816
4.869468613064179	-0.098671878172236
5.026548245743669	-0.090028065129537
5.183627878423159	-0.083954011056608
5.340707511102648	-0.080633776487268
5.497787143782138	-0.080078927588732
5.654866776461628	-0.082149053513417
5.811946409141117	-0.086569622552357
5.969026041820607	-0.092944113128245
6.126105674500097	-0.100759331793846
6.283185307179586	-0.109384811433074
6.440264939859076	-0.118069016471187
6.597344572538566	-0.125936632833154
6.754424205218055	-0.131992328173780
6.911503837897545	-0.135136823041166
7.068583470577035	-0.134200674136100
7.225663103256524	-0.127999632303740
7.382742735936014	-0.115412748656784
7.539822368615503	-0.095480781043431
7.696902001294993	-0.067518435345385
7.853981633974483	-0.031230313837742
8.011061266653972	0.013182155984440
8.168140899333462	0.064936728110528
8.325220532012953	0.122623152479401
8.482300164692443	0.184205881689721
8.639379797371934	0.247088425410803
8.796459430051424	0.308248477078539
8.953539062730915	0.364447123148041
9.110618695410405	0.412504367202305
9.267698328089896	0.449616580990811
9.424777960769386	0.473672905544602
9.581857593448877	0.483514703468514
9.738937226128368	0.479083511129311
9.896016858807858	0.461422609144973
10.053096491487349	0.432530637030570
10.210176124166839	0.395100347105697
10.367255756846330	0.352198364544008
10.524335389525820	0.306945827042667
10.681415022205311	0.262247272253336
10.838494654884801	0.220594380483201
10.995574287564292	0.183950850525028
11.152653920243782	0.153710020660081
11.309733552923273	0.130708995421033
11.466813185602764	0.115280607860826
11.623892818282254	0.107325471416339
11.780972450961745	0.106389038160139
11.938052083641235	0.111732072367224
12.095131716320726	0.122386853450650
12.252211349000216	0.137195519614416
12.409290981679707	0.154831040879112
12.566370614359197	0.173805097146671
12.723450247038688	0.192470294357466
12.880529879718178	0.209026269276340
13.037609512397669	0.221539845042905
13.194689145077160	0.227988067328428
13.351768777756650	0.226329464031976
13.508848410436141	0.214603541021565
13.665928043115631	0.191052437573627
13.823007675795122	0.154253648076247
13.980087308474612	0.103250824612610
14.137166941154103	0.037672192931228
14.294246573833593	-0.042167512266998
14.451326206513084	-0.135178368314037
14.608405839192574	-0.239413092561628
14.765485471872065	-0.351989854832261
14.922565104551555	-0.469035352763776
15.079644737231046	-0.585689747771098
15.236724369910537	-0.696241302060714
15.393804002590027	-0.794466658152430
15.550883635269518	-0.874220807174416
15.707963267949008	-0.930237601927093
15.865042900628499	-0.958986924871495
16.022122533307989	-0.959347090605831
16.179202165987480	-0.932860579531625
16.336281798666970	-0.883470466948139
16.493361431346461	-0.816823686284931
16.650441064025951	-0.739368787768886
16.807520696705442	-0.657499909009977
16.964600329384933	-0.576918445473857
17.121679962064423	-0.502267463330889
17.278759594743914	-0.437003724683104
17.435839227423404	-0.383431816668896
17.592918860102895	-0.342824840101565
17.749998492782385	-0.315575632093086
17.907078125461876	-0.301344994540112
18.064157758141366	-0.299190970953476
18.221237390820857	-0.307674552120774
18.378317023500347	-0.324944027685518
18.535396656179838	-0.348804654291547
18.692476288859329	-0.376783567273889
18.849555921538819	-0.406201853878889
