0.000000000000000	0.100000000000000
0.209439510239320	0.099778747698408
0.418879020478639	0.100066877854489
0.628318530717959	0.100163668413584
0.837758040957278	0.099053339542926
1.047197551196598	0.095493399067202
1.256637061435917	0.088155862181190
1.466076571675237	0.075825849659344
1.675516081914556	0.057644100748018
1.884955592153876	0.033357309828009
2.094395102393196	0.003520495320344
2.303834612632515	-0.030412018531872
2.513274122871834	-0.066159016866262
2.722713633111154	-0.100868433487922
2.932153143350473	-0.131530775315794
3.141592653589793	-0.155474594175179
3.351032163829112	-0.170833331878813
3.560471674068431	-0.176867742803859
3.769911184307751	-0.174061737764684
3.979350694547070	-0.163974095858560
4.188790204786390	-0.148899433293295
4.398229715025709	-0.131439746698877
4.607669225265029	-0.114095765904184
4.817108735504349	-0.098958922970162
5.026548245743669	-0.087538414012587
5.235987755982989	-0.080713989650706
5.445427266222309	-0.078776647572308
5.654866776461628	-0.081509630743609
5.864306286700948	-0.088267727617779
6.073745796940268	-0.098027935248649
6.283185307179588	-0.109403579482950
6.492624817418908	-0.120633065332670
6.702064327658228	-0.129570892795380
6.911503837897548	-0.133719878599093
7.120943348136867	-0.130346307120173
7.330382858376187	-0.116710153341154
7.539822368615507	-0.090418505747677
7.749261878854827	-0.049874808946533
7.958701389094147	0.005241140227905
8.168140899333466	0.073555351595057
8.377580409572785	0.151747933591490
8.587019919812104	0.234568262335463
8.796459430051423	0.315204208146578
9.005898940290741	0.386057563908943
9.215338450530060	0.439891740739085
9.424777960769379	0.471165551646416
9.634217471008698	0.477201631570611
9.843656981248017	0.458786026697884
10.053096491487336	0.419956681764404
10.262536001726655	0.367057999791373
10.471975511965974	0.307417739308838
10.681415022205293	0.248074471867599
10.890854532444612	0.194853714854229
11.100294042683931	0.151889731137419
11.309733552923250	0.121536344448269
11.519173063162569	0.104540115113303
11.728612573401888	0.100341366720493
11.938052083641207	0.107391622786435
12.147491593880526	0.123411293485106
12.356931104119845	0.145551167847256
12.566370614359164	0.170461207812928
12.775810124598483	0.194305733918615
12.985249634837801	0.212789507037811
13.194689145077120	0.221267390805851
13.404128655316439	0.214994473766464
13.613568165555758	0.189532318173175
13.823007675795077	0.141271765460043
14.032447186034396	0.067990119915026
14.241886696273715	-0.030639959084962
14.451326206513034	-0.152625426896306
14.660765716752353	-0.293292587266881
14.870205226991672	-0.444985360452923
15.079644737230991	-0.596955490926878
15.289084247470310	-0.735810833151501
15.498523757709629	-0.847019916805189
15.707963267948948	-0.917688463472720
15.917402778188267	-0.939990247489762
16.126842288427586	-0.913736508141044
16.336281798666906	-0.846588788948393
16.545721308906227	-0.751711481246986
16.755160819145548	-0.644166056253589
16.964600329384869	-0.537735429973769
17.174039839624189	-0.443094038399343
17.383479349863510	-0.367279844267602
17.592918860102831	-0.313964504502503
17.802358370342152	-0.284035402923462
18.011797880581472	-0.276197648272388
18.221237390820793	-0.287474356237474
18.430676901060114	-0.313583018210399
18.640116411299434	-0.349219414026142
18.849555921538755	-0.388315075747852
