0.000000000000000	0.000000000000000
0.942477796076938	0.091710235962062
1.884955592153876	0.142015563541678
2.827433388230814	0.082491522911161
3.769911184307752	-0.049012563646304
4.712388980384690	-0.155337748822375
5.654866776461628	-0.237180591118846
6.597344572538566	-0.342111190648033
7.539822368615503	-0.419851774291275
8.482300164692441	-0.290579281020256
9.424777960769379	0.065007104563047
10.367255756846317	0.368283263836566
11.309733552923255	0.502427753766191
12.252211349000193	0.614334432271164
13.194689145077131	0.780173544058688
14.137166941154069	0.800589343330060
15.079644737231007	0.361862473943188
16.022122533307943	-0.357138354721324
16.964600329384879	-0.833104820223819
17.907078125461815	-1.064135061182111
18.849555921538752	-1.336331585804455
