0.000000000000000	0.100000000000000
0.471238898038469	0.099959773720577
0.942477796076938	0.095645913989784
1.413716694115407	0.073493379508013
1.884955592153876	0.023429339525463
2.356194490192345	-0.049265734329231
2.827433388230814	-0.120559710194881
3.298672286269283	-0.161579148757126
3.769911184307752	-0.160507860900160
4.241150082346221	-0.130657195794304
4.712388980384690	-0.097516335741821
5.183627878423159	-0.080736914893923
5.654866776461628	-0.086423424880107
6.126105674500097	-0.108536657672898
6.597344572538566	-0.131006294302608
7.068583470577035	-0.128307724452846
7.539822368615503	-0.071110923956502
8.011061266653972	0.056120889250261
8.482300164692440	0.232107584180227
8.953539062730908	0.392639584589298
9.424777960769376	0.462772193890847
9.896016858807844	0.415491758746718
10.367255756846312	0.295545230437445
10.838494654884780	0.177153115841093
11.309733552923248	0.110967590731600
11.780972450961716	0.108164929063409
12.252211349000184	0.151227420520161
12.723450247038652	0.205713065187190
13.194689145077120	0.224606490761962
13.665928043115589	0.155896420608000
14.137166941154057	-0.035404395785952
14.608405839192525	-0.338110301611630
15.079644737230993	-0.672884530703131
15.550883635269461	-0.897761415274602
16.022122533307929	-0.897509704538144
16.493361431346397	-0.707781342213784
16.964600329384865	-0.475751430605645
17.435839227423333	-0.319723378644473
17.907078125461801	-0.277990207466625
18.378317023500269	-0.329102099787084
18.849555921538737	-0.416815428297874
