0.000000000000000	0.100000000000000
0.942477796076938	0.093381161400522
1.884955592153876	0.008823512081315
2.827433388230814	-0.122537592656771
3.769911184307752	-0.135584840787278
4.712388980384690	-0.082393959878415
5.654866776461628	-0.092075654286245
6.597344572538566	-0.133035303278921
7.539822368615503	-0.029328853145339
8.482300164692441	0.283396984571522
9.424777960769379	0.406614012513433
10.367255756846317	0.199447341674399
11.309733552923255	0.080522795847998
12.252211349000193	0.159052814148817
13.194689145077131	0.194029420743348
14.137166941154069	-0.149820208016932
15.079644737231007	-0.715996576569763
16.022122533307943	-0.688873383229783
16.964600329384879	-0.281816996779102
17.907078125461815	-0.206935199260403
18.849555921538752	-0.372985678197920
