0.000000000000000	0.100000000000000
0.209439510239320	0.099777316863328
0.418879020478639	0.100065760318865
0.628318530717959	0.100162933489901
0.837758040957278	0.099052613767852
1.047197551196598	0.095495397911271
1.256637061435917	0.088171731401847
1.466076571675237	0.075880674107674
1.675516081914556	0.057779849546352
1.884955592153876	0.033630100250390
2.094395102393196	0.003990006212548
2.303834612632515	-0.029700682150183
2.513274122871834	-0.065197277629121
2.722713633111154	-0.099703165671364
2.932153143350473	-0.130272132963966
3.141592653589793	-0.154286657099561
3.351032163829112	-0.169906855968240
3.560471674068431	-0.176381413825538
3.769911184307751	-0.174143841861737
3.979350694547070	-0.164677166015855
4.188790204786390	-0.150195446972248
4.398229715025709	-0.133235446723625
4.607669225265029	-0.116260844412207
4.817108735504349	-0.101357056015744
5.026548245743669	-0.090052643002706
5.235987755982989	-0.083261855007225
5.445427266222309	-0.081314521964750
5.654866776461628	-0.084028400036872
5.864306286700948	-0.090782964031760
6.073745796940268	-0.100567449209227
6.283185307179588	-0.111994489598642
6.492624817418908	-0.123289938246348
6.702064327658228	-0.132286348856060
6.911503837897548	-0.136459165182520
7.120943348136867	-0.133047219147103
7.330382858376187	-0.119288827148218
7.539822368615507	-0.092779919218053
7.749261878854827	-0.051924830007080
7.958701389094147	0.003586621055985
8.168140899333466	0.072368533370971
8.377580409572785	0.151097167174558
8.587019919812104	0.234535938472256
8.796459430051423	0.315910088766053
9.005898940290741	0.387677202240935
9.215338450530060	0.442654220990491
9.424777960769379	0.475316570516673
9.634217471008698	0.482933214379651
9.843656981248017	0.466158021300208
10.053096491487336	0.428848865655896
10.262536001726655	0.377179621610052
10.471975511965974	0.318370869308532
10.681415022205293	0.259442605107859
10.890854532444612	0.206283016481422
11.100294042683931	0.163142550438826
11.309733552923250	0.132511819516603
11.519173063162569	0.115266483785047
11.728612573401888	0.110948215552945
11.938052083641207	0.118070219054405
12.147491593880526	0.134369579313816
12.356931104119845	0.156968261206866
12.566370614359164	0.182445193521363
12.775810124598483	0.206858578896486
12.985249634837801	0.225783740577411
13.194689145077120	0.234439377935620
13.404128655316439	0.227956852741580
13.613568165555758	0.201802653306565
13.823007675795077	0.152307394581047
14.032447186034396	0.077214762155356
14.241886696273715	-0.023829795682544
14.451326206513034	-0.148875944187526
14.660765716752353	-0.293317400907869
14.870205226991672	-0.449574426574245
15.079644737230991	-0.606939263839792
15.289084247470310	-0.751958735281390
15.498523757709629	-0.869872302287141
15.707963267948948	-0.947351160670411
15.917402778188267	-0.975959166194247
16.126842288427586	-0.954852582280136
16.336281798666906	-0.891202722879080
16.545721308906227	-0.798030027571530
16.755160819145548	-0.690630405119801
16.964600329384869	-0.583270402617161
17.174039839624189	-0.487168708358808
17.383479349863510	-0.409826074565041
17.592918860102831	-0.355234099243914
17.802358370342152	-0.324453043199445
18.011797880581472	-0.316231572462616
18.221237390820793	-0.327527007432583
18.430676901060114	-0.353902700223310
18.640116411299434	-0.389843542495324
18.849555921538755	-0.429066309009439
