0.000000000000000	0.100000000000000
0.094247779607694	0.099804950132412
0.188495559215388	0.099772423346235
0.282743338823081	0.099871917963561
0.376991118430775	0.100057421821799
0.471238898038469	0.100267999358975
0.565486677646163	0.100428597519955
0.659734457253857	0.100451126810923
0.753982236861550	0.100235879131466
0.848230016469244	0.099673343172883
0.942477796076938	0.098646470371382
1.036725575684632	0.097033429149789
1.130973355292326	0.094710862417029
1.225221134900019	0.091557633526437
1.319468914507713	0.087459010278624
1.413716694115407	0.082311196941084
1.507964473723100	0.076026083154763
1.602212253330794	0.068536039059583
1.696460032938488	0.059798551384354
1.790707812546181	0.049800469055129
1.884955592153875	0.038561612257299
1.979203371761569	0.026137498430606
2.073451151369263	0.012620954112003
2.167698930976957	-0.001857586451966
2.261946710584650	-0.017131246880551
2.356194490192344	-0.032999426724537
2.450442269800038	-0.049232085759723
2.544690049407731	-0.065575525322835
2.638937829015425	-0.081759510594546
2.733185608623119	-0.097505491919813
2.827433388230812	-0.112535604208098
2.921681167838506	-0.126582057234066
3.015928947446200	-0.139396482364271
3.110176727053894	-0.150758778476451
3.204424506661587	-0.160485006018480
3.298672286269281	-0.168433915665663
3.392920065876975	-0.174511766521357
3.487167845484668	-0.178675184692995
3.581415625092362	-0.180931929553351
3.675663404700056	-0.181339562550131
3.769911184307750	-0.180002140891020
3.864158963915443	-0.177065174409866
3.958406743523137	-0.172709178300476
4.052654523130831	-0.167142219676283
4.146902302738525	-0.160591888034993
4.241150082346219	-0.153297118383283
4.335397861953913	-0.145500264151704
4.429645641561607	-0.137439760909180
4.523893421169301	-0.129343648693381
4.618141200776996	-0.121424138461331
4.712388980384690	-0.113873324265212
4.806636759992384	-0.106860063681440
4.900884539600078	-0.100527979651035
4.995132319207772	-0.094994480453515
5.089380098815466	-0.090350652689575
5.183627878423160	-0.086661855195804
5.277875658030855	-0.083968829011692
5.372123437638549	-0.082289138380766
5.466371217246243	-0.081618768363990
5.560618996853937	-0.081933723851558
5.654866776461631	-0.083191500461732
5.749114556069325	-0.085332328045358
5.843362335677019	-0.088280120542528
5.937610115284714	-0.091943100307367
6.031857894892408	-0.096214099532145
6.126105674500102	-0.100970575074306
6.220353454107796	-0.106074404954714
6.314601233715490	-0.111371564210738
6.408849013323184	-0.116691803733243
6.503096792930879	-0.121848477109286
6.597344572538573	-0.126638676040905
6.691592352146267	-0.130843843126603
6.785840131753961	-0.134231030075844
6.880087911361655	-0.136554958233156
6.974335690969349	-0.137561015372000
7.068583470577043	-0.136989287433321
7.162831250184738	-0.134579676495565
7.257079029792432	-0.130078098210244
7.351326809400126	-0.123243685964359
7.445574589007820	-0.113856859117562
7.539822368615514	-0.101728043694035
7.634070148223208	-0.086706771088735
7.728317927830902	-0.068690828402142
7.822565707438597	-0.047635096352399
7.916813487046291	-0.023559688713363
8.011061266653984	0.003443000058914
8.105309046261677	0.033202727937868
8.199556825869371	0.065467696131305
8.293804605477064	0.099903058698992
8.388052385084757	0.136091993763194
8.482300164692450	0.173539655497027
8.576547944300144	0.211680289294113
8.670795723907837	0.249887729698680
8.765043503515530	0.287489396047472
8.859291283123223	0.323783739599152
8.953539062730917	0.358060869887472
9.047786842338610	0.389625801103023
9.142034621946303	0.417823432390979
9.236282401553996	0.442064048350317
9.330530181161690	0.461847852000759
9.424777960769383	0.476786882309144
9.519025740377076	0.486622674885581
9.613273519984769	0.491238228331791
9.707521299592463	0.490663236709301
9.801769079200156	0.485072099259086
9.896016858807849	0.474774847831300
9.990264638415542	0.460201748697962
10.084512418023236	0.441882849025279
10.178760197630929	0.420424081380914
10.273007977238622	0.396481678924706
10.367255756846316	0.370736594010450
10.461503536454009	0.343870390318191
10.555751316061702	0.316543749252371
10.649999095669395	0.289378356083515
10.744246875277089	0.262942563804484
10.838494654884782	0.237740911636266
10.932742434492475	0.214207321939005
11.026990214100168	0.192701619800333
11.121237993707862	0.173508908329923
11.215485773315555	0.156841277883530
11.309733552923248	0.142841315249511
11.403981332530941	0.131586896442084
11.498229112138635	0.123096783949848
11.592476891746328	0.117336598893750
11.686724671354021	0.114224796010457
11.780972450961714	0.113638332054848
11.875220230569408	0.115417784580058
11.969468010177101	0.119371747033357
12.063715789784794	0.125280396647210
12.157963569392487	0.132898202435288
12.252211349000181	0.141955810141289
12.346459128607874	0.152161207325596
12.440706908215567	0.163200332678229
12.534954687823260	0.174737346555969
12.629202467430954	0.186414821771920
12.723450247038647	0.197854141652780
12.817698026646340	0.208656403026614
12.911945806254034	0.218404111990648
13.006193585861727	0.226663927589572
13.100441365469420	0.232990651830615
13.194689145077113	0.236932584860388
13.288936924684807	0.238038265649354
13.383184704292500	0.235864508628786
13.477432483900193	0.229985536285611
13.571680263507886	0.220002910303691
13.665928043115580	0.205555894077168
13.760175822723273	0.186331850626893
13.854423602330966	0.162076301266591
13.948671381938659	0.132602343964702
14.042919161546353	0.097799249334740
14.137166941154046	0.057640199774989
14.231414720761739	0.012189287607436
14.325662500369432	-0.038391991309669
14.419910279977126	-0.093838456254064
14.514158059584819	-0.153774922475846
14.608405839192512	-0.217709759595102
14.702653618800205	-0.285028544042179
14.796901398407899	-0.354988451196834
14.891149178015592	-0.426714556252424
14.985396957623285	-0.499199763541183
15.079644737230979	-0.571310558121020
15.173892516838672	-0.641801031993840
15.268140296446365	-0.709337521034287
15.362388076054058	-0.772535549404556
15.456635855661752	-0.830009529232208
15.550883635269445	-0.880433840293801
15.645131414877138	-0.922611726645578
15.739379194484831	-0.955546289044258
15.833626974092525	-0.978506246895352
15.927874753700218	-0.991078611466582
16.022122533307911	-0.993201292242189
16.116370312915606	-0.985170951521880
16.210618092523301	-0.967624733463755
16.304865872130996	-0.941498118171190
16.399113651738691	-0.907964286962889
16.493361431346386	-0.868362384396433
16.587609210954081	-0.824122620946023
16.681856990561776	-0.776695365669683
16.776104770169471	-0.727489624153559
16.870352549777166	-0.677824113007746
16.964600329384862	-0.628892022637768
17.058848108992557	-0.581738850288287
17.153095888600252	-0.537251544773571
17.247343668207947	-0.496156631592441
17.341591447815642	-0.459024877687079
17.435839227423337	-0.426280261503068
17.530087007031032	-0.398211392033109
17.624334786638727	-0.374983955393019
17.718582566246422	-0.356653182651374
17.812830345854117	-0.343175687174239
17.907078125461812	-0.334420300025454
18.001325905069507	-0.330177742017572
18.095573684677202	-0.330169123963307
18.189821464284897	-0.334053378228183
18.284069243892592	-0.341433808759496
18.378317023500287	-0.351864013054693
18.472564803107982	-0.364853482468967
18.566812582715677	-0.379873226084660
18.661060362323372	-0.396361782970931
18.755308141931067	-0.413731980095180
18.849555921538762	-0.431378749606322
