0.000000000000000	0.100000000000000
0.235619449019234	0.099795151002582
0.471238898038469	0.100117107744222
0.706858347057703	0.099857752284074
0.942477796076938	0.097445301565734
1.178097245096172	0.091040713291090
1.413716694115407	0.078844493598278
1.649336143134641	0.059502364359382
1.884955592153876	0.032546164685327
2.120575041173110	-0.001244066763397
2.356194490192345	-0.039692647785360
2.591813939211579	-0.079402917335234
2.827433388230814	-0.116279953041762
3.063052837250048	-0.146312937988618
3.298672286269283	-0.166421644994879
3.534291735288517	-0.175120444392780
3.769911184307752	-0.172794850239907
4.005530633326986	-0.161516023944665
4.241150082346220	-0.144481755092978
4.476769531365454	-0.125288531158173
4.712388980384688	-0.107258089308166
4.948008429403922	-0.092972121364628
5.183627878423156	-0.084061399813741
5.419247327442390	-0.081203576146244
5.654866776461624	-0.084235888138052
5.890486225480858	-0.092286839365169
6.126105674500092	-0.103861127436124
6.361725123519326	-0.116858085811575
6.597344572538560	-0.128552282738996
6.832964021557794	-0.135605586588552
7.068583470577028	-0.134202735376842
7.304202919596262	-0.120395031226710
7.539822368615496	-0.090689590616256
7.775441817634730	-0.042838496648244
8.011061266653964	0.023311794590982
8.246680715673198	0.105119280499607
8.482300164692433	0.196824979829009
8.717919613711667	0.289826601518233
8.953539062730901	0.373707520520661
9.189158511750135	0.438034096110229
9.424777960769369	0.474629316762002
9.660397409788603	0.479646386781468
9.896016858807837	0.454605577696053
10.131636307827071	0.405903010079945
10.367255756846305	0.343016296404451
10.602875205865539	0.276199155754996
10.838494654884773	0.214499187223056
11.074114103904007	0.164558577325825
11.309733552923241	0.130227074384182
11.545353001942475	0.112761753397168
11.780972450961709	0.111320988026137
12.016591899980943	0.123501050500711
12.252211349000177	0.145749734318014
12.487830798019411	0.173593071686226
12.723450247038645	0.201712506132159
12.959069696057879	0.223992883634588
13.194689145077113	0.233702858673582
13.430308594096347	0.223944165454981
13.665928043115581	0.188406405413071
13.901547492134815	0.122325335408242
14.137166941154049	0.023451843013651
14.372786390173284	-0.107121634434099
14.608405839192518	-0.264284425743696
14.844025288211752	-0.438313721911023
15.079644737230986	-0.614521924298708
15.315264186250220	-0.773848949461299
15.550883635269454	-0.895496856535522
15.786503084288688	-0.962043168048209
16.022122533307922	-0.965416666373314
16.257741982327158	-0.910292882250701
16.493361431346393	-0.812440390710775
16.728980880365629	-0.693070825896091
16.964600329384865	-0.572690326559788
17.200219778404101	-0.467177197167116
17.435839227423337	-0.386531575353253
17.671458676442573	-0.335324870757603
17.907078125461808	-0.313765952907805
18.142697574481044	-0.318752910178582
18.378317023500280	-0.344694472529493
18.613936472519516	-0.384122792590113
18.849555921538752	-0.428241459963150
