0.000000000000000	0.100000000000000
0.376991118430775	0.099941050521234
0.753982236861550	0.099034422116555
1.130973355292325	0.090864118099281
1.507964473723101	0.068222854477907
1.884955592153876	0.026936178939085
2.261946710584651	-0.030110596659289
2.638937829015426	-0.091659290700754
3.015928947446202	-0.141776427669116
3.392920065876977	-0.167467671414328
3.769911184307752	-0.165442813921881
4.146902302738527	-0.143216064441275
4.523893421169302	-0.114186874826767
4.900884539600077	-0.090902018646584
5.277875658030852	-0.080805984274151
5.654866776461627	-0.085477108424572
6.031857894892402	-0.101625333893654
6.408849013323176	-0.121873010782671
6.785840131753951	-0.134808841346476
7.162831250184726	-0.125576173860316
7.539822368615501	-0.079091918642456
7.916813487046276	0.013173893411776
8.293804605477051	0.145031446340551
8.670795723907826	0.291096749014135
9.047786842338601	0.411584045267714
9.424777960769376	0.468727134553048
9.801769079200151	0.447853890958799
10.178760197630925	0.366443288641292
10.555751316061700	0.262243400844723
10.932742434492475	0.172139814690482
11.309733552923250	0.118367500943108
11.686724671354025	0.106382763112752
12.063715789784800	0.129149037861995
12.440706908215574	0.171735800908500
12.817698026646349	0.213458476567533
13.194689145077124	0.228746883878337
13.571680263507899	0.190242892443358
13.948671381938674	0.076302523733880
14.325662500369448	-0.119115879133511
14.702653618800223	-0.377876570645780
15.079644737230998	-0.651802349652338
15.456635855661773	-0.865629411160404
15.833626974092548	-0.946338208507277
16.210618092523323	-0.874712593716679
16.587609210954099	-0.703432644616986
16.964600329384876	-0.514746452312248
17.341591447815652	-0.371229249852568
17.718582566246429	-0.300218777227195
18.095573684677206	-0.300432784149956
18.472564803107982	-0.351758293167660
18.849555921538759	-0.422172850005177
