0.000000000000000	0.000000000000000
0.117809724509617	0.011765486925537
0.235619449019234	0.023519705726858
0.353429173528852	0.035286779308019
0.471238898038469	0.047079982755569
0.589048622548086	0.058897516120606
0.706858347057703	0.070718604413436
0.824668071567321	0.082500061178986
0.942477796076938	0.094173485692976
1.060287520586555	0.105643293288940
1.178097245096172	0.116785797222628
1.295906969605790	0.127449562404307
1.413716694115407	0.137457230621248
1.531526418625024	0.146608969504510
1.649336143134641	0.154687621964222
1.767145867644259	0.161465530882238
1.884955592153876	0.166712890913998
2.002765316663493	0.170207344274280
2.120575041173110	0.171744402262667
2.238384765682727	0.171148152764068
2.356194490192344	0.168281620209202
2.474004214701961	0.163056091577854
2.591813939211578	0.155438720499464
2.709623663721195	0.145457778030033
2.827433388230812	0.133205034993681
2.945243112740429	0.118834932766225
3.063052837250046	0.102560416520066
3.180862561759663	0.084645550260965
3.298672286269280	0.065395283889298
3.416482010778897	0.045142972896858
3.534291735288514	0.024236434805909
3.652101459798131	0.003023440581026
3.769911184307748	-0.018162430530033
3.887720908817365	-0.039014701503975
4.005530633326982	-0.059264938467494
4.123340357836599	-0.078691183491349
4.241150082346216	-0.097123571122895
4.358959806855833	-0.114447056515277
4.476769531365450	-0.130601398362088
4.594579255875067	-0.145578714268847
4.712388980384684	-0.159419047339347
4.830198704894301	-0.172204446532092
4.948008429403918	-0.184052072846741
5.065818153913535	-0.195106807031592
5.183627878423152	-0.205533763805484
5.301437602932769	-0.215511025258038
5.419247327442386	-0.225222804400230
5.537057051952003	-0.234853149550291
5.654866776461621	-0.244580210036186
5.772676500971238	-0.254571009980615
5.890486225480855	-0.264976623949777
6.008295949990472	-0.275927618358116
6.126105674500089	-0.287529616566793
6.243915399009706	-0.299858863222593
6.361725123519323	-0.312957703180562
6.479534848028940	-0.326829950005468
6.597344572538557	-0.341436195151762
6.715154297048174	-0.356689196775235
6.832964021557791	-0.372449580472356
6.950773746067408	-0.388522175123405
7.068583470577025	-0.404653385932622
7.186393195086642	-0.420530063235314
7.304202919596259	-0.435780349296103
7.422012644105876	-0.449976967373300
7.539822368615493	-0.462643352282254
7.657632093125110	-0.473262908801939
7.775441817634727	-0.481291528193820
7.893251542144344	-0.486173303391561
8.011061266653961	-0.487359172676337
8.128870991163579	-0.484328002760984
8.246680715673197	-0.476609405579144
8.364490440182815	-0.463807375190795
8.482300164692433	-0.445623635630341
8.600109889202050	-0.421879411835282
8.717919613711668	-0.392534185775175
8.835729338221286	-0.357699903549426
8.953539062730904	-0.317649097307433
9.071348787240522	-0.272815530407293
9.189158511750140	-0.223786315065825
9.306968236259758	-0.171285015369661
9.424777960769376	-0.116146015643588
9.542587685278994	-0.059281325600795
9.660397409788612	-0.001641874298040
9.778207134298230	0.055823949739524
9.896016858807847	0.112211374601226
10.013826583317465	0.166696833595042
10.131636307827083	0.218569409513428
10.249446032336701	0.267254245313048
10.367255756846319	0.312326966490928
10.485065481355937	0.353519092089817
10.602875205865555	0.390715198492800
10.720684930375173	0.423943157311946
10.838494654884791	0.453359071584203
10.956304379394409	0.479228608231188
11.074114103904027	0.501906322692418
11.191923828413644	0.521814355060833
11.309733552923262	0.539421600784700
11.427543277432880	0.555224164790737
11.545353001942498	0.569727623735928
11.663162726452116	0.583431364061861
11.780972450961734	0.596815043429323
11.898782175471352	0.610327045676099
12.016591899980970	0.624374668224078
12.134401624490588	0.639315698067499
12.252211349000206	0.655450999020997
12.370021073509823	0.673017748128547
12.487830798019441	0.692183020367338
12.605640522529059	0.713037522924054
12.723450247038677	0.735589415404403
12.841259971548295	0.759758309120099
12.959069696057913	0.785369702357623
13.076879420567531	0.812150261316027
13.194689145077149	0.839724478119934
13.312498869586767	0.867613308024037
13.430308594096385	0.895235391359610
13.548118318606003	0.921911393740593
13.665928043115620	0.946871854691678
13.783737767625238	0.969268739261469
13.901547492134856	0.988190672639201
14.019357216644474	1.002681646670259
14.137166941154092	1.011762861356964
14.254976665663710	1.014457333002924
14.372786390173328	1.009816967544948
14.490596114682946	0.996951932726980
14.608405839192564	0.975062299462760
14.726215563702182	0.943471963645007
14.844025288211800	0.901664692138208
14.961835012721417	0.849321658803113
15.079644737231035	0.786358993972934
15.197454461740653	0.712962703322074
15.315264186250271	0.629616997979653
15.433073910759889	0.537120957713876
15.550883635269507	0.436587994486951
15.668693359779125	0.329423280209157
15.786503084288743	0.217276448528835
15.904312808798361	0.101970363428589
16.022122533307979	-0.014589079117710
16.139932257817595	-0.130513361825329
16.257741982327211	-0.244030957400069
16.375551706836827	-0.353575145300322
16.493361431346443	-0.457851330954395
16.611171155856059	-0.555878994293629
16.728980880365675	-0.647007621531709
16.846790604875292	-0.730909527416476
16.964600329384908	-0.807554708593735
17.082410053894524	-0.877173662213491
17.200219778404140	-0.940213739520829
17.318029502913756	-0.997293544161334
17.435839227423372	-1.049158575452819
17.553648951932988	-1.096640078227086
17.671458676442604	-1.140618063193818
17.789268400952221	-1.181988753952363
17.907078125461837	-1.221636273417698
18.024887849971453	-1.260408146747369
18.142697574481069	-1.299094110566922
18.260507298990685	-1.338407732131715
18.378317023500301	-1.378970425380238
18.496126748009917	-1.421297584449099
18.613936472519534	-1.465786726167928
18.731746197029150	-1.512707727822094
18.849555921538766	-1.562195445573257
