0.000000000000000	0.100000000000000
0.099208189060730	0.099799369796965
0.198416378121461	0.099776983452690
0.297624567182191	0.099895496166532
0.396832756242921	0.100098603254724
0.496040945303652	0.100311840210565
0.595249134364382	0.100443693424608
0.694457323425112	0.100387104141995
0.793665512485842	0.100021454153716
0.892873701546573	0.099215117534719
0.992081890607303	0.097828647233360
1.091290079668034	0.095718637891644
1.190498268728764	0.092742267195633
1.289706457789494	0.088762468637281
1.388914646850225	0.083653631316369
1.488122835910955	0.077307661026169
1.587331024971685	0.069640176104282
1.686539214032416	0.060596556881509
1.785747403093146	0.050157524779059
1.884955592153877	0.038343901626000
1.984163781214607	0.025220196120375
2.083371970275337	0.010896685627480
2.182580159336067	-0.004470291023719
2.281788348396797	-0.020680041126273
2.380996537457527	-0.037491341670921
2.480204726518258	-0.054628380433379
2.579412915578988	-0.071788689809245
2.678621104639718	-0.088652817669652
2.777829293700448	-0.104895352600690
2.877037482761178	-0.120196807710326
2.976245671821908	-0.134255777919659
3.075453860882639	-0.146800730231815
3.174662049943369	-0.157600773447777
3.273870239004099	-0.166474788946914
3.373078428064829	-0.173298389012311
3.472286617125559	-0.178008299954211
3.571494806186289	-0.180603934439377
3.670702995247019	-0.181146106340285
3.769911184307750	-0.179753034020988
3.869119373368480	-0.176593955268406
3.968327562429210	-0.171880821874536
4.067535751489940	-0.165858641301119
4.166743940550671	-0.158795080015164
4.265952129611401	-0.150969937598632
4.365160318672132	-0.142665048177599
4.464368507732862	-0.134155076132206
4.563576696793593	-0.125699559026735
4.662784885854323	-0.117536425399191
4.761993074915054	-0.109877090549485
4.861201263975785	-0.102903119623726
4.960409453036515	-0.096764351177794
5.059617642097246	-0.091578300215352
5.158825831157976	-0.087430609042609
5.258034020218707	-0.084376286671803
5.357242209279438	-0.082441470914244
5.456450398340168	-0.081625458738207
5.555658587400899	-0.081902776457479
5.654866776461629	-0.083225098314714
5.754074965522360	-0.085522866694605
5.853283154583091	-0.088706516603973
5.952491343643821	-0.092667258721135
6.051699532704552	-0.097277427233953
6.150907721765282	-0.102390449205220
6.250115910826013	-0.107840539882991
6.349324099886744	-0.113442271791158
6.448532288947474	-0.118990203008439
6.547740478008205	-0.124258779882952
6.646948667068935	-0.129002749278752
6.746156856129666	-0.132958322747152
6.845365045190396	-0.135845327097405
6.944573234251127	-0.137370550314770
7.043781423311858	-0.137232447015217
7.142989612372588	-0.135127303354162
7.242197801433319	-0.130756879118422
7.341405990494049	-0.123837448450362
7.440614179554780	-0.114110056339470
7.539822368615511	-0.101351703497522
7.639030557676241	-0.085387076129327
7.738238746736972	-0.066100357439193
7.837446935797702	-0.043446600335538
7.936655124858433	-0.017462108113276
8.035863313919164	0.011726739741806
8.135071502979894	0.043896771230868
8.234279692040625	0.078723950300638
8.333487881101355	0.115782460561073
8.432696070162086	0.154547425162564
8.531904259222816	0.194401702361971
8.631112448283547	0.234647126997996
8.730320637344278	0.274520447147806
8.829528826405008	0.313214006525202
8.928737015465739	0.349900926729402
9.027945204526469	0.383764146024239
9.127153393587200	0.414028196245864
9.226361582647931	0.439992101846222
9.325569771708661	0.461061348836405
9.424777960769392	0.476776595454755
9.523986149830122	0.486836771855993
9.623194338890853	0.491114499298676
9.722402527951584	0.489662349282544
9.821610717012314	0.482709292767025
9.920818906073045	0.470647635551492
10.020027095133775	0.454011645667158
10.119235284194506	0.433449807470244
10.218443473255236	0.409693082112269
10.317651662315967	0.383521674798396
10.416859851376698	0.355732629805709
10.516068040437428	0.327110168152875
10.615276229498159	0.298400148328272
10.714484418558889	0.270289465065199
10.813692607619620	0.243390682478526
10.912900796680351	0.218231774582417
11.012108985741081	0.195250537887783
11.111317174801812	0.174793044263175
11.210525363862542	0.157115400474827
11.309733552923273	0.142388051273091
11.408941741984004	0.130701883761558
11.508149931044734	0.122075444438174
11.607358120105465	0.116462654320073
11.706566309166195	0.113760494206329
11.805774498226926	0.113816226984516
11.904982687287657	0.116433824432947
12.004190876348387	0.121379370418967
12.103399065409118	0.128385318917014
12.202607254469848	0.137153591620459
12.301815443530579	0.147357603298429
12.401023632591309	0.158643400082544
12.500231821652040	0.170630182619304
12.599440010712771	0.182910557977948
12.698648199773501	0.195050916305237
12.797856388834232	0.206592355039564
12.897064577894962	0.217052569664186
12.996272766955693	0.225929090956681
13.095480956016424	0.232704171938010
13.194689145077154	0.236851514125481
13.293897334137885	0.237844878003422
13.393105523198615	0.235168458499145
13.492313712259346	0.228328740360955
13.591521901320077	0.216867403089759
13.690730090380807	0.200374744706201
13.789938279441538	0.178503059779222
13.889146468502268	0.150979453589720
13.988354657562999	0.117617701989733
14.087562846623729	0.078328960051634
14.186771035684460	0.033131349446757
14.285979224745191	-0.017841332619020
14.385187413805921	-0.074331397630482
14.484395602866652	-0.135949143604984
14.583603791927382	-0.202164590529392
14.682811980988113	-0.272299209709206
14.782020170048844	-0.345518365717286
14.881228359109574	-0.420825941213686
14.980436548170305	-0.497063440501230
15.079644737231035	-0.572916608500198
15.178852926291766	-0.646933036642176
15.278061115352497	-0.717554094594482
15.377269304413227	-0.783163579530585
15.476477493473958	-0.842153569651261
15.575685682534688	-0.893005176880781
15.674893871595419	-0.934378590598681
15.774102060656150	-0.965203679715513
15.873310249716880	-0.984760354609168
15.972518438777611	-0.992737691805029
16.071726627838341	-0.989262904534333
16.170934816899070	-0.974895373840255
16.270143005959799	-0.950586254295001
16.369351195020528	-0.917609355310897
16.468559384081257	-0.877472834538117
16.567767573141985	-0.831822944976678
16.666975762202714	-0.782350544537400
16.766183951263443	-0.730708804114091
16.865392140324172	-0.678447372576706
16.964600329384901	-0.626965023961641
17.063808518445629	-0.577480149213672
17.163016707506358	-0.531016669163424
17.262224896567087	-0.488402057129208
17.361433085627816	-0.450274002096808
17.460641274688545	-0.417092573870403
17.559849463749273	-0.389155334109303
17.659057652810002	-0.366613489015674
17.758265841870731	-0.349487784374860
17.857474030931460	-0.337683344950242
17.956682219992189	-0.331003044609489
18.055890409052918	-0.329159273778796
18.155098598113646	-0.331784171131926
18.254306787174375	-0.338438532112958
18.353514976235104	-0.348619717881595
18.452723165295833	-0.361768975930404
18.551931354356562	-0.377278650041172
18.651139543417290	-0.394499796247052
18.750347732478019	-0.412750720970230
18.849555921538748	-0.431326902966035
