0.000000000000000	0.100000000000000
0.157079632679490	0.099765325202474
0.314159265358979	0.099907280567335
0.471238898038469	0.100197668473318
0.628318530717959	0.100297339078228
0.785398163397448	0.099770191262254
0.942477796076938	0.098104657594153
1.099557428756428	0.094744560634756
1.256637061435917	0.089130348449165
1.413716694115407	0.080750141690127
1.570796326794897	0.069197908271801
1.727875959474386	0.054233754040354
1.884955592153876	0.035839253932808
2.042035224833366	0.014259481484094
2.199114857512855	-0.009976609904798
2.356194490192345	-0.036064273521803
2.513274122871834	-0.062963293893010
2.670353755551324	-0.089470053499059
2.827433388230814	-0.114315934725860
2.984513020910303	-0.136281877929964
3.141592653589793	-0.154315206513147
3.298672286269283	-0.167633111965180
3.455751918948772	-0.175798170150506
3.612831551628262	-0.178755114136884
3.769911184307752	-0.176824246363085
3.926990816987241	-0.170654033273160
4.084070449666731	-0.161141910161704
4.241150082346221	-0.149336635094246
4.398229715025710	-0.136336853417235
4.555309347705200	-0.123198942006579
4.712388980384690	-0.110863503283762
4.869468613064179	-0.100105232938795
5.026548245743669	-0.091506400071020
5.183627878423159	-0.085450643046348
5.340707511102648	-0.082131583169044
5.497787143782138	-0.081569923600490
5.654866776461628	-0.083633030993260
5.811946409141117	-0.088052180069131
5.969026041820607	-0.094434351973487
6.126105674500097	-0.102267436225556
6.283185307179586	-0.110919678328562
6.440264939859076	-0.119636075550659
6.597344572538566	-0.127536001559752
6.754424205218055	-0.133617461607310
6.911503837897545	-0.136773824176087
7.068583470577035	-0.135828398269229
7.225663103256524	-0.129590632156960
7.382742735936014	-0.116934967326325
7.539822368615503	-0.096899734369371
7.696902001294993	-0.068799480325313
7.853981633974483	-0.032340523168581
8.011061266653972	0.012272973586790
8.168140899333462	0.064256209937793
8.325220532012953	0.122197932142052
8.482300164692443	0.184064433855795
8.639379797371934	0.247264814705658
8.796459430051424	0.308786199260292
8.953539062730915	0.365401738428514
9.110618695410405	0.413943266832109
9.267698328089896	0.451614356098908
9.424777960769386	0.476301736623351
9.581857593448877	0.486830934232562
9.738937226128368	0.483113487011974
9.896016858807858	0.466151918719711
10.053096491487349	0.437900315529025
10.210176124166839	0.401011493746539
10.367255756846330	0.358523996651610
10.524335389525820	0.313546870654843
10.681415022205311	0.268989040168553
10.838494654884801	0.227360568334183
10.995574287564292	0.190653351000166
11.152653920243782	0.160294082118421
11.309733552923273	0.137154095291759
11.466813185602764	0.121597832802120
11.623892818282254	0.113552309937181
11.780972450961745	0.112582433524289
11.938052083641235	0.117960451557622
12.095131716320726	0.128721699829093
12.252211349000216	0.143702931056435
12.409290981679707	0.161563642114924
12.566370614359197	0.180794673496137
12.723450247038688	0.199721577586610
12.880529879718178	0.216512392086663
13.037609512397669	0.229200010875399
13.194689145077160	0.235727865017133
13.351768777756650	0.234023927829953
13.508848410436141	0.222102527163969
13.665928043115631	0.198187277712057
13.823007675795122	0.160843558257984
13.980087308474612	0.109107425401701
14.137166941154103	0.042600877131568
14.294246573833593	-0.038369757259452
14.451326206513084	-0.132727893160128
14.608405839192574	-0.238545264155035
14.765485471872065	-0.352962515190021
14.922565104551555	-0.472126671738651
15.079644737231046	-0.591187395406872
15.236724369910537	-0.704420999288646
15.393804002590027	-0.805560071663304
15.550883635269518	-0.888375367890347
15.707963267949008	-0.947474177423172
15.865042900628499	-0.979165123046797
16.022122533307989	-0.982150736394645
16.179202165987480	-0.957814326125027
16.336281798666970	-0.909990137560928
16.493361431346461	-0.844290216896821
16.650441064025951	-0.767205925030145
16.807520696705442	-0.685235457308496
16.964600329384933	-0.604217426752236
17.121679962064423	-0.528936867257264
17.278759594743914	-0.462976410670155
17.435839227423404	-0.408739406745152
17.592918860102895	-0.367567573705197
17.749998492782385	-0.339893782115618
17.907078125461876	-0.325393542893230
18.064157758141366	-0.323117633477204
18.221237390820857	-0.331600913981871
18.378317023500347	-0.348950111451717
18.535396656179838	-0.372918219925410
18.692476288859329	-0.400976386890519
18.849555921538819	-0.430395698538117
