0.000000000000000	0.100000000000000
0.104719755119660	0.099793686669762
0.209439510239320	0.099783580592026
0.314159265358979	0.099923456695991
0.418879020478639	0.100143672776371
0.523598775598299	0.100352280478337
0.628318530717959	0.100436586514814
0.733038285837618	0.100265287185258
0.837758040957278	0.099691304699270
0.942477796076938	0.098555442218982
1.047197551196598	0.096690944129139
1.151917306316258	0.093928998305179
1.256637061435917	0.090105149251961
1.361356816555577	0.085066508132994
1.466076571675237	0.078679553284657
1.570796326794896	0.070838220243166
1.675516081914556	0.061471892614856
1.780235837034216	0.050552834082687
1.884955592153875	0.038102556985063
1.989675347273535	0.024196612340450
2.094395102393195	0.008967315590751
2.199114857512855	-0.007396005835174
2.303834612632515	-0.024649543885079
2.408554367752175	-0.042500471115479
2.513274122871834	-0.060615304224188
2.617993877991494	-0.078630945938050
2.722713633111154	-0.096167980394204
2.827433388230814	-0.112845607113477
2.932153143350474	-0.128297436427737
3.036872898470134	-0.142187252203903
3.141592653589794	-0.154223792113495
3.246312408709454	-0.164173614137589
3.351032163829114	-0.171871216720979
3.455751918948774	-0.177225756404785
3.560471674068434	-0.180223948087344
3.665191429188094	-0.180929016784507
3.769911184307754	-0.179475866249196
3.874630939427413	-0.176062906663465
3.979350694547073	-0.170941210869720
4.084070449666733	-0.164401823563749
4.188790204786392	-0.156762118413352
4.293509959906052	-0.148352083770216
4.398229715025711	-0.139501328648764
4.502949470145371	-0.130527454803581
4.607669225265030	-0.121726259903281
4.712388980384690	-0.113364043182923
4.817108735504349	-0.105672098200937
4.921828490624009	-0.098843312660473
5.026548245743668	-0.093030662754940
5.131268000863328	-0.088347294232209
5.235987755982987	-0.084867825142490
5.340707511102647	-0.082630483603456
5.445427266222306	-0.081639703294348
5.550147021341965	-0.081868834035029
5.654866776461625	-0.083262678636804
5.759586531581284	-0.085739634422128
5.864306286700944	-0.089193293254747
5.969026041820603	-0.093493433294632
6.073745796940263	-0.098486415512914
6.178465552059922	-0.103995075439944
6.283185307179582	-0.109818273198426
6.387905062299241	-0.115730330118462
6.492624817418901	-0.121480635327178
6.597344572538560	-0.126793747252628
6.702064327658220	-0.131370338932824
6.806784082777879	-0.134889337880957
6.911503837897539	-0.137011586591609
7.016223593017198	-0.137385295017863
7.120943348136858	-0.135653469851905
7.225663103256517	-0.131463388530034
7.330382858376177	-0.124478043704160
7.435102613495836	-0.114389325710522
7.539822368615495	-0.100932549043768
7.644542123735155	-0.083901778598922
7.749261878854814	-0.063165286416381
7.853981633974474	-0.038680380227100
7.958701389094133	-0.010506795530251
8.063421144213793	0.021182169690726
8.168140899333453	0.056091583242458
8.272860654453114	0.093800643927118
8.377580409572774	0.133763017582703
8.482300164692434	0.175312427619545
8.587019919812095	0.217674106450738
8.691739674931755	0.259982577221588
8.796459430051415	0.301305995321835
8.901179185171076	0.340676895255616
9.005898940290736	0.377128640089937
9.110618695410396	0.409736177933102
9.215338450530057	0.437658947385032
9.320058205649717	0.460183071164828
9.424777960769378	0.476759498727308
9.529497715889038	0.487034664711530
9.634217471008698	0.490870625890536
9.738937226128359	0.488352531539157
9.843656981248019	0.479782559591899
9.948376736367679	0.465660902202339
10.053096491487340	0.446655749731632
10.157816246607000	0.423565263231462
10.262536001726660	0.397275086150375
10.367255756846321	0.368714985347584
10.471975511965981	0.338817798872794
10.576695267085642	0.308483147764352
10.681415022205302	0.278547512101588
10.786134777324962	0.249761430695656
10.890854532444623	0.222773866612976
10.995574287564283	0.198123241122224
11.100294042683943	0.176234284419722
11.205013797803604	0.157419659793838
11.309733552923264	0.141885251888868
11.414453308042924	0.129738031538931
11.519173063162585	0.120995487958015
11.623892818282245	0.115595731819446
11.728612573401906	0.113407506325794
11.833332328521566	0.114239490176681
11.938052083641226	0.117848432129296
12.042771838760887	0.123945818518436
12.147491593880547	0.132202939378370
12.252211349000207	0.142254381588959
12.356931104119868	0.153700133646529
12.461650859239528	0.166106630103167
12.566370614359188	0.179007187262036
12.671090369478849	0.191902377173746
12.775810124598509	0.204260945308242
12.880529879718170	0.215521889148940
12.985249634837830	0.225098271954771
13.089969389957490	0.232383242513698
13.194689145077151	0.236758567779730
13.299408900196811	0.237605768989263
13.404128655316471	0.234319701717523
13.508848410436132	0.226324165741638
13.613568165555792	0.213088909541187
13.718287920675452	0.194147247976184
13.823007675795113	0.169113476070553
13.927727430914773	0.137699357607189
14.032447186034434	0.099729190720207
14.137166941154094	0.055153270072093
14.241886696273754	0.004059912615054
14.346606451393415	-0.053313496221869
14.451326206513075	-0.116569845734479
14.556045961632735	-0.185141559298301
14.660765716752396	-0.258279733557655
14.765485471872056	-0.335043902805945
14.870205226991716	-0.414294257643329
14.974924982111377	-0.494689398891813
15.079644737231037	-0.574693882963266
15.184364492350698	-0.652600554405918
15.289084247470358	-0.726572526455642
15.393804002590018	-0.794708237907532
15.498523757709679	-0.855130041989637
15.603243512829339	-0.906092414086645
15.707963267948999	-0.946100792742953
15.812683023068660	-0.974027527661004
15.917402778188320	-0.989208901132846
16.022122533307979	-0.991507953154271
16.126842288427639	-0.981332257156536
16.231562043547299	-0.959603048964454
16.336281798666960	-0.927680359603056
16.441001553786620	-0.887255821517101
16.545721308906280	-0.840228857801015
16.650441064025941	-0.788582354396684
16.755160819145601	-0.734271158028541
16.859880574265262	-0.679132124929413
16.964600329384922	-0.624819440386847
17.069320084504582	-0.572764693370692
17.174039839624243	-0.524158327856898
17.278759594743903	-0.479947680716100
17.383479349863563	-0.440846585302921
17.488199104983224	-0.407352059399866
17.592918860102884	-0.379764510909232
17.697638615222544	-0.358208887771615
17.802358370342205	-0.342655091521382
17.907078125461865	-0.332936689510081
18.011797880581526	-0.328767491652736
18.116517635701186	-0.329755934024069
18.221237390820846	-0.335417477109698
18.325957145940507	-0.345185420617715
18.430676901060167	-0.358420686132573
18.535396656179827	-0.374421233725765
18.640116411299488	-0.392431853242664
18.744836166419148	-0.411655087428510
18.849555921538808	-0.431263978099352
