0.000000000000000	0.000000000000000
0.110879740714934	0.011073991914501
0.221759481429868	0.022136648755437
0.332639222144802	0.033208889028602
0.443518962859736	0.044303586364016
0.554398703574669	0.055422412161078
0.665278444289603	0.066552888611364
0.776158185004537	0.077665736297692
0.887037925719471	0.088712621527416
0.997917666434405	0.099624428113444
1.108797407149339	0.110310193053842
1.219677147864273	0.120656851930612
1.330556888579206	0.130529934505275
1.441436629294140	0.139775331205731
1.552316370009074	0.148222215310896
1.663196110724008	0.155687153458479
1.774075851438941	0.161979370218883
1.884955592153875	0.166907054388833
1.995835332868809	0.170284510646506
2.106715073583743	0.171939876996083
2.217594814298677	0.171723053606757
2.328474555013611	0.169513429988913
2.439354295728545	0.165226962152132
2.550234036443479	0.158822145385236
2.661113777158413	0.150304455608648
2.771993517873347	0.139728894441535
2.882873258588281	0.127200368858422
2.993752999303215	0.112871760993466
3.104632740018149	0.096939689318389
3.215512480733083	0.079638117946123
3.326392221448017	0.061230122633912
3.437271962162951	0.041998255488388
3.548151702877885	0.022234051423650
3.659031443592819	0.002227276881047
3.769911184307753	-0.017744471346776
3.880790925022687	-0.037425252736021
3.991670665737621	-0.056588879174216
4.102550406452555	-0.075045267456801
4.213430147167489	-0.092644837492603
4.324309887882422	-0.109280892176419
4.435189628597356	-0.124890050950898
4.546069369312289	-0.139450922899821
4.656949110027223	-0.152981289107323
4.767828850742156	-0.165534114622498
4.878708591457090	-0.177192728268640
4.989588332172024	-0.188065497420562
5.100468072886957	-0.198280290500559
5.211347813601891	-0.207978969112415
5.322227554316824	-0.217312091403202
5.433107295031758	-0.226433944878253
5.543987035746691	-0.235497966038653
5.654866776461625	-0.244652550274039
5.765746517176559	-0.254037211663150
5.876626257891492	-0.263779020852482
5.987505998606426	-0.273989231196231
6.098385739321359	-0.284759999272777
6.209265480036293	-0.296161115550602
6.320145220751226	-0.308236683650046
6.431024961466160	-0.321001721142406
6.541904702181093	-0.334438699419807
6.652784442896027	-0.348494092497572
6.763664183610961	-0.363075061549844
6.874543924325894	-0.378046459540587
6.985423665040828	-0.393228393648801
7.096303405755761	-0.408394626768332
7.207183146470695	-0.423272127371218
7.318062887185628	-0.437542083978756
7.428942627900562	-0.450842682034474
7.539822368615495	-0.462773894713387
7.650702109330429	-0.472904465314294
7.761581850045363	-0.480781160367033
7.872461590760296	-0.485940254915881
7.983341331475230	-0.487921081599086
8.094221072190164	-0.486281340257126
8.205100812905098	-0.480613730750592
8.315980553620031	-0.470563342269760
8.426860294334965	-0.455845109695768
8.537740035049898	-0.436260533406682
8.648619775764832	-0.411712757870065
8.759499516479766	-0.382219026865355
8.870379257194699	-0.347919497760495
8.981258997909633	-0.309081430145625
9.092138738624566	-0.266097894905821
9.203018479339500	-0.219480403017991
9.313898220054433	-0.169845237271385
9.424777960769367	-0.117893766319064
9.535657701484300	-0.064387578627561
9.646537442199234	-0.010119815791854
9.757417182914168	0.044115481149500
9.868296923629101	0.097553954893353
9.979176664344035	0.149489384325105
10.090056405058968	0.199298188486014
10.200936145773902	0.246458607514987
10.311815886488835	0.290563749729264
10.422695627203769	0.331328283834189
10.533575367918703	0.368589085709619
10.644455108633636	0.402300560456496
10.755334849348570	0.432525624927479
10.866214590063503	0.459423455877136
10.977094330778437	0.483235106806706
11.087974071493370	0.504268005066844
11.198853812208304	0.522880193133886
11.309733552923237	0.539465002578788
11.420613293638171	0.554436667274819
11.531493034353105	0.568217208030141
11.642372775068038	0.581224762844005
11.753252515782972	0.593863400544713
11.864132256497905	0.606514343779258
11.975011997212839	0.619528442176179
12.085891737927772	0.633219679288937
12.196771478642706	0.647859468307803
12.307651219357640	0.663671491401892
12.418530960072573	0.680826864856373
12.529410700787507	0.699439464667600
12.640290441502440	0.719561321330747
12.751170182217374	0.741178082987062
12.862049922932307	0.764204645917068
12.972929663647241	0.788481151803877
13.083809404362174	0.813769641931415
13.194689145077108	0.839751728356698
13.305568885792042	0.866027680349142
13.416448626506975	0.892117322520978
13.527328367221909	0.917463095018914
13.638208107936842	0.941435538352440
13.749087848651776	0.963341346115335
13.859967589366709	0.982433995745432
13.970847330081643	0.997926843512864
14.081727070796576	1.009008478918880
14.192606811511510	1.014860094384112
14.303486552226444	1.014674646021332
14.414366292941377	1.007677651598366
14.525246033656311	0.993149564733405
14.636125774371244	0.970449734122427
14.747005515086178	0.939041944382137
14.857885255801111	0.898521378740366
14.968764996516045	0.848642492393442
15.079644737230979	0.789346718807075
15.190524477945912	0.720788183465839
15.301404218660846	0.643354779975659
15.412283959375779	0.557681266447945
15.523163700090713	0.464650727956141
15.634043440805646	0.365381095942887
15.744923181520580	0.261194602215408
15.855802922235513	0.153570056884957
15.966682662950447	0.044080382943789
16.077562403665382	-0.065679632646294
16.188442144380318	-0.174168555885230
16.299321885095253	-0.279969023598215
16.410201625810188	-0.381847245413240
16.521081366525124	-0.478796506474708
16.631961107240059	-0.570062461033856
16.742840847954994	-0.655150568709274
16.853720588669930	-0.733818041106613
16.964600329384865	-0.806053858956557
17.075480070099800	-0.872050781426669
17.186359810814736	-0.932172982728228
17.297239551529671	-0.986922277623397
17.408119292244606	-1.036905082423728
17.518999032959542	-1.082801479782936
17.629878773674477	-1.125337113204470
17.740758514389412	-1.165258164307990
17.851638255104348	-1.203309353660254
17.962517995819283	-1.240214725082505
18.073397736534218	-1.276660890075872
18.184277477249154	-1.313282394287775
18.295157217964089	-1.350648900748042
18.406036958679024	-1.389253951510035
18.516916699393960	-1.429505161970191
18.627796440108895	-1.471715813864492
18.738676180823830	-1.516097935672888
18.849555921538766	-1.562757081086120
