0.000000000000000	0.000000000000000
0.269279370307697	0.269279370307697
0.538558740615393	0.478994768062692
0.807838110923090	0.638426110092889
1.077117481230786	0.758697340464492
1.346396851538483	0.851078181718741
1.615676221846179	0.925388311832572
1.884955592153876	0.989013508999641
2.154234962461572	1.046542138339201
2.423514332769269	1.099852510072206
2.692793703076966	1.148472943030431
2.962073073384662	1.190076440901785
3.231352443692359	1.221012738432876
3.500631814000055	1.236815212834560
3.769911184307752	1.232652669065220
4.039190554615448	1.203727383479966
4.308469924923145	1.145647376304971
4.577749295230841	1.054816908319971
4.847028665538538	0.928888860433406
5.116308035846235	0.767299651981587
5.385587406153931	0.571854021167588
5.654866776461628	0.347239387122451
5.924146146769324	0.101245140923854
6.193425517077021	-0.155594640801296
6.462704887384717	-0.411117714496681
6.731984257692414	-0.653273009622642
7.001263628000110	-0.871936222961901
7.270542998307807	-1.060084708512773
7.539822368615503	-1.213910848384294
7.809101738923200	-1.332018500109069
8.078381109230897	-1.414232997077801
8.347660479538593	-1.460546435980228
8.616939849846290	-1.470472174822163
8.886219220153986	-1.442845014817098
9.155498590461683	-1.375989178136290
9.424777960769379	-1.268165018563786
9.694057331077076	-1.118235852840791
9.963336701384772	-0.926515970179927
10.232616071692469	-0.695731933471582
10.501895442000166	-0.431927059603022
10.771174812307862	-0.144975369211249
11.040454182615559	0.151752663686575
11.309733552923255	0.442906733429679
11.579012923230952	0.713659828979651
11.848292293538648	0.952283812474993
12.117571663846345	1.151623342789620
12.386851034154041	1.308900163124642
12.656130404461738	1.424268038959748
12.925409774769435	1.499046986180553
13.194689145077131	1.534366016241037
13.463968515384828	1.530470663283887
13.733247885692524	1.486622489665070
14.002527256000221	1.401419993495622
14.271806626307917	1.273405990936205
14.541085996615614	1.101889900588735
14.810365366923310	0.887940404499564
15.079644737231007	0.635456865680609
15.348924107538704	0.352088390062038
15.618203477846400	0.049575561001778
15.887482848154097	-0.256999051445365
16.156762218461793	-0.551288992347103
16.426041588769490	-0.818595198380259
16.695320959077186	-1.048379299743153
16.964600329384883	-1.235195570578816
17.233879699692579	-1.377828995640074
17.503159070000276	-1.477441218349574
17.772438440307972	-1.535756071370014
18.041717810615669	-1.553880348022874
18.310997180923366	-1.531848296519218
18.580276551231062	-1.468726690164247
18.849555921538759	-1.363093448750968
