0.000000000000000	1.000000000000000
0.104719755119660	0.902585125728836
0.209439510239320	0.811694610363224
0.314159265358979	0.727740193577793
0.418879020478639	0.651029870509337
0.523598775598299	0.581736523272113
0.628318530717959	0.519887067261080
0.733038285837618	0.465366019249372
0.837758040957278	0.417928330353715
0.942477796076938	0.377217426942130
1.047197551196598	0.342785483896545
1.151917306316258	0.314113901586557
1.256637061435917	0.290632717175496
1.361356816555577	0.271738245323519
1.466076571675237	0.256808633682242
1.570796326794896	0.245217268240627
1.675516081914556	0.236344108463027
1.780235837034216	0.229585104684019
1.884955592153875	0.224359876765014
1.989675347273535	0.220117833377968
2.094395102393195	0.216342899296481
2.199114857512855	0.212557002677573
2.303834612632515	0.208322460690529
2.408554367752175	0.203243392459039
2.513274122871834	0.196966283734299
2.617993877991494	0.189179827418577
2.722713633111154	0.179614166727799
2.827433388230814	0.168039671820306
2.932153143350474	0.154265384493322
3.036872898470134	0.138137267588461
3.141592653589794	0.119536394878227
3.246312408709454	0.098377212616263
3.351032163829114	0.074605995188275
3.455751918948774	0.048199604289862
3.560471674068434	0.019164643913416
3.665191429188094	-0.012462917599150
3.769911184307754	-0.046617611843926
3.874630939427413	-0.083203802570092
3.979350694547073	-0.122094499195272
4.084070449666733	-0.163129700692724
4.188790204786392	-0.206114359001143
4.293509959906052	-0.250816096019346
4.398229715025711	-0.296962858133885
4.502949470145371	-0.344240746496425
4.607669225265030	-0.392292318057646
4.712388980384690	-0.440715707940261
4.817108735504349	-0.489064971917954
4.921828490624009	-0.536852079568655
5.026548245743668	-0.583550992347931
5.131268000863328	-0.628604222669737
5.235987755982987	-0.671432176182492
5.340707511102647	-0.711445418620153
5.445427266222306	-0.748059776427534
5.550147021341965	-0.780713883502992
5.654866776461625	-0.808888446577414
5.759586531581284	-0.832126157378099
5.864306286700944	-0.850050883840108
5.969026041820603	-0.862384585810673
6.073745796940263	-0.868960379231352
6.178465552059922	-0.869730354033593
6.283185307179582	-0.864767139802087
6.387905062299241	-0.854258774228406
6.492624817418901	-0.838497088714418
6.597344572538560	-0.817860483826758
6.702064327658220	-0.792792520755359
6.806784082777879	-0.763778118515010
6.911503837897539	-0.731319273033574
7.016223593017198	-0.695912102296728
7.120943348136858	-0.658026712554512
7.225663103256517	-0.618090944143446
7.330382858376177	-0.576478571902555
7.435102613495836	-0.533502077423116
7.539822368615495	-0.489409732074891
7.644542123735155	-0.444386460058277
7.749261878854814	-0.398557795663669
7.853981633974474	-0.351996196856254
7.958701389094133	-0.304729006119105
8.063421144213793	-0.256747433231278
8.168140899333453	-0.208016048583435
8.272860654453114	-0.158482399180838
8.377580409572774	-0.108086477445790
8.482300164692434	-0.056769875308906
8.587019919812095	-0.004484537174624
8.691739674931755	0.048798917429280
8.796459430051415	0.103083298005441
8.901179185171076	0.158337361998859
9.005898940290736	0.214488751327239
9.110618695410396	0.271417386872182
9.215338450530057	0.328949420224205
9.320058205649717	0.386851920541831
9.424777960769378	0.444828569127149
9.529497715889038	0.502516739071614
9.634217471008698	0.559486441924888
9.738937226128359	0.615241712501985
9.843656981248019	0.669225055732917
9.948376736367679	0.720825569973763
10.053096491487340	0.769391261188199
10.157816246607000	0.814245846385807
10.262536001726660	0.854709997637899
10.367255756846321	0.890126504736224
10.471975511965981	0.919888268852687
10.576695267085642	0.943467449150893
10.681415022205302	0.960443568181307
10.786134777324962	0.970528056504585
10.890854532444623	0.973582691338675
10.995574287564283	0.969629728218108
11.100294042683943	0.958852241049308
11.205013797803604	0.941584194302209
11.309733552923264	0.918290916491078
11.414453308042924	0.889541729150953
11.519173063162585	0.855977318417023
11.623892818282245	0.818274879461210
11.728612573401906	0.777114066516514
11.833332328521566	0.733146384918109
11.938052083641226	0.686969981084432
12.042771838760887	0.639110972100770
12.147491593880547	0.590011655322301
12.252211349000207	0.540025263076878
12.356931104119868	0.489416442505945
12.461650859239528	0.438366362306331
12.566370614359188	0.386981256205381
12.671090369478849	0.335303265363521
12.775810124598509	0.283322589233062
12.880529879718170	0.230990150661696
12.985249634837830	0.178230189345593
13.089969389957490	0.124952392349769
13.194689145077151	0.071063335892172
13.299408900196811	0.016477141651326
13.404128655316471	-0.038874658209387
13.508848410436132	-0.095033998805079
13.613568165555792	-0.152007834014664
13.718287920675452	-0.209760302672686
13.823007675795113	-0.268205488364012
13.927727430914773	-0.327200815096975
14.032447186034434	-0.386541207457793
14.137166941154094	-0.445954249545291
14.241886696273754	-0.505096696109588
14.346606451393415	-0.563552812045058
14.451326206513075	-0.620835127529326
14.556045961632735	-0.676388274143846
14.660765716752396	-0.729596584633098
14.765485471872056	-0.779796064027257
14.870205226991716	-0.826291142189027
14.974924982111377	-0.868376276062340
15.079644737231037	-0.905361982196751
15.184364492350698	-0.936604275147268
15.289084247470358	-0.961535831766448
15.393804002590018	-0.979696599424953
15.498523757709679	-0.990761146955107
15.603243512829339	-0.994559948685173
15.707963267948999	-0.991092085962767
15.812683023068660	-0.980527567269358
15.917402778188320	-0.963198534804526
16.022122533307979	-0.939579880555217
16.126842288427639	-0.910261019986561
16.231562043547299	-0.875911545070031
16.336281798666960	-0.837244033015413
16.441001553786620	-0.794977350763854
16.545721308906280	-0.749803402853658
16.650441064025941	-0.702359543532481
16.755160819145601	-0.653207980790192
16.859880574265262	-0.602822608104084
16.964600329384922	-0.551582940583096
17.069320084504582	-0.499774282582516
17.174039839624243	-0.447592935282199
17.278759594743903	-0.395155143762377
17.383479349863563	-0.342508536917356
17.488199104983224	-0.289644974524593
17.592918860102884	-0.236513931897721
17.697638615222544	-0.183035782215937
17.802358370342205	-0.129114550955370
17.907078125461865	-0.074649898756148
18.011797880581526	-0.019548230705726
18.116517635701186	0.036267070146191
18.221237390820846	0.092846227162478
18.325957145940507	0.150204390645212
18.430676901060167	0.208313621371451
18.535396656179827	0.267095501770170
18.640116411299488	0.326414403572443
18.744836166419148	0.386071528673406
18.849555921538808	0.445799947919196
