0.000000000000000	1.000000000000000
0.099208189060730	0.907348538124188
0.198416378121461	0.820590788589412
0.297624567182191	0.740076284721550
0.396832756242921	0.666073059036897
0.496040945303652	0.598742314706987
0.595249134364382	0.538128423323331
0.694457323425112	0.484159981898035
0.793665512485842	0.436658255993356
0.892873701546573	0.395350050084331
0.992081890607303	0.359882766728834
1.091290079668034	0.329840066008509
1.190498268728764	0.304757075814383
1.289706457789494	0.284134520467991
1.388914646850225	0.267451437367722
1.488122835910955	0.254176356359649
1.587331024971685	0.243776945403358
1.686539214032416	0.235728199280026
1.785747403093146	0.229519283232593
1.884955592153877	0.224659154596983
1.984163781214607	0.220681083147499
2.083371970275337	0.217146182347350
2.182580159336067	0.213646053707255
2.281788348396797	0.209804637782811
2.380996537457527	0.205279359318699
2.480204726518258	0.199761651007810
2.579412915578988	0.192976939951766
2.678621104639718	0.184684182468312
2.777829293700448	0.174675035479305
2.877037482761178	0.162772755376204
2.976245671821908	0.148830917111115
3.075453860882639	0.132732046558633
3.174662049943369	0.114386257384983
3.273870239004099	0.093729979401344
3.373078428064829	0.070724858517681
3.472286617125559	0.045356898961153
3.571494806186289	0.017635906493427
3.670702995247019	-0.012404722892055
3.769911184307750	-0.044707840761031
3.869119373368480	-0.079192001085921
3.968327562429210	-0.115750543542000
4.067535751489940	-0.154250339884984
4.166743940550671	-0.194530263972899
4.265952129611401	-0.236399474872873
4.365160318672132	-0.279635634408104
4.464368507732862	-0.323983215153845
4.563576696793593	-0.369152091324412
4.662784885854323	-0.414816641274226
4.761993074915054	-0.460615623256331
4.861201263975785	-0.506153110929367
4.960409453036515	-0.551000785614184
5.059617642097246	-0.594701870917020
5.158825831157976	-0.636776953909732
5.258034020218707	-0.676731858099812
5.357242209279438	-0.714067611913068
5.456450398340168	-0.748292392021611
5.555658587400899	-0.778935120214487
5.654866776461629	-0.805560170941121
5.754074965522360	-0.827782428541599
5.853283154583091	-0.845281750293647
5.952491343643821	-0.857815778775829
6.051699532704552	-0.865230036510442
6.150907721765282	-0.867464348445105
6.250115910826013	-0.864554876826844
6.349324099886744	-0.856631399811958
6.448532288947474	-0.843909879853532
6.547740478008205	-0.826680795295038
6.646948667068935	-0.805294088424425
6.746156856129666	-0.780141862377426
6.845365045190396	-0.751640102403437
6.944573234251127	-0.720210692953416
7.043781423311858	-0.686264864263886
7.142989612372588	-0.650188963600173
7.242197801433319	-0.612333150989968
7.341405990494049	-0.573003312341854
7.440614179554780	-0.532456202770717
7.539822368615511	-0.490897606467044
7.639030557676241	-0.448483139970752
7.738238746736972	-0.405321234659961
7.837446935797702	-0.361477804115040
7.936655124858433	-0.316982119959968
8.035863313919164	-0.271833471084791
8.135071502979894	-0.226008251694932
8.234279692040625	-0.179467201462221
8.333487881101355	-0.132162597048495
8.432696070162086	-0.084045262154440
8.531904259222816	-0.035071319169926
8.631112448283547	0.014791352525748
8.730320637344278	0.065556959294803
8.829528826405008	0.117215932147310
8.928737015465739	0.169729358860274
9.027945204526469	0.223023722245651
9.127153393587200	0.276985986895875
9.226361582647931	0.331459118872713
9.325569771708661	0.386238176371772
9.424777960769392	0.441067172014638
9.523986149830122	0.495636975039672
9.623194338890853	0.549584587894095
9.722402527951584	0.602494187310090
9.821610717012314	0.653900352527857
9.920818906073045	0.703293897905289
10.020027095133775	0.750130667461960
10.119235284194506	0.793843520039382
10.218443473255236	0.833857526071452
10.317651662315967	0.869608110869310
10.416859851376698	0.900561530129169
10.516068040437428	0.926236684526001
10.615276229498159	0.946226923275183
10.714484418558889	0.960220215856123
10.813692607619620	0.968015953231395
10.912900796680351	0.969536728266837
11.012108985741081	0.964833763682961
11.111317174801812	0.954085187127986
11.210525363862542	0.937587034391619
11.309733552923273	0.915737594805794
11.408941741984004	0.889016382585919
11.508149931044734	0.857959518660928
11.607358120105465	0.823133567085395
11.706566309166195	0.785109864221134
11.805774498226926	0.744441133195349
11.904982687287657	0.701641755411007
12.004190876348387	0.657172560069732
12.103399065409118	0.611430476625801
12.202607254469848	0.564742942353888
12.301815443530579	0.517366611097751
12.401023632591309	0.469489686585272
12.500231821652040	0.421237099202148
12.599440010712771	0.372677738882907
12.698648199773501	0.323833021906493
12.797856388834232	0.274686178324727
12.897064577894962	0.225191775466021
12.996272766955693	0.175285122942830
13.095480956016424	0.124891323250587
13.194689145077154	0.073933831987955
13.293897334137885	0.022342469573781
13.393105523198615	-0.029939118578642
13.492313712259346	-0.082946523240169
13.591521901320077	-0.136688110740890
13.690730090380807	-0.191139002975892
13.789938279441538	-0.246235483087726
13.889146468502268	-0.301869850151023
13.988354657562999	-0.357885798727409
14.087562846623729	-0.414074464057721
14.186771035684460	-0.470171347862940
14.285979224745191	-0.525854418273055
14.385187413805921	-0.580743752634562
14.484395602866652	-0.634403152888273
14.583603791927382	-0.686344195403268
14.682811980988113	-0.736033163301982
14.782020170048844	-0.782901231105936
14.881228359109574	-0.826358112949561
14.980436548170305	-0.865809137664490
15.079644737231035	-0.900675380433502
15.178852926291766	-0.930416083173672
15.278061115352497	-0.954552177158909
15.377269304413227	-0.972689344204576
15.476477493473958	-0.984538791769659
15.575685682534688	-0.989933845516987
15.674893871595419	-0.988840632961247
15.774102060656150	-0.981361558347808
15.873310249716880	-0.967730916521725
15.972518438777611	-0.948302777393200
16.071726627838341	-0.923532072655220
16.170934816899070	-0.893950503272613
16.270143005959799	-0.860139351118108
16.369351195020528	-0.822701457506435
16.468559384081257	-0.782234519171524
16.567767573141985	-0.739307496057556
16.666975762202714	-0.694441409744887
16.766183951263443	-0.648095234743112
16.865392140324172	-0.600657037147990
16.964600329384901	-0.552440062259389
17.063808518445629	-0.503683150347840
17.163016707506358	-0.454554674892731
17.262224896567087	-0.405159135771272
17.361433085627816	-0.355545573942659
17.460641274688545	-0.305717072763919
17.559849463749273	-0.255640744679650
17.659057652810002	-0.205257746557333
17.758265841870731	-0.154493005025872
17.857474030931460	-0.103264453886420
17.956682219992189	-0.051491683339422
18.055890409052918	0.000896026464280
18.155098598113646	0.053952266697746
18.254306787174375	0.107706609492597
18.353514976235104	0.162158214512791
18.452723165295833	0.217269894786567
18.551931354356562	0.272962634873011
18.651139543417290	0.329110600714130
18.750347732478019	0.385536740645233
18.849555921538748	0.442009148602211
