0.000000000000000	0.000000000000000
0.942477796076938	0.942477796076938
1.884955592153876	1.518799908218743
2.827433388230814	1.678119876439240
3.769911184307752	1.645010055676953
4.712388980384690	1.282060581005458
5.654866776461628	0.375363545645025
6.597344572538566	-1.050394737423685
7.539822368615503	-2.302844447429643
8.482300164692441	-2.449002185610444
9.424777960769379	-2.318820927632615
10.367255756846317	-1.744146545225575
11.309733552923255	-0.537853337989320
12.252211349000193	1.251276427307516
13.194689145077131	2.654032919902033
14.137166941154069	2.413525200010202
15.079644737231007	1.983564234540602
16.022122533307943	0.845646947235899
16.964600329384879	-0.878260825159797
17.907078125461815	-2.486990830828762
18.849555921538752	-2.418002669609312
