0.000000000000000	1.000000000000000
0.110879740714934	0.896858173673455
0.221759481429868	0.801893019379396
0.332639222144802	0.715392626869326
0.443518962859736	0.637493985567741
0.554398703574669	0.568169994718084
0.665278444289603	0.507234551255607
0.776158185004537	0.454358661921216
0.887037925719471	0.409092325428613
0.997917666434405	0.370888538577953
1.108797407149339	0.339127080201923
1.219677147864273	0.313136697325820
1.330556888579206	0.292214992704260
1.441436629294140	0.275645749737970
1.552316370009074	0.262713691394805
1.663196110724008	0.252716809130303
1.774075851438941	0.244976459881466
1.884955592153875	0.238845446455928
1.995835332868809	0.233714291405753
2.106715073583743	0.229015901036296
2.217594814298677	0.224228802808533
2.328474555013611	0.218879130047822
2.439354295728545	0.212541523726891
2.550234036443479	0.204839121519319
2.661113777158413	0.195442807701070
2.771993517873347	0.184069901767180
2.882873258588281	0.170482466765829
2.993752999303215	0.154485418526820
3.104632740018149	0.135924612789210
3.215512480733083	0.114685077809493
3.326392221448017	0.090689544909434
3.437271962162951	0.063897408510608
3.548151702877885	0.034304220615007
3.659031443592819	0.001941792573599
3.769911184307753	-0.033121060647071
3.880790925022687	-0.070777141858998
3.991670665737621	-0.110878916447496
4.102550406452555	-0.153236094703963
4.213430147167489	-0.197612929479129
4.324309887882422	-0.243725477585865
4.435189628597356	-0.291239149390165
4.546069369312289	-0.339766948493677
4.656949110027223	-0.388868875235765
4.767828850742156	-0.438053022914586
4.878708591457090	-0.486778919028200
4.989588332172024	-0.534463637060982
5.100468072886957	-0.580491107974250
5.211347813601891	-0.624224878238291
5.322227554316824	-0.665024285340818
5.433107295031758	-0.702263659811288
5.543987035746691	-0.735353743237132
5.654866776461625	-0.763764085727636
5.765746517176559	-0.787044824186671
5.876626257891492	-0.804846023146303
5.987505998606426	-0.816932752108723
6.098385739321359	-0.823194317387485
6.209265480036293	-0.823646556643957
6.320145220751226	-0.818426782967044
6.431024961466160	-0.807781730661762
6.541904702181093	-0.792049582528988
6.652784442896027	-0.771637730419704
6.763664183610961	-0.746998253216412
6.874543924325894	-0.718603156268812
6.985423665040828	-0.686921224432839
7.096303405755761	-0.652397960133014
7.207183146470695	-0.615439593381551
7.318062887185628	-0.576401648376836
7.428942627900562	-0.535582101198868
7.539822368615495	-0.493218810325573
7.650702109330429	-0.449490665118861
7.761581850045363	-0.404521774158966
7.872461590760296	-0.358387987766037
7.983341331475230	-0.311125092416031
8.094221072190164	-0.262738102986647
8.205100812905098	-0.213211188553895
8.315980553620031	-0.162517880197956
8.426860294334965	-0.110631311471433
8.537740035049898	-0.057534324866452
8.648619775764832	-0.003229335319262
8.759499516479766	0.052252128545058
8.870379257194699	0.108840284606600
8.981258997909633	0.166418467912381
9.092138738624566	0.224815179962161
9.203018479339500	0.283797070791528
9.313898220054433	0.343063215738306
9.424777960769367	0.402241168664939
9.535657701484300	0.460885389977167
9.646537442199234	0.518478738331343
9.757417182914168	0.574437749535242
9.868296923629101	0.628122369859538
9.979176664344035	0.678850629150400
10.090056405058968	0.725918406407492
10.200936145773902	0.768623952586967
10.311815886488835	0.806296221230522
10.422695627203769	0.838325387272508
10.533575367918703	0.864193317974834
10.644455108633636	0.883501331817623
10.755334849348570	0.895992470794065
10.866214590063503	0.901565805548037
10.977094330778437	0.900281000484881
11.087974071493370	0.892352402463047
11.198853812208304	0.878133113431285
11.309733552923237	0.858090650779828
11.420613293638171	0.832776685274572
11.531493034353105	0.802793833223519
11.642372775068038	0.768762518605701
11.753252515782972	0.731290559561158
11.864132256497905	0.690947490111739
11.975011997212839	0.648244852024676
12.085891737927772	0.603622925477761
12.196771478642706	0.557443717389185
12.307651219357640	0.509989552514341
12.418530960072573	0.461466329494601
12.529410700787507	0.412010393291779
12.640290441502440	0.361697998972037
12.751170182217374	0.310556455373258
12.862049922932307	0.258576199344867
12.972929663647241	0.205723228330224
13.083809404362174	0.151951486801461
13.194689145077108	0.097214944909152
13.305568885792042	0.041479217029593
13.416448626506975	-0.015267360184016
13.527328367221909	-0.073003237074528
13.638208107936842	-0.131663798587512
13.749087848651776	-0.191132241617818
13.859967589366709	-0.251231347585899
13.970847330081643	-0.311716419194409
14.081727070796576	-0.372269775652826
14.192606811511510	-0.432497335355411
14.303486552226444	-0.491927939695540
14.414366292941377	-0.550016159050902
14.525246033656311	-0.606149337177278
14.636125774371244	-0.659659534403073
14.747005515086178	-0.709840787267491
14.857885255801111	-0.755971690864711
14.968764996516045	-0.797342736138099
15.079644737230979	-0.833287143969653
15.190524477945912	-0.863213223633574
15.301404218660846	-0.886635677213565
15.412283959375779	-0.903202923007843
15.523163700090713	-0.912717548622944
15.634043440805646	-0.915147494730314
15.744923181520580	-0.910626484608459
15.855802922235513	-0.899443421063095
15.966682662950447	-0.882021761360175
16.077562403665382	-0.858891016452174
16.188442144380318	-0.830653302988522
16.299321885095253	-0.797948191574326
16.410201625810188	-0.761418936477475
16.521081366525124	-0.721682630588771
16.631961107240059	-0.679306054639247
16.742840847954994	-0.634788145468022
16.853720588669930	-0.588549234105632
16.964600329384865	-0.540926593144011
17.075480070099800	-0.492175424748466
17.186359810814736	-0.442474212264625
17.297239551529671	-0.391933317139809
17.408119292244606	-0.340605782652093
17.518999032959542	-0.288499459254828
17.629878773674477	-0.235589752162857
17.740758514389412	-0.181832478962856
17.851638255104348	-0.127176492516696
17.962517995819283	-0.071575859845170
18.073397736534218	-0.015001484957260
18.184277477249154	0.042547879277445
18.295157217964089	0.101035267857010
18.406036958679024	0.160375847798541
18.516916699393960	0.220428085902907
18.627796440108895	0.280985946412701
18.738676180823830	0.341772441854051
18.849555921538766	0.402434994472340
