0.000000000000000	1.000000000000000
0.094247779607694	0.911392858119713
0.188495559215388	0.828698003790961
0.282743338823081	0.752111954777212
0.376991118430775	0.681755965839203
0.471238898038469	0.617666447476281
0.565486677646163	0.559793626928476
0.659734457253857	0.508005864532459
0.753982236861550	0.462097543119195
0.848230016469244	0.421798939306626
0.942477796076938	0.386786921760971
1.036725575684632	0.356695683079540
1.130973355292326	0.331126994946761
1.225221134900019	0.309659686511602
1.319468914507713	0.291858194430391
1.413716694115407	0.277280132265326
1.507964473723100	0.265482889038422
1.602212253330794	0.256029302286584
1.696460032938488	0.248492468555349
1.790707812546181	0.242459760537305
1.884955592153875	0.237536119862528
1.979203371761569	0.233346691258871
2.073451151369263	0.229538859623918
2.167698930976957	0.225783747802380
2.261946710584650	0.221777230206208
2.356194490192344	0.217240516055217
2.450442269800038	0.211920355852088
2.544690049407731	0.205588925445476
2.638937829015425	0.198043443284973
2.733185608623119	0.189105577803724
2.827433388230812	0.178620702865752
2.921681167838506	0.166457059523193
3.015928947446200	0.152504881654174
3.110176727053894	0.136675541188753
3.204424506661587	0.118900765454462
3.298672286269281	0.099131974632835
3.392920065876975	0.077339781416101
3.487167845484668	0.053513687721236
3.581415625092362	0.027662004793763
3.675663404700056	-0.000187986766687
3.769911184307750	-0.029989631623253
3.864158963915443	-0.061676255983572
3.958406743523137	-0.095160306494461
4.052654523130831	-0.130332308209921
4.146902302738525	-0.167059695276374
4.241150082346219	-0.205185586810188
4.335397861953913	-0.244527600689815
4.429645641561607	-0.284876819087504
4.523893421169301	-0.325997040499698
4.618141200776996	-0.367624472187245
4.712388980384690	-0.409468032012094
4.806636759992384	-0.451210436666593
4.900884539600078	-0.492510250662186
4.995132319207772	-0.533005053307149
5.089380098815466	-0.572315845594869
5.183627878423160	-0.610052762707386
5.277875658030855	-0.645822079793006
5.372123437638549	-0.679234400635094
5.466371217246243	-0.709913806160803
5.560618996853937	-0.737507621710393
5.654866776461631	-0.761696351439224
5.749114556069325	-0.782203240361885
5.843362335677019	-0.798802874846128
5.937610115284714	-0.811328233813131
6.031857894892408	-0.819675663103203
6.126105674500102	-0.823807364282382
6.220353454107796	-0.823751157602849
6.314601233715490	-0.819597479665355
6.408849013323184	-0.811493786530355
6.503096792930879	-0.799636727528967
6.597344572538573	-0.784262611072146
6.691592352146267	-0.765636784715343
6.785840131753961	-0.744042589588842
6.880087911361655	-0.719770525293636
6.974335690969349	-0.693108184825838
7.068583470577043	-0.664331404954408
7.162831250184738	-0.633696943131116
7.257079029792432	-0.601436854329608
7.351326809400126	-0.567754614241635
7.445574589007820	-0.532822928902739
7.539822368615514	-0.496783090474389
7.634070148223208	-0.459745685893387
7.728317927830902	-0.421792437556196
7.822565707438597	-0.382978949194443
7.916813487046291	-0.343338140632302
8.011061266653984	-0.302884177012708
8.105309046261677	-0.261616726546308
8.199556825869371	-0.219525411815277
8.293804605477064	-0.176594349955135
8.388052385084757	-0.132806704281709
8.482300164692450	-0.088149192492418
8.576547944300144	-0.042616513385974
8.670795723907837	0.003784335539897
8.765043503515530	0.051029873607140
8.859291283123223	0.099076112885031
8.953539062730917	0.147854732068904
9.047786842338610	0.197269502858005
9.142034621946303	0.247193046641581
9.236282401553996	0.297464027843854
9.330530181161690	0.347884922433050
9.424777960769383	0.398220533265413
9.519025740377076	0.448197454359770
9.613273519984769	0.497504708861661
9.707521299592463	0.545795794150018
9.801769079200156	0.592692355251974
9.896016858807849	0.637789667436788
9.990264638415542	0.680664034758745
10.084512418023236	0.720882100474949
10.178760197630929	0.758011919426831
10.273007977238622	0.791635469700443
10.367255756846316	0.821362096414651
10.461503536454009	0.846842206319177
10.555751316061702	0.867780394554937
10.649999095669395	0.883947111506631
10.744246875277089	0.895187990425151
10.838494654884782	0.901430067310667
10.932742434492475	0.902684330654293
11.026990214100168	0.899044321014802
11.121237993707862	0.890680825799680
11.215485773315555	0.877833041046457
11.309733552923248	0.860796856568494
11.403981332530941	0.839911127885828
11.498229112138635	0.815542905882472
11.592476891746328	0.788072597821688
11.686724671354021	0.757879941951161
11.780972450961714	0.725331515330933
11.875220230569408	0.690770290049269
11.969468010177101	0.654507536503110
12.063715789784794	0.616817169471278
12.157963569392487	0.577932461641902
12.252211349000181	0.538044920248248
12.346459128607874	0.497305038211491
12.440706908215567	0.455824588579857
12.534954687823260	0.413680123264787
12.629202467430954	0.370917355528190
12.723450247038647	0.327556141608779
12.817698026646340	0.283595822398132
12.911945806254034	0.239020734729454
13.006193585861727	0.193805748766941
13.100441365469420	0.147921729827471
13.194689145077113	0.101340857629504
13.288936924684807	0.054041762295288
13.383184704292500	0.006014453931764
13.477432483900193	-0.042734968810857
13.571680263507886	-0.092179846016806
13.665928043115580	-0.142268743146492
13.760175822723273	-0.192921537352043
13.854423602330966	-0.244025867957991
13.948671381938659	-0.295434046104309
14.042919161546353	-0.346960553660115
14.137166941154046	-0.398380298594815
14.231414720761739	-0.449427829218988
14.325662500369432	-0.499797737902379
14.419910279977126	-0.549146499522042
14.514158059584819	-0.597095983460079
14.608405839192512	-0.643238842677332
14.702653618800205	-0.687145912468914
14.796901398407899	-0.728375640936613
14.891149178015592	-0.766485423720693
14.985396957623285	-0.801044534485505
15.079644737230979	-0.831648145237824
15.173892516838672	-0.857931739607968
15.268140296446365	-0.879585066145926
15.362388076054058	-0.896364687316795
15.456635855661752	-0.908104178747691
15.550883635269445	-0.914721137368837
15.645131414877138	-0.916220365778692
15.739379194484831	-0.912692894965007
15.833626974092525	-0.904310853794017
15.927874753700218	-0.891318546332646
16.022122533307911	-0.874020409982765
16.116370312915606	-0.852766758567129
16.210618092523301	-0.827938339353067
16.304865872130996	-0.799930744225317
16.399113651738691	-0.769139623337294
16.493361431346386	-0.735947478827873
16.587609210954081	-0.700712598327387
16.681856990561776	-0.663760455633397
16.776104770169471	-0.625377687251762
16.870352549777166	-0.585808568765163
16.964600329384862	-0.545253775541915
17.058848108992557	-0.503871121213960
17.153095888600252	-0.461777921319952
17.247343668207947	-0.419054621112028
17.341591447815642	-0.375749346427944
17.435839227423337	-0.331883075211109
17.530087007031032	-0.287455176168676
17.624334786638727	-0.242449113225957
17.718582566246422	-0.196838164660147
17.812830345854117	-0.150591050520322
17.907078125461812	-0.103677398973161
18.001325905069507	-0.056073010391343
18.095573684677202	-0.007764896861552
18.189821464284897	0.041243915701364
18.284069243892592	0.090929835280443
18.378317023500287	0.141244422196641
18.472564803107982	0.192110415875036
18.566812582715677	0.243418131894730
18.661060362323372	0.295022322135610
18.755308141931067	0.346739626472274
18.849555921538762	0.398346782240942
