0.000000000000000	1.000000000000000
0.628318530717959	0.550186028146119
1.256637061435917	0.332846140158173
1.884955592153876	0.247288551885371
2.513274122871834	0.184204186400905
3.141592653589793	0.074298148952464
3.769911184307752	-0.110987846876148
4.398229715025710	-0.360030822076525
5.026548245743669	-0.607915902301224
5.654866776461628	-0.743887381829534
6.283185307179586	-0.702965312814124
6.911503837897545	-0.542416678699531
7.539822368615503	-0.338181094011215
8.168140899333462	-0.102401490621565
8.796459430051421	0.176597468466401
9.424777960769379	0.478853902776010
10.053096491487338	0.719325466104134
10.681415022205297	0.784951740831223
11.309733552923255	0.666980204426588
11.938052083641214	0.465300509197058
12.566370614359172	0.236241215395768
13.194689145077131	-0.026733772330297
13.823007675795090	-0.327603155691446
14.451326206513048	-0.617202760688317
15.079644737231007	-0.783792349286459
15.707963267948966	-0.748701957795762
16.336281798666924	-0.574526760716287
16.964600329384883	-0.355758948189803
17.592918860102841	-0.110843998658160
18.221237390820800	0.173581035987324
18.849555921538759	0.480000102336200
