0.000000000000000	0.000000000000000
0.471238898038469	0.394516947762776
0.942477796076938	0.648029912204488
1.413716694115407	0.822137207204539
1.884955592153876	0.956974207837508
2.356194490192345	1.068311618645778
2.827433388230814	1.152977916999952
3.298672286269283	1.195979904979417
3.769911184307752	1.176906409901027
4.241150082346221	1.075599119753714
4.712388980384690	0.878462906154397
5.183627878423159	0.586458144989281
5.654866776461628	0.222598585244120
6.126105674500097	-0.168564573058704
6.597344572538566	-0.535830597700767
7.068583470577035	-0.841104660251321
7.539822368615503	-1.065305074348264
8.011061266653972	-1.199737464015553
8.482300164692440	-1.236690815052832
8.953539062730908	-1.166711677420096
9.424777960769376	-0.982505583836209
9.896016858807844	-0.687799727117788
10.367255756846312	-0.307698873647439
10.838494654884780	0.108476531751060
11.309733552923248	0.501873926728139
11.780972450961716	0.828135881780487
12.252211349000184	1.066388506969165
12.723450247038652	1.209209073903388
13.194689145077120	1.250764058752744
13.665928043115589	1.182933263568684
14.137166941154057	0.999050189156246
14.608405839192525	0.702993815386565
15.079644737230993	0.319976964656788
15.550883635269461	-0.100129303825015
16.022122533307929	-0.497445164787019
16.493361431346397	-0.826759252392871
16.964600329384865	-1.066995818106011
17.435839227423333	-1.210963780701428
17.907078125461801	-1.253124328707808
18.378317023500269	-1.185554565431451
18.849555921538737	-1.001674322129936
