0.000000000000000	1.000000000000000
0.942477796076938	0.366698629403370
1.884955592153876	0.206941569202978
2.827433388230814	0.102279759378059
3.769911184307752	-0.135281797422213
4.712388980384690	-0.481837591353114
5.654866776461628	-0.644223393886417
6.597344572538566	-0.458451636765423
7.539822368615503	-0.218428650128835
8.482300164692441	0.086639251839733
9.424777960769379	0.471826322647673
10.367255756846317	0.660969003014748
11.309733552923255	0.471641966381834
12.252211349000193	0.223310684346304
13.194689145077131	-0.085063238592460
14.137166941154069	-0.472328748865895
15.079644737231007	-0.662926108963682
16.022122533307943	-0.472765994162772
16.964600329384879	-0.223665780150805
17.907078125461815	0.084977125750432
18.849555921538752	0.472426226266611
