0.000000000000000	1.000000000000000
0.171359599286716	0.846518251727426
0.342719198573432	0.712476963820000
0.514078797860148	0.598478223043510
0.685438397146864	0.504216163401151
0.856797996433580	0.428550675513963
1.028157595720296	0.369687933248490
1.199517195007012	0.325387197003155
1.370876794293728	0.293152831903984
1.542236393580444	0.270395188449291
1.713595992867160	0.254557070304855
1.884955592153876	0.243208229326059
2.056315191440592	0.234112142243785
2.227674790727308	0.225269468117286
2.399034390014025	0.214942267213178
2.570393989300741	0.201662802597008
2.741753588587457	0.184230672609923
2.913113187874173	0.161702068740316
3.084472787160889	0.133374985175546
3.255832386447605	0.098774096069954
3.427191985734321	0.057638678726624
3.598551585021037	0.009916357590907
3.769911184307753	-0.044235430806839
3.941270783594469	-0.104439499054579
4.112630382881185	-0.170081182800583
4.283989982167901	-0.240285288047588
4.455349581454617	-0.313892311419350
4.626709180741333	-0.389440969228940
4.798068780028049	-0.465166500551133
4.969428379314765	-0.539025939040668
5.140787978601481	-0.608761427820680
5.312147577888197	-0.672009256456345
5.483507177174913	-0.726454526559055
5.654866776461629	-0.770019419255020
5.826226375748345	-0.801059446305300
5.997585975035062	-0.818531685036533
6.168945574321778	-0.822097451540646
6.340305173608494	-0.812132460095162
6.511664772895210	-0.789638430931940
6.683024372181926	-0.756074246005762
6.854383971468642	-0.713143040279142
7.025743570755358	-0.662577803025360
7.197103170042074	-0.605961676392993
7.368462769328790	-0.544604792090540
7.539822368615506	-0.479483627581541
7.711181967902222	-0.411236509722403
7.882541567188938	-0.340202159428871
8.053901166475654	-0.266486626885251
8.225260765762370	-0.190045871360157
8.396620365049085	-0.110774674669998
8.567979964335800	-0.028596067203233
8.739339563622515	0.056451905248188
8.910699162909230	0.144133877844009
9.082058762195945	0.233941214788183
9.253418361482661	0.325025849843973
9.424777960769376	0.416150223158910
9.596137560056091	0.505663303155201
9.767497159342806	0.591516108345568
9.938856758629521	0.671331441489201
10.110216357916237	0.742539222075592
10.281575957202952	0.802578622462038
10.452935556489667	0.849150935337538
10.624295155776382	0.880486361415415
10.795654755063097	0.895571655820197
10.967014354349812	0.894283356573921
11.138373953636528	0.877388655537192
11.309733552923243	0.846409253852887
11.481093152209958	0.803380157602658
11.652452751496673	0.750560303516391
11.823812350783388	0.690156393607431
11.995171950070104	0.624107007447951
12.166531549356819	0.553950231853592
12.337891148643534	0.480775173435565
12.509250747930249	0.405242409761587
12.680610347216964	0.327652172992163
12.851969946503679	0.248039810742395
13.023329545790395	0.166282612989008
13.194689145077110	0.082207641575928
13.366048744363825	-0.004305019121164
13.537408343650540	-0.093225999321926
13.708767942937255	-0.184288475754122
13.880127542223970	-0.276909756818738
14.051487141510686	-0.370126528801008
14.222846740797401	-0.462551266547745
14.394206340084116	-0.552361476786854
14.565565939370831	-0.637336675015170
14.736925538657546	-0.714957945513716
14.908285137944262	-0.782578828143041
15.079644737230977	-0.837662274559903
15.251004336517692	-0.878057724673050
15.422363935804407	-0.902270918248661
15.593723535091122	-0.909666797166706
15.765083134377837	-0.900552127716436
15.936442733664553	-0.876111497479715
16.107802332951270	-0.838209513609111
16.279161932237987	-0.789107352512436
16.450521531524704	-0.731159037268055
16.621881130811420	-0.666547489614128
16.793240730098137	-0.597098868248157
16.964600329384854	-0.524187510799290
17.135959928671571	-0.448722738191841
17.307319527958288	-0.371197259192833
17.478679127245005	-0.291774349547850
17.650038726531722	-0.210394246428832
17.821398325818439	-0.126885903951603
17.992757925105156	-0.041075931557905
18.164117524391873	0.047109160313661
18.335477123678590	0.137548871659627
18.506836722965307	0.229843800854645
18.678196322252024	0.323242335526720
18.849555921538741	0.416584381286071
