0.000000000000000	1.000000000000000
0.117809724509617	0.890893060336774
0.235619449019234	0.791013274463024
0.353429173528852	0.700689747575160
0.471238898038469	0.620056222465596
0.589048622548086	0.549037816798198
0.706858347057703	0.487361689613983
0.824668071567321	0.434581489686860
0.942477796076938	0.390108288908041
1.060287520586555	0.353243159215734
1.178097245096172	0.323208456009514
1.295906969605790	0.299176227272732
1.413716694115407	0.280293060000543
1.531526418625024	0.265701215240639
1.649336143134641	0.254556196920863
1.767145867644259	0.246041035811914
1.884955592153876	0.239377614285124
2.002765316663493	0.233835355294022
2.120575041173110	0.228737578983974
2.238384765682727	0.223465808947070
2.356194490192344	0.217462295230274
2.474004214701961	0.210231014978058
2.591813939211578	0.201337412824133
2.709623663721195	0.190407148791902
2.827433388230812	0.177124127781843
2.945243112740429	0.161228088073660
3.063052837250046	0.142512023610424
3.180862561759663	0.120819703986845
3.298672286269280	0.096043535781860
3.416482010778897	0.068122978698424
3.534291735288514	0.037043689970165
3.652101459798131	0.002837520917910
3.769911184307748	-0.034416569520598
3.887720908817365	-0.074590688336723
4.005530633326982	-0.117505352628191
4.123340357836599	-0.162926179204856
4.241150082346216	-0.210560198186956
4.358959806855833	-0.260052184892811
4.476769531365450	-0.310981528616639
4.594579255875067	-0.362860281711316
4.712388980384684	-0.415133143135062
4.830198704894301	-0.467180204896999
4.948008429403918	-0.518323297574787
5.065818153913535	-0.567836677223697
5.183627878423152	-0.614962566728842
5.301437602932769	-0.658931677464702
5.419247327442386	-0.698988293703132
5.537057051952003	-0.734418841010824
5.654866776461621	-0.764582163330148
5.772676500971238	-0.788939123874506
5.890486225480855	-0.807078765131463
6.008295949990472	-0.818738242169216
6.126105674500089	-0.823814155411643
6.243915399009706	-0.822363739838803
6.361725123519323	-0.814595502647911
6.479534848028940	-0.800850145363978
6.597344572538557	-0.781573730487894
6.715154297048174	-0.757285855319678
6.832964021557791	-0.728545953669445
6.950773746067408	-0.695920740929339
7.068583470577025	-0.659955327285533
7.186393195086642	-0.621149788935883
7.304202919596259	-0.579942168484996
7.422012644105876	-0.536698113539169
7.539822368615493	-0.491706752817468
7.657632093125110	-0.445181996426981
7.775441817634727	-0.397268231469789
7.893251542144344	-0.348049335711997
8.011061266653961	-0.297560005559427
8.128870991163579	-0.245798542535866
8.246680715673197	-0.192740422960212
8.364490440182815	-0.138352156020334
8.482300164692433	-0.082605093195693
8.600109889202050	-0.025488972578326
8.717919613711668	0.032974943205426
8.835729338221286	0.092721251348489
8.953539062730904	0.153628457432479
9.071348787240522	0.215507907414713
9.189158511750140	0.278093947686135
9.306968236259758	0.341035823903503
9.424777960769376	0.403892020882878
9.542587685278994	0.466127937049865
9.660397409788612	0.527117938240925
9.778207134298230	0.586152893422504
9.896016858807847	0.642454195573179
10.013826583317465	0.695194951980158
10.131636307827083	0.743528446655812
10.249446032336701	0.786623134821027
10.367255756846319	0.823702394957958
10.485065481355937	0.854086188205625
10.602875205865555	0.877230878257139
10.720684930375173	0.892762995628810
10.838494654884791	0.900502894695572
10.956304379394409	0.900475137678276
11.074114103904027	0.892903961142010
11.191923828413644	0.878194076843862
11.309733552923262	0.856898955147546
11.427543277432880	0.829680252713385
11.545353001942498	0.797262896595985
11.663162726452116	0.760390419738344
11.780972450961734	0.719784539274029
11.898782175471352	0.676111896890208
12.016591899980970	0.629959613644754
12.134401624490588	0.581820101317701
12.252211349000206	0.532084595174278
12.370021073509823	0.481044213423285
12.487830798019441	0.428897010156604
12.605640522529059	0.375759419976373
12.723450247038677	0.321680616918143
12.841259971548295	0.266658548125366
12.959069696057913	0.210656686152150
13.076879420567531	0.153620822502945
13.194689145077149	0.095495466407453
13.312498869586767	0.036239598593651
13.430308594096385	-0.024158348275931
13.548118318606003	-0.085666354970256
13.665928043115620	-0.148195608445007
13.783737767625238	-0.211588374805361
13.901547492134856	-0.275607233704976
14.019357216644474	-0.339926132258741
14.137166941154092	-0.404123926214801
14.254976665663710	-0.467681292296645
14.372786390173328	-0.529982077792459
14.490596114682946	-0.590320245658849
14.608405839192564	-0.647913507487218
14.726215563702182	-0.701924442908816
14.844025288211800	-0.751489330250574
14.961835012721417	-0.795754051358672
15.079644737231035	-0.833915346640004
15.197454461740653	-0.865264535794421
15.315264186250271	-0.889229817220766
15.433073910759889	-0.905412685147518
15.550883635269507	-0.913614093426753
15.668693359779125	-0.913846862573766
15.786503084288743	-0.906332400115145
15.904312808798361	-0.891481816689203
16.022122533307979	-0.869863570519832
16.139932257817595	-0.842161439751049
16.257741982327211	-0.809127588691905
16.375551706836827	-0.771535632388413
16.493361431346443	-0.730137991220402
16.611171155856059	-0.685630694711686
16.728980880365675	-0.638627438680123
16.846790604875292	-0.589643397738088
16.964600329384908	-0.539088240900585
17.082410053894524	-0.487267085733839
17.200219778404140	-0.434387760969564
17.318029502913756	-0.380572673501847
17.435839227423372	-0.325873709585159
17.553648951932988	-0.270288855567516
17.671458676442604	-0.213779527281355
17.789268400952221	-0.156287895323490
17.907078125461837	-0.097753751216030
18.024887849971453	-0.038130657825392
18.142697574481069	0.022598741743162
18.260507298990685	0.084408320951506
18.378317023500301	0.147215042489247
18.496126748009917	0.210866647073155
18.613936472519534	0.275130727613382
18.731746197029150	0.339685636751365
18.849555921538766	0.404113888657197
