0.000000000000000	0.000000000000000
0.628318530717959	0.511213037947876
1.256637061435917	0.798422426025203
1.884955592153876	0.988202375124269
2.513274122871834	1.126246353016200
3.141592653589793	1.198364946385346
3.769911184307752	1.162546195994168
4.398229715025710	0.974588920001046
5.026548245743669	0.615065741032956
5.654866776461628	0.123176899294862
6.283185307179586	-0.392583114039674
6.911503837897545	-0.816302676498853
7.539822368615503	-1.093951881555448
8.168140899333462	-1.211001424778051
8.796459430051421	-1.150662644073583
9.424777960769379	-0.894336354277583
10.053096491487338	-0.453773826387390
10.681415022205297	0.089422352859809
11.309733552923255	0.597782095755369
11.938052083641214	0.970417902383456
12.566370614359172	1.179002227302570
13.194689145077131	1.214394175651579
13.823007675795090	1.058926396486854
14.451326206513048	0.704621042457338
15.079644737231007	0.194768123573007
15.707963267948966	-0.352138364834471
16.336281798666924	-0.803002924770591
16.964600329384883	-1.096299976601768
17.592918860102841	-1.220712031506385
18.221237390820800	-1.163345201786302
18.849555921538759	-0.907312186106950
