0.000000000000000	1.000000000000000
0.157079632679490	0.858062771272830
0.314159265358979	0.732482718830513
0.471238898038469	0.623809780400470
0.628318530717959	0.531952378698862
0.785398163397448	0.456203282011206
0.942477796076938	0.395344665720627
1.099557428756428	0.347780935792606
1.256637061435917	0.311670148693439
1.413716694115407	0.285040145781320
1.570796326794897	0.265884598544932
1.727875959474386	0.252238822113439
1.884955592153876	0.242237186523041
2.042035224833366	0.234154522235196
2.199114857512855	0.226433889607657
2.356194490192345	0.217702903625267
2.513274122871834	0.206780670911464
2.670353755551324	0.192677355036466
2.827433388230814	0.174588411490607
2.984513020910303	0.151885568500915
3.141592653589793	0.124106615757913
3.298672286269283	0.090945955817285
3.455751918948772	0.052247647701224
3.612831551628262	0.008002321147038
3.769911184307752	-0.041651136221973
3.926990816987241	-0.096418818547124
4.084070449666731	-0.155840405544809
4.241150082346221	-0.219274459292457
4.398229715025710	-0.285882801427272
4.555309347705200	-0.354617561175464
4.712388980384690	-0.424215724736530
4.869468613064179	-0.493207045899317
5.026548245743669	-0.559941570035255
5.183627878423159	-0.622642200904106
5.340707511102648	-0.679485119860271
5.497787143782138	-0.728706160201308
5.654866776461628	-0.768724835391801
5.811946409141117	-0.798270973205679
5.969026041820607	-0.816494030996305
6.126105674500097	-0.823034530512793
6.283185307179586	-0.818042030645906
6.440264939859076	-0.802134022336528
6.597344572538566	-0.776302307017760
6.754424205218055	-0.741783940804375
6.911503837897545	-0.699919467006663
7.068583470577035	-0.652020729475797
7.225663103256524	-0.599265158250162
7.382742735936014	-0.542625569503059
7.539822368615503	-0.482836869719101
7.696902001294993	-0.420395393600689
7.853981633974483	-0.355583571330987
8.011061266653972	-0.288511927314211
8.168140899333462	-0.219171308551909
8.325220532012953	-0.147489911182220
8.482300164692443	-0.073391465816420
8.639379797371934	0.003147569657486
8.796459430051424	0.082043010031634
8.953539062730915	0.163051028048727
9.110618695410405	0.245720588087042
9.267698328089896	0.329352521362860
9.424777960769386	0.412969123812176
9.581857593448877	0.495300045651065
9.738937226128368	0.574791917325118
9.896016858807858	0.649649793057150
10.053096491487349	0.717917021304499
10.210176124166839	0.777595581077607
10.367255756846330	0.826800950659243
10.524335389525820	0.863935302319095
10.681415022205311	0.887853115394513
10.838494654884801	0.897988242149134
10.995574287564292	0.894414596550228
11.152653920243782	0.877824796969613
11.309733552923273	0.849429168134796
11.466813185602764	0.810795398219146
11.623892818282254	0.763660661259521
11.780972450961745	0.709749892722701
11.938052083641235	0.650627032772428
12.095131716320726	0.587594332124706
12.252211349000216	0.521642818772561
12.409290981679707	0.453448008369930
12.566370614359197	0.383400126464783
12.723450247038688	0.311657058638015
12.880529879718178	0.238209697142553
13.037609512397669	0.162951967687676
13.194689145077160	0.085750569776095
13.351768777756650	0.006511728717947
13.508848410436141	-0.074756252757644
13.665928043115631	-0.157885228327268
13.823007675795122	-0.242495037785257
13.980087308474612	-0.327948760382068
14.137166941154103	-0.413318900978063
14.294246573833593	-0.497370093371248
14.451326206513084	-0.578565851559526
14.608405839192574	-0.655107859770014
14.765485471872065	-0.725015122444525
14.922565104551555	-0.786245877401353
15.079644737231046	-0.836857048653097
15.236724369910537	-0.875185175140618
15.393804002590027	-0.900022126799762
15.550883635269518	-0.910752871860776
15.707963267949008	-0.907425096230172
15.865042900628499	-0.890732819510829
16.022122533307989	-0.861915242869457
16.179202165987480	-0.822591420428888
16.336281798666970	-0.774564151577195
16.493361431346461	-0.719628984497100
16.650441064025951	-0.659417166946961
16.807520696705442	-0.595288933105118
16.964600329384933	-0.528280646647024
17.121679962064423	-0.459099611805660
17.278759594743914	-0.388155173751447
17.435839227423404	-0.315613594502051
17.592918860102895	-0.241465748942497
17.749998492782385	-0.165599485630731
17.907078125461876	-0.087871433709237
18.064157758141366	-0.008175451702635
18.221237390820857	0.073493494110493
18.378317023500347	0.156980547741747
18.535396656179838	0.241918003126204
18.692476288859329	0.327679905802946
18.849555921538819	0.413347655328874
