0.000000000000000	0.000000000000000
0.942477796076938	0.759399954109371
1.884955592153876	1.058758450877847
2.827433388230814	1.197110402579701
3.769911184307752	1.095653622763128
4.712388980384690	0.633301993244147
5.654866776461628	-0.130715722891759
6.597344572538566	-0.816266561189109
7.539822368615503	-1.143536811888017
8.482300164692441	-1.109237295317028
9.424777960769379	-0.668403120578619
10.367255756846317	0.103027420030645
11.309733552923255	0.809136347187321
12.252211349000193	1.145157206261120
13.194689145077131	1.112992945441706
14.137166941154069	0.672204139188852
15.079644737231007	-0.100799676424382
16.022122533307943	-0.808868197418665
16.964600329384879	-1.145531411899489
17.907078125461815	-1.113475516694522
18.849555921538752	-0.672634943502976
