0.000000000000000	0.000000000000000
0.144996584011837	0.135499134113353
0.289993168023673	0.252830331526662
0.434989752035510	0.354061487030202
0.579986336047346	0.441301015013282
0.724982920059183	0.516627291780787
0.869979504071020	0.582024425650002
1.014976088082856	0.639329856651130
1.159972672094693	0.690195460445620
1.304969256106529	0.736061668651400
1.449965840118366	0.778143085201654
1.594962424130203	0.817423723467814
1.739959008142039	0.854659990608311
1.884955592153876	0.890389704231071
2.029952176165712	0.924945633079650
2.174948760177549	0.958472258503816
2.319945344189386	0.990944641674013
2.464941928201222	1.022188454468411
2.609938512213059	1.051900397292122
2.754935096224895	1.079668392100808
2.899931680236732	1.104991107597634
3.044928264248568	1.127296545680101
3.189924848260405	1.145959589530491
3.334921432272242	1.160318577202024
3.479918016284078	1.169691111501273
3.624914600295915	1.173389438273182
3.769911184307751	1.170735811867414
3.914907768319588	1.161078309774384
4.059904352331425	1.143807548997943
4.204900936343262	1.118374684488220
4.349897520355099	1.084310923404197
4.494894104366936	1.041248556298022
4.639890688378773	0.988943178562619
4.784887272390610	0.927296352817909
4.929883856402447	0.856377464040944
5.074880440414284	0.776442992725129
5.219877024426121	0.687950964884089
5.364873608437958	0.591568058834959
5.509870192449795	0.488166908695145
5.654866776461632	0.378811679839602
5.799863360473469	0.264731065594529
5.944859944485306	0.147279397050432
6.089856528497143	0.027888333072548
6.234853112508980	-0.091986769189891
6.379849696520817	-0.210920627196245
6.524846280532654	-0.327566570152060
6.669842864544491	-0.440695222203749
6.814839448556328	-0.549220261988273
6.959836032568165	-0.652210142580979
7.104832616580002	-0.748886564795507
7.249829200591839	-0.838611989818131
7.394825784603676	-0.920869355667964
7.539822368615513	-0.995237414209530
7.684818952627350	-1.061364857886780
7.829815536639187	-1.118945848069312
7.974812120651024	-1.167698877085038
8.119808704662860	-1.207350237348400
8.264805288674697	-1.237622820062840
8.409801872686534	-1.258230557339000
8.554798456698371	-1.268878551339320
8.699795040710208	-1.269268774291308
8.844791624722045	-1.259111133096854
8.989788208733883	-1.238139625186615
9.134784792745720	-1.206133219725140
9.279781376757557	-1.162940932716968
9.424777960769394	-1.108510283673438
9.569774544781231	-1.042917896371622
9.714771128793068	-0.966400435190070
9.859767712804905	-0.879383395953914
10.004764296816742	-0.782504605875832
10.149760880828579	-0.676628815066357
10.294757464840416	-0.562849723921028
10.439754048852253	-0.442476429279258
10.584750632864090	-0.317002733896666
10.729747216875927	-0.188059985523918
10.874743800887764	-0.057356749125306
11.019740384899601	0.073388925685160
11.164736968911438	0.202517278624596
11.309733552923275	0.328487058185930
11.454730136935112	0.449921850384172
11.599726720946949	0.565638601539485
11.744723304958786	0.674657345567576
11.889719888970623	0.776193853030943
12.034716472982460	0.869638865674781
12.179713056994297	0.954528539012832
12.324709641006134	1.030510759242595
12.469706225017971	1.097311390391165
12.614702809029808	1.154703559669368
12.759699393041645	1.202482076350350
12.904695977053482	1.240444184519861
13.049692561065319	1.268377161711703
13.194689145077156	1.286052809852411
13.339685729088993	1.293228612220811
13.484682313100830	1.289655197108026
13.629678897112667	1.275089693972283
13.774675481124504	1.249314528955389
13.919672065136341	1.212161124319588
14.064668649148178	1.163537786572466
14.209665233160015	1.103460746736558
14.354661817171852	1.032086829496749
14.499658401183689	0.949745588753027
14.644654985195526	0.856968026516392
14.789651569207363	0.754508357977713
14.934648153219200	0.643354924411414
15.079644737231037	0.524726559521439
15.224641321242874	0.400051721817161
15.369637905254711	0.270929600748434
15.514634489266548	0.139075004944174
15.659631073278385	0.006251654888775
15.804627657290222	-0.125799177761251
15.949624241302059	-0.255426608065049
16.094620825313896	-0.381127025326214
16.239617409325732	-0.501584251756570
16.384613993337567	-0.615690203661073
16.529610577349402	-0.722546379335139
16.674607161361237	-0.821449054454162
16.819603745373072	-0.911862650797187
16.964600329384908	-0.993386274304132
17.109596913396743	-1.065718087001379
17.254593497408578	-1.128621311249984
17.399590081420413	-1.181894592007914
17.544586665432249	-1.225348411699852
17.689583249444084	-1.258788406819921
17.834579833455919	-1.282005827754117
17.979576417467754	-1.294775002035333
18.124573001479590	-1.296857459175108
18.269569585491425	-1.288012290018252
18.414566169503260	-1.268012279639378
18.559562753515095	-1.236665306720227
18.704559337526931	-1.193840385256989
18.849555921538766	-1.139497485047213
