0.000000000000000	0.000000000000000
0.235619449019234	0.211994972344229
0.471238898038469	0.380765307298755
0.706858347057703	0.514768192196393
0.942477796076938	0.622206107555247
1.178097245096172	0.710412488136927
1.413716694115407	0.785439027485852
1.649336143134641	0.851853419645482
1.884955592153876	0.912706992103481
2.120575041173110	0.969622548985833
2.356194490192345	1.022958281973291
2.591813939211579	1.072012496506142
2.827433388230814	1.115242761087107
3.063052837250048	1.150481611786465
3.298672286269283	1.175139342536533
3.534291735288517	1.186392472590606
3.769911184307752	1.181363487695926
4.005530633326986	1.157302392328808
4.241150082346220	1.111782352425447
4.476769531365454	1.042918986948166
4.712388980384688	0.949614287428267
4.948008429403922	0.831810669110477
5.183627878423156	0.690719163817124
5.419247327442390	0.528963665196601
5.654866776461624	0.350572244586171
5.890486225480858	0.160762208825718
6.126105674500092	-0.034484008598158
6.361725123519326	-0.228982309587246
6.597344572538560	-0.416919874165552
6.832964021557794	-0.593297338699869
7.068583470577028	-0.754148732424250
7.304202919596262	-0.896528170441014
7.539822368615496	-1.018322054169174
7.775441817634730	-1.117977649854722
8.011061266653964	-1.194233580569565
8.246680715673198	-1.245911991754588
8.482300164692433	-1.271803818442539
8.717919613711667	-1.270657685701599
8.953539062730901	-1.241271204810307
9.189158511750135	-1.182677361164802
9.424777960769369	-1.094412768841240
9.660397409788603	-0.976843083405401
9.896016858807837	-0.831500105954205
10.131636307827071	-0.661357046855594
10.367255756846305	-0.470945216894980
10.602875205865539	-0.266219682562546
10.838494654884773	-0.054134413004511
11.074114103904007	0.158014366239132
11.309733552923241	0.363317662355351
11.545353001942475	0.555856839664497
11.780972450961709	0.731031718529104
12.016591899980943	0.885576134374449
12.252211349000177	1.017329614263161
12.487830798019411	1.124886874046690
12.723450247038645	1.207242296547154
12.959069696057879	1.263509763714857
13.194689145077113	1.292757270670793
13.430308594096347	1.293966222184701
13.665928043115581	1.266109761349145
13.901547492134815	1.208338065984208
14.137166941154049	1.120253945687096
14.372786390173284	1.002252177326667
14.608405839192518	0.855876091228583
14.844025288211752	0.684116206649117
15.079644737230986	0.491550261173707
15.315264186250220	0.284225534728111
15.550883635269454	0.069236740185258
15.786503084288688	-0.145945238050516
16.022122533307922	-0.354230728316837
16.257741982327158	-0.549544951532228
16.493361431346393	-0.727178015666869
16.728980880365629	-0.883807809966587
16.964600329384865	-1.017265723743286
17.200219778404101	-1.126172546458911
17.435839227423337	-1.209567737291807
17.671458676442573	-1.266616404392037
17.907078125461808	-1.296434962095567
18.142697574481044	-1.298045252431187
18.378317023500280	-1.270450655027553
18.613936472519516	-1.212821240169187
18.849555921538752	-1.124770672278573
