0.000000000000000	1.000000000000000
0.314159265358979	0.746017352680285
0.628318530717959	0.553017614298918
0.942477796076938	0.418804718001064
1.256637061435917	0.333592156646336
1.570796326794897	0.283492973057175
1.884955592153876	0.253747573085811
2.199114857512855	0.230863242765833
2.513274122871834	0.203751740817868
2.827433388230814	0.164141123388861
3.141592653589793	0.106544931975756
3.455751918948772	0.028058571155734
3.769911184307752	-0.071778341614236
4.084070449666731	-0.190889727994689
4.398229715025710	-0.324312414556667
4.712388980384690	-0.463766956930057
5.026548245743669	-0.597602342163757
5.340707511102648	-0.711784544138745
5.654866776461628	-0.792433169560598
5.969026041820607	-0.829515790900902
6.283185307179586	-0.820008810952674
6.597344572538566	-0.768457303597268
6.911503837897545	-0.684373407430150
7.225663103256524	-0.578113290551171
7.539822368615503	-0.457583644208308
7.853981633974483	-0.327002926655815
8.168140899333462	-0.187490640197102
8.482300164692441	-0.038637893398117
8.796459430051421	0.119643414828080
9.110618695410400	0.285349933821202
9.424777960769379	0.452894329782035
9.738937226128359	0.612238723949331
10.053096491487338	0.749342435327332
10.367255756846317	0.848703069062455
10.681415022205297	0.897920399839492
10.995574287564276	0.892378434724203
11.309733552923255	0.836995178619933
11.623892818282235	0.743559318255991
11.938052083641214	0.625464204204960
12.252211349000193	0.493185739021768
12.566370614359172	0.352451493051422
12.880529879718152	0.204878925434329
13.194689145077131	0.049887868711743
13.508848410436110	-0.113101198349207
13.823007675795090	-0.282647267573691
14.137166941154069	-0.453636609856434
14.451326206513048	-0.616302847243393
14.765485471872028	-0.756591875380991
15.079644737231007	-0.858693640805725
15.393804002589986	-0.909741729131654
15.707963267948966	-0.904764892487241
16.022122533307943	-0.848672284420620
16.336281798666924	-0.753603435196962
16.650441064025905	-0.633462394895749
16.964600329384886	-0.499166596294276
17.278759594743867	-0.356701917181635
17.592918860102849	-0.207767104426538
17.907078125461830	-0.051747257067580
18.221237390820811	0.112025974577263
18.535396656179792	0.282211204144577
18.849555921538773	0.453778040085092
