0.000000000000000	0.000000000000000
0.094247779607694	0.090079904194421
0.188495559215388	0.172097163554945
0.282743338823081	0.246616286890982
0.376991118430775	0.314216909651567
0.471238898038469	0.375486283298358
0.565486677646163	0.431011235404800
0.659734457253857	0.481370256819586
0.753982236861550	0.527126153115354
0.848230016469244	0.568819524797162
0.942477796076938	0.606963211276098
1.036725575684632	0.642037741475464
1.130973355292326	0.674487772051991
1.225221134900019	0.704719455557166
1.319468914507713	0.733098659158903
1.413716694115407	0.759949944588897
1.507964473723100	0.785556217712457
1.602212253330794	0.810158958527234
1.696460032938488	0.833958947373746
1.790707812546181	0.857117409289057
1.884955592153875	0.879757504902461
1.979203371761569	0.901966102595972
2.073451151369263	0.923795772636011
2.167698930976957	0.945266949597681
2.261946710584650	0.966370214716964
2.356194490192344	0.987068654929399
2.450442269800038	1.007300260403328
2.544690049407731	1.026980327451043
2.638937829015425	1.046003838870024
2.733185608623119	1.064247799058424
2.827433388230812	1.081573506653982
2.921681167838506	1.097828752916780
3.015928947446200	1.112849939535784
3.110176727053894	1.126464114885253
3.204424506661587	1.138490932871951
3.298672286269281	1.148744543271146
3.392920065876975	1.157035426719337
3.487167845484668	1.163172191186464
3.581415625092362	1.166963349665381
3.675663404700056	1.168219100869280
3.769911184307750	1.166753135796531
3.864158963915443	1.162384492981084
3.958406743523137	1.154939483961736
4.052654523130831	1.144253707831429
4.146902302738525	1.130174169515413
4.241150082346219	1.112561510519173
4.335397861953913	1.091292353139979
4.429645641561607	1.066261749443589
4.523893421169301	1.037385714637793
4.618141200776996	1.004603810918219
4.712388980384690	0.967881732692693
4.806636759992384	0.927213827828932
4.900884539600078	0.882625473043482
4.995132319207772	0.834175205932385
5.089380098815466	0.781956502963299
5.183627878423160	0.726099083831653
5.277875658030855	0.666769619929692
5.372123437638549	0.604171730246898
5.466371217246243	0.538545163441140
5.560618996853937	0.470164091042020
5.654866776461631	0.399334473695138
5.749114556069325	0.326390508648324
5.843362335677019	0.251690219508265
5.937610115284714	0.175610304516864
6.031857894892408	0.098540412097787
6.126105674500102	0.020877056724563
6.220353454107796	-0.056982580817670
6.314601233715490	-0.134646710849180
6.408849013323184	-0.211734597305144
6.503096792930879	-0.287881597091126
6.597344572538573	-0.362743388944874
6.691592352146267	-0.435999257649072
6.785840131753961	-0.507354359425652
6.880087911361655	-0.576540955293328
6.974335690969349	-0.643318655698411
7.068583470577043	-0.707473767543515
7.162831250184738	-0.768817871036911
7.257079029792432	-0.827185777361369
7.351326809400126	-0.882433029267796
7.445574589007820	-0.934433106731693
7.539822368615514	-0.983074490910676
7.634070148223208	-1.028257724293924
7.728317927830902	-1.069892585624180
7.822565707438597	-1.107895477130761
7.916813487046291	-1.142187100660896
8.011061266653984	-1.172690479785758
8.105309046261677	-1.199329367766268
8.199556825869371	-1.222027066850379
8.293804605477064	-1.240705672848743
8.388052385084757	-1.255285750141240
8.482300164692450	-1.265686435850121
8.576547944300144	-1.271825967391333
8.670795723907837	-1.273622624413378
8.765043503515530	-1.270996073631665
8.859291283123223	-1.263869102616459
8.953539062730917	-1.252169725535948
9.047786842338610	-1.235833639542262
9.142034621946303	-1.214807004300016
9.236282401553996	-1.189049508545792
9.330530181161690	-1.158537676108631
9.424777960769383	-1.123268349292141
9.519025740377076	-1.083262269991862
9.613273519984769	-1.038567658882162
9.707521299592463	-0.989263671466099
9.801769079200156	-0.935463588370445
9.896016858807849	-0.877317578275971
9.990264638415542	-0.815014858192715
10.084512418023236	-0.748785070727289
10.178760197630929	-0.678898704912091
10.273007977238622	-0.605666408993250
10.367255756846316	-0.529437082144801
10.461503536454009	-0.450594687501423
10.555751316061702	-0.369553799031952
10.649999095669395	-0.286753974958658
10.744246875277089	-0.202653133697081
10.838494654884782	-0.117720186062724
10.932742434492475	-0.032427240714179
11.026990214100168	0.052758259604022
11.121237993707862	0.137381101181648
11.215485773315555	0.221005210249800
11.309733552923248	0.303219607159698
11.403981332530941	0.383643169757745
11.498229112138635	0.461928057531593
11.592476891746328	0.537761739443223
11.686724671354021	0.610867656049238
11.780972450961714	0.681004622686295
11.875220230569408	0.747965139715151
11.969468010177101	0.811572815366767
12.063715789784794	0.871679126523638
12.157963569392487	0.928159744799149
12.252211349000181	0.980910642935616
12.346459128607874	1.029844173872074
12.440706908215567	1.074885285905907
12.534954687823260	1.115968005824318
12.629202467430954	1.153032290643300
12.723450247038647	1.186021319784602
12.817698026646340	1.214879274479834
12.911945806254034	1.239549630564608
13.006193585861727	1.259973974718978
13.100441365469420	1.276091342328461
13.194689145077113	1.287838066919698
13.288936924684807	1.295148125841327
13.383184704292500	1.297953963704799
13.477432483900193	1.296187773230167
13.571680263507886	1.289783211717046
13.665928043115580	1.278677529558453
13.760175822723273	1.262814084246554
13.854423602330966	1.242145208448119
13.948671381938659	1.216635393299734
14.042919161546353	1.186264737566403
14.137166941154046	1.151032599404618
14.231414720761739	1.110961370157878
14.325662500369432	1.066100269296535
14.419910279977126	1.016529037250826
14.514158059584819	0.962361380090822
14.608405839192512	0.903747999113710
14.702653618800205	0.840879022425154
14.796901398407899	0.773985648075796
14.891149178015592	0.703340812926263
14.985396957623285	0.629258721485788
15.079644737230979	0.552093106779746
15.173892516838672	0.472234151363678
15.268140296446365	0.390104069044039
15.362388076054058	0.306151432097813
15.456635855661752	0.220844417616465
15.550883635269445	0.134663230928328
15.645131414877138	0.048092034058367
15.739379194484831	-0.038389246115759
15.833626974092525	-0.124312838513477
15.927874753700218	-0.209230401706928
16.022122533307911	-0.292719322602759
16.116370312915606	-0.374387784610128
16.210618092523301	-0.453878440191468
16.304865872130996	-0.530870619884606
16.399113651738691	-0.605081103848271
16.493361431346386	-0.676263564077083
16.587609210954081	-0.744206849579512
16.681856990561776	-0.808732329929405
16.776104770169471	-0.869690534466450
16.870352549777166	-0.926957327122960
16.964600329384862	-0.980429844022471
17.058848108992557	-1.030022396993459
17.153095888600252	-1.075662515371281
17.247343668207947	-1.117287264857550
17.341591447815642	-1.154839948935735
17.435839227423337	-1.188267267691127
17.530087007031032	-1.217516982284176
17.624334786638727	-1.242536111468874
17.718582566246422	-1.263269669535612
17.812830345854117	-1.279659942567765
17.907078125461812	-1.291646291326718
18.001325905069507	-1.299165463647366
18.095573684677202	-1.302152396077638
18.189821464284897	-1.300541482746207
18.284069243892592	-1.294268288212948
18.378317023500287	-1.283271679492863
18.472564803107982	-1.267496349731458
18.566812582715677	-1.246895701389513
18.661060362323372	-1.221435049594963
18.755308141931067	-1.191095095999248
18.849555921538762	-1.155875609701029
