0.000000000000000	0.000000000000000
0.942477796076938	0.712954085873000
1.884955592153876	1.076886302587311
2.827433388230814	1.260300288982273
3.769911184307752	1.212699402975732
4.712388980384690	0.811809507723607
5.654866776461628	0.086104570832085
6.597344572538566	-0.671968091367069
7.539822368615503	-1.160171982063704
8.482300164692441	-1.254535260375275
9.424777960769379	-0.899112624109238
10.367255756846317	-0.158208584320360
11.309733552923255	0.641994132595657
12.252211349000193	1.160576598055457
13.194689145077131	1.267062712883179
14.137166941154069	0.913861051371087
15.079644737231007	0.168636760422398
16.022122533307943	-0.638429444231970
16.964600329384879	-1.161410806903520
17.907078125461815	-1.269470479336992
18.849555921538752	-0.916415391050857
