0.000000000000000	1.000000000000000
0.104719755119660	0.902393723736394
0.209439510239320	0.812046040728810
0.314159265358979	0.729209488226433
0.418879020478639	0.654020620477920
0.523598775598299	0.586487138404675
0.628318530717959	0.526488924397553
0.733038285837618	0.473788036906848
0.837758040957278	0.428043846876337
0.942477796076938	0.388830546623349
1.047197551196598	0.355655147128412
1.151917306316258	0.327974773101986
1.256637061435917	0.305212574049564
1.361356816555577	0.286771920471134
1.466076571675237	0.272048780864412
1.570796326794896	0.260442310299948
1.675516081914556	0.251363753460328
1.780235837034216	0.244243796760538
1.884955592153875	0.238538512229682
1.989675347273535	0.233734031892446
2.094395102393195	0.229350083021100
2.199114857512855	0.224942506328254
2.303834612632515	0.220104873205109
2.408554367752175	0.214469315219555
2.513274122871834	0.207706679022952
2.617993877991494	0.199526121739464
2.722713633111154	0.189674264710122
2.827433388230814	0.177934025955372
2.932153143350474	0.164123252818143
3.036872898470134	0.148093275061944
3.141592653589794	0.129727494579532
3.246312408709454	0.108940120426521
3.351032163829114	0.085675146964204
3.455751918948774	0.059905658472729
3.560471674068434	0.031633525756730
3.665191429188094	0.000889539082383
3.769911184307754	-0.032266002751785
3.874630939427413	-0.067742255434187
3.979350694547073	-0.105416384249381
4.084070449666733	-0.145131787115770
4.188790204786392	-0.186696101501163
4.293509959906052	-0.229879155400597
4.398229715025711	-0.274411070063125
4.502949470145371	-0.319980770928227
4.607669225265030	-0.366235209687136
4.712388980384690	-0.412779638944016
4.817108735504349	-0.459179303882661
4.921828490624009	-0.504962912985558
5.026548245743668	-0.549628211466337
5.131268000863328	-0.592649896484005
5.235987755982987	-0.633489975238572
5.340707511102647	-0.671610474598038
5.445427266222306	-0.706488172038233
5.550147021341965	-0.737630751865040
5.654866776461625	-0.764593529105202
5.759586531581284	-0.786995666297400
5.864306286700944	-0.804534678886438
5.969026041820603	-0.816998020427474
6.073745796940263	-0.824270681229298
6.178465552059922	-0.826338021804224
6.283185307179582	-0.823283467087629
6.387905062299241	-0.815281156579398
6.492624817418901	-0.802584112695385
6.597344572538560	-0.785508887241398
6.702064327658220	-0.764417919768654
6.806784082777879	-0.739700961075607
6.911503837897539	-0.711756877742908
7.016223593017198	-0.680976982309556
7.120943348136858	-0.647730769220671
7.225663103256517	-0.612354627090427
7.330382858376177	-0.575143788738539
7.435102613495836	-0.536347507807047
7.539822368615495	-0.496167237226771
7.644542123735155	-0.454757439652048
7.749261878854814	-0.412228581362705
7.853981633974474	-0.368651839551348
7.958701389094133	-0.324065074861760
8.063421144213793	-0.278479672020793
8.168140899333453	-0.231887918026057
8.272860654453114	-0.184270658505262
8.377580409572774	-0.135605040099929
8.482300164692434	-0.085872204106058
8.587019919812095	-0.035064840253945
8.691739674931755	0.016805462913959
8.796459430051415	0.069701124401166
8.901179185171076	0.123551794931258
9.005898940290736	0.178247985707708
9.110618695410396	0.233635231428490
9.215338450530057	0.289508975483872
9.320058205649717	0.345610435289329
9.424777960769378	0.401623781363050
9.529497715889038	0.457175035594457
9.634217471008698	0.511833148865456
9.738937226128359	0.565113738751877
9.843656981248019	0.616485934907709
9.948376736367679	0.665382673577470
10.053096491487340	0.711214588737253
10.157816246607000	0.753387361204807
10.262536001726660	0.791322020634903
10.367255756846321	0.824477281491390
10.471975511965981	0.852372587321981
10.576695267085642	0.874610208745844
10.681415022205302	0.890894564588537
10.786134777324962	0.901046974643573
10.890854532444623	0.905014337193604
10.995574287564283	0.902870740037885
11.100294042683943	0.894811697110123
11.205013797803604	0.881141451946800
11.309733552923264	0.862254485336906
11.414453308042924	0.838612898609384
11.519173063162585	0.810721641841689
11.623892818282245	0.779103592215033
11.728612573401906	0.744276285673967
11.833332328521566	0.706731726774327
11.938052083641226	0.666920228175832
12.042771838760887	0.625238743476011
12.147491593880547	0.582023720517531
12.252211349000207	0.537548159131701
12.356931104119868	0.492022325331101
12.461650859239528	0.445597450722744
12.566370614359188	0.398371715111572
12.671090369478849	0.350397848720972
12.775810124598509	0.301691773704772
12.880529879718170	0.252241810681756
12.985249634837830	0.202018087328993
13.089969389957490	0.150981889971671
13.194689145077151	0.099094787405158
13.299408900196811	0.046327424205423
13.404128655316471	-0.007332073662535
13.508848410436132	-0.061870115667069
13.613568165555792	-0.117240121047709
13.718287920675452	-0.173355508094906
13.823007675795113	-0.230083298735732
13.927727430914773	-0.287238500028820
14.032447186034434	-0.344579499864531
14.137166941154094	-0.401804798037158
14.241886696273754	-0.458551476272603
14.346606451393415	-0.514395878056099
14.451326206513075	-0.568857003346478
14.556045961632735	-0.621403103482140
14.660765716752396	-0.671461866255586
14.765485471872056	-0.718434392707138
14.870205226991716	-0.761712878220222
14.974924982111377	-0.800701530425655
15.079644737231037	-0.834839817054862
15.184364492350698	-0.863626694075659
15.289084247470358	-0.886644093427804
15.393804002590018	-0.903577732834539
15.498523757709679	-0.914233318494996
15.603243512829339	-0.918546483907498
15.707963267948999	-0.916585335242416
15.812683023068660	-0.908545192471099
15.917402778188320	-0.894735918361948
16.022122533307979	-0.875562985349141
16.126842288427639	-0.851504022268376
16.231562043547299	-0.823082924021015
16.336281798666960	-0.790843665193270
16.441001553786620	-0.755325756098682
16.545721308906280	-0.717042881984933
16.650441064025941	-0.676465760991040
16.755160819145601	-0.634009732322381
16.859880574265262	-0.590027115245295
16.964600329384922	-0.544804008670520
17.069320084504582	-0.498560950274445
17.174039839624243	-0.451456720852804
17.278759594743903	-0.403594546296317
17.383479349863563	-0.355029991008347
17.488199104983224	-0.305779926160623
17.592918860102884	-0.255832070090321
17.697638615222544	-0.205154717453747
17.802358370342205	-0.153706384937399
17.907078125461865	-0.101445195725766
18.011797880581526	-0.048337897711543
18.116517635701186	0.005631540533602
18.221237390820846	0.060453787203283
18.325957145940507	0.116086488248214
18.430676901060167	0.172447143760027
18.535396656179827	0.229406614527158
18.640116411299488	0.286783415313815
18.744836166419148	0.344339028118655
18.849555921538808	0.401774554009413
