0.000000000000000	0.000000000000000
0.171359599286716	0.158292374763291
0.342719198573432	0.292046876694682
0.514078797860148	0.404610561459934
0.685438397146864	0.499362036091554
0.856797996433580	0.579563130965044
1.028157595720296	0.648231087570419
1.199517195007012	0.708043177418147
1.370876794293728	0.761275192062832
1.542236393580444	0.809770175242560
1.713595992867160	0.854931944641889
1.884955592153876	0.897737781923261
2.056315191440592	0.938765188924626
2.227674790727308	0.978228323525817
2.399034390014025	1.016020443867913
2.570393989300741	1.051759360617466
2.741753588587457	1.084833540638179
2.913113187874173	1.114447147236831
3.084472787160889	1.139662952123641
3.255832386447605	1.159442700388036
3.427191985734321	1.172685121377006
3.598551585021037	1.178262313119786
3.769911184307753	1.175055639030718
3.941270783594469	1.161992515214403
4.112630382881185	1.138085485361826
4.283989982167901	1.102474723850557
4.455349581454617	1.054474516683423
4.626709180741333	0.993623288402288
4.798068780028049	0.919735346565143
4.969428379314765	0.832950762647355
5.140787978601481	0.733777912156096
5.312147577888197	0.623121585422958
5.483507177174913	0.502288894234359
5.654866776461629	0.372966156009923
5.826226375748345	0.237163035206802
5.997585975035062	0.097125355529425
6.168945574321778	-0.044775806808198
6.340305173608494	-0.186165604800831
6.511664772895210	-0.324781344857359
6.683024372181926	-0.458567466158666
6.854383971468642	-0.585738543675123
7.025743570755358	-0.704805839903612
7.197103170042074	-0.814569656140914
7.368462769328790	-0.914084863639682
7.539822368615506	-1.002609635030641
7.711181967902222	-1.079547613529971
7.882541567188938	-1.144392258638945
8.053901166475654	-1.196679794502356
8.225260765762370	-1.235954819003132
8.396620365049085	-1.261750671707299
8.567979964335800	-1.273585278745497
8.739339563622515	-1.270972349928734
8.910699162909230	-1.253447327903035
9.082058762195945	-1.220607149130484
9.253418361482661	-1.172162418882250
9.424777960769376	-1.107999783911457
9.596137560056091	-1.028250917711216
9.767497159342806	-0.933362557372489
9.938856758629521	-0.824159640102197
10.110216357916237	-0.701891342366624
10.281575957202952	-0.568248687935131
10.452935556489667	-0.425343542710457
10.624295155776382	-0.275643165898643
10.795654755063097	-0.121861999417346
10.967014354349812	0.033178444154369
11.138373953636528	0.186702666494750
11.309733552923243	0.336124354112553
11.481093152209958	0.479158626331955
11.652452751496673	0.613889535585884
11.823812350783388	0.738788920464907
11.995171950070104	0.852692101677727
12.166531549356819	0.954742272063235
12.337891148643534	1.044317867920716
12.509250747930249	1.120956292666304
12.680610347216964	1.184284437002795
12.851969946503679	1.233962882024694
13.023329545790395	1.269647463451268
13.194689145077110	1.290969491875568
13.366048744363825	1.297534434196165
13.537408343650540	1.288938086805912
13.708767942937255	1.264798919831780
13.880127542223970	1.224805020281187
14.051487141510686	1.168773597381009
14.222846740797401	1.096720065208126
14.394206340084116	1.008932111577777
14.565565939370831	0.906041916883269
14.736925538657546	0.789087147021652
14.908285137944262	0.659549290123407
15.079644737230977	0.519357512701645
15.251004336517692	0.370848720831192
15.422363935804407	0.216680591404465
15.593723535091122	0.059703341600162
15.765083134377837	-0.097194332402074
15.936442733664553	-0.251242673142263
16.107802332951270	-0.399927570537309
16.279161932237987	-0.541087214254329
16.450521531524704	-0.672958707673416
16.621881130811420	-0.794175351611354
16.793240730098137	-0.903724008213291
16.964600329384854	-1.000876743734390
17.135959928671571	-1.085111676284275
17.307319527958288	-1.156035743326657
17.478679127245005	-1.213318500445536
17.650038726531722	-1.256642374087609
17.821398325818439	-1.285671795769849
17.992757925105156	-1.300041613428918
18.164117524391873	-1.299364026075915
18.335477123678590	-1.283252756068893
18.506836722965307	-1.251362927824362
18.678196322252024	-1.203444827246190
18.849555921538741	-1.139409066278585
