0.000000000000000	0.000000000000000
0.269279370307697	0.239143091559357
0.538558740615393	0.423907272889239
0.807838110923090	0.566655476091251
1.077117481230786	0.679029454433558
1.346396851538483	0.770895735153037
1.615676221846179	0.849750413527181
1.884955592153876	0.920540621290204
2.154234962461572	0.985784115464705
2.423514332769269	1.045871743289134
2.692793703076966	1.099461619834205
2.962073073384662	1.143899883104473
3.231352443692359	1.175628022579164
3.500631814000055	1.190561069518178
3.769911184307752	1.184442942215930
4.039190554615448	1.153201794194913
4.308469924923145	1.093335248686083
4.577749295230841	1.002348214858489
4.847028665538538	0.879239405163274
5.116308035846235	0.724983732951325
5.385587406153931	0.542893901334085
5.654866776461628	0.338695260246167
5.924146146769324	0.120165242583624
6.193425517077021	-0.103687149629343
6.462704887384717	-0.323725978451143
6.731984257692414	-0.531744368879547
7.001263628000110	-0.721148044409570
7.270542998307807	-0.887120512849047
7.539822368615503	-1.026346274949952
7.809101738923200	-1.136502662690840
8.078381109230897	-1.215739952488010
8.347660479538593	-1.262301791120275
8.616939849846290	-1.274358783266668
8.886219220153986	-1.250073075019690
9.155498590461683	-1.187883691219558
9.424777960769379	-1.086985408415112
9.694057331077076	-0.947946628386186
9.963336701384772	-0.773357453390398
10.232616071692469	-0.568321648236521
10.501895442000166	-0.340549112587929
10.771174812307862	-0.099850352833869
11.040454182615559	0.142962409989999
11.309733552923255	0.377470303132470
11.579012923230952	0.594859434290663
11.848292293538648	0.788555816325245
12.117571663846345	0.954186544344526
12.386851034154041	1.089057339304762
12.656130404461738	1.191453696551376
12.925409774769435	1.260024976260202
13.194689145077131	1.293396143809667
13.463968515384828	1.290053397244763
13.733247885692524	1.248495421695053
14.002527256000221	1.167619899069952
14.271806626307917	1.047298915344616
14.541085996615614	0.889061414286254
14.810365366923310	0.696733293745102
15.079644737231007	0.476805848023651
15.348924107538704	0.238278910741723
15.618203477846400	-0.008155166911457
15.887482848154097	-0.251444027122879
16.156762218461793	-0.481595856994790
16.426041588769490	-0.690688470090854
16.695320959077186	-0.873185043200507
16.964600329384883	-1.025613390494984
17.233879699692579	-1.145893135032015
17.503159070000276	-1.232624069831110
17.772438440307972	-1.284549559690660
18.041717810615669	-1.300288790027394
18.310997180923366	-1.278350681880264
18.580276551231062	-1.217405471608400
18.849555921538759	-1.116774712279501
