0.000000000000000	0.000000000000000
0.104719755119660	0.099610862893242
0.209439510239320	0.189377375803149
0.314159265358979	0.270073475382556
0.418879020478639	0.342493664432997
0.523598775598299	0.407440047769794
0.628318530717959	0.465708796304158
0.733038285837618	0.518077226764890
0.837758040957278	0.565292225761096
0.942477796076938	0.608060403123620
1.047197551196598	0.647040117422475
1.151917306316258	0.682835357246884
1.256637061435917	0.715991365304933
1.361356816555577	0.746991840611813
1.466076571675237	0.776257532185480
1.570796326794896	0.804146034482460
1.675516081914556	0.830952602247599
1.780235837034216	0.856911815159493
1.884955592153875	0.882199937322150
1.989675347273535	0.906937831455597
2.094395102393195	0.931194301744479
2.199114857512855	0.954989752508855
2.303834612632515	0.978300062307355
2.408554367752175	1.001060585063605
2.513274122871834	1.023170201638007
2.617993877991494	1.044495357204416
2.722713633111154	1.064874031986274
2.827433388230814	1.084119605388841
2.932153143350474	1.102024586242977
3.036872898470134	1.118364194556839
3.141592653589794	1.132899792579406
3.246312408709454	1.145382174784430
3.351032163829114	1.155554737226825
3.455751918948774	1.163156556238939
3.560471674068434	1.167925414259645
3.665191429188094	1.169600816371044
3.769911184307754	1.167927044506152
3.874630939427413	1.162656296929074
3.979350694547073	1.153551958098696
4.084070449666733	1.140392037998649
4.188790204786392	1.122972810011986
4.293509959906052	1.101112661994454
4.398229715025711	1.074656155960474
4.502949470145371	1.043478267491326
4.607669225265030	1.007488746644680
4.712388980384690	0.966636508304768
4.817108735504349	0.920913922776410
4.921828490624009	0.870360839122203
5.026548245743668	0.815068137477547
5.131268000863328	0.755180576673166
5.235987755982987	0.690898685202653
5.340707511102647	0.622479442607521
5.445427266222306	0.550235520089243
5.550147021341965	0.474532897542062
5.654866776461625	0.395786750516252
5.759586531581284	0.314455602378046
5.864306286700944	0.231033857205806
5.969026041820603	0.146042956523897
6.073745796940263	0.060021523412450
6.178465552059922	-0.026485044686146
6.283185307179582	-0.112935011971712
6.387905062299241	-0.198800231723951
6.492624817418901	-0.283575062540138
6.597344572538560	-0.366783851310882
6.702064327658220	-0.447986676981557
6.806784082777879	-0.526783185997858
6.911503837897539	-0.602814491388548
7.016223593017198	-0.675763237277470
7.120943348136858	-0.745352037238678
7.225663103256517	-0.811340571052208
7.330382858376177	-0.873521667805338
7.435102613495836	-0.931716715953951
7.539822368615495	-0.985770728033789
7.644542123735155	-1.035547355977373
7.749261878854814	-1.080924109595916
7.853981633974474	-1.121787982247392
7.958701389094133	-1.158031639318403
8.063421144213793	-1.189550280695954
8.168140899333453	-1.216239250218832
8.272860654453114	-1.237992434211125
8.377580409572774	-1.254701467621637
8.482300164692434	-1.266255749281313
8.587019919812095	-1.272543256095452
8.691739674931755	-1.273452138036884
8.796459430051415	-1.268873069842011
8.901179185171076	-1.258702329478653
9.005898940290736	-1.242845565868169
9.110618695410396	-1.221222207155916
9.215338450530057	-1.193770444316257
9.320058205649717	-1.160452701612223
9.424777960769378	-1.121261474468917
9.529497715889038	-1.076225376536878
9.634217471008698	-1.025415192179338
9.738937226128359	-0.968949680971050
9.843656981248019	-0.907000831633196
9.948376736367679	-0.839798220802738
10.053096491487340	-0.767632105629748
10.157816246607000	-0.690854877954957
10.262536001726660	-0.609880540939303
10.367255756846321	-0.525181943374282
10.471975511965981	-0.437285624783219
10.576695267085642	-0.346764281481760
10.681415022205302	-0.254227047883640
10.786134777324962	-0.160307979052238
10.890854532444623	-0.065653295345684
10.995574287564283	0.029091917395642
11.100294042683943	0.123296789588808
11.205013797803604	0.216356775967019
11.309733552923264	0.307704117973994
11.414453308042924	0.396816137374300
11.519173063162585	0.483221030830204
11.623892818282245	0.566501045541261
11.728612573401906	0.646293117295031
11.833332328521566	0.722287222493172
11.938052083641226	0.794222820608585
12.042771838760887	0.861883837439299
12.147491593880547	0.925092664561957
12.252211349000207	0.983703634338780
12.356931104119868	1.037596383610516
12.461650859239528	1.086669454479698
12.566370614359188	1.130834407974996
12.671090369478849	1.170010654388714
12.775810124598509	1.204121138659336
12.880529879718170	1.233088963836791
12.985249634837830	1.256834991846567
13.089969389957490	1.275276428305483
13.194689145077151	1.288326375796965
13.299408900196811	1.295894325882192
13.404128655316471	1.297887551949984
13.508848410436132	1.294213360396931
13.613568165555792	1.284782154170382
13.718287920675452	1.269511258050064
13.823007675795113	1.248329446953893
13.927727430914773	1.221182104982866
14.032447186034434	1.188036922136509
14.137166941154094	1.148890006424013
14.241886696273754	1.103772251081691
14.346606451393415	1.052755750617584
14.451326206513075	0.995960007927341
14.556045961632735	0.933557622301369
14.660765716752396	0.865779101568295
14.765485471872056	0.792916409784186
14.870205226991716	0.715324855037603
14.974924982111377	0.633422950306960
15.079644737231037	0.547689951963069
15.184364492350698	0.458660898940082
15.289084247470358	0.366919137348891
15.393804002590018	0.273086508534658
15.498523757709679	0.177811583231111
15.603243512829339	0.081756514558187
15.707963267948999	-0.014416769483081
15.812683023068660	-0.110060231462277
15.917402778188320	-0.204552444204449
16.022122533307979	-0.297309642691476
16.126842288427639	-0.387794539469040
16.231562043547299	-0.475522537532331
16.336281798666960	-0.560065198275070
16.441001553786620	-0.641051037720272
16.545721308906280	-0.718163907757148
16.650441064025941	-0.791139354544678
16.755160819145601	-0.859759427067786
16.859880574265262	-0.923846437034542
16.964600329384922	-0.983256155145635
17.069320084504582	-1.037870879992226
17.174039839624243	-1.087592747050627
17.278759594743903	-1.132337567929609
17.383479349863563	-1.172029413371500
17.488199104983224	-1.206596083937031
17.592918860102884	-1.235965553574898
17.697638615222544	-1.260063424900850
17.802358370342205	-1.278811400799484
17.907078125461865	-1.292126753571999
18.011797880581526	-1.299922758246006
18.116517635701186	-1.302110048445036
18.221237390820846	-1.298598848862461
18.325957145940507	-1.289302035378384
18.430676901060167	-1.274138969758873
18.535396656179827	-1.253040048376352
18.640116411299488	-1.225951891380557
18.744836166419148	-1.192843078446204
18.849555921538808	-1.153710308367121
