0.000000000000000	0.000000000000000
0.188495559215388	0.172870939081112
0.376991118430775	0.316601744669474
0.565486677646163	0.435620365282759
0.753982236861550	0.534358759173271
0.942477796076938	0.617022185435931
1.130973355292326	0.687401782949344
1.319468914507713	0.748746039124957
1.507964473723101	0.803689177706449
1.696460032938488	0.854227270227802
1.884955592153876	0.901731172996630
2.073451151369264	0.946986083272796
2.261946710584651	0.990248958562862
2.450442269800039	1.031316580064769
2.638937829015426	1.069598494632023
2.827433388230813	1.104190464196888
3.015928947446201	1.133945441511269
3.204424506661588	1.157540487581118
3.392920065876976	1.173539402320868
3.581415625092363	1.180452063992719
3.769911184307750	1.176792450138620
3.958406743523138	1.161137920791480
4.146902302738526	1.132192456808992
4.335397861953913	1.088856023081080
4.523893421169300	1.030300914585641
4.712388980384688	0.956053704490194
4.900884539600075	0.866078217607270
5.089380098815463	0.760851050228611
5.277875658030850	0.641417295578535
5.466371217246238	0.509411680830570
5.654866776461625	0.367031073629293
5.843362335677012	0.216949794782432
6.031857894892400	0.062179510524820
6.220353454107787	-0.094111501642273
6.408849013323175	-0.248793501317003
6.597344572538562	-0.398953478213836
6.785840131753949	-0.542028642920093
6.974335690969337	-0.675878677215844
7.162831250184724	-0.798794697647133
7.351326809400112	-0.909455611400093
7.539822368615499	-1.006850124189448
7.728317927830886	-1.090184403594165
7.916813487046274	-1.158792739101982
8.105309046261661	-1.212063727271849
8.293804605477050	-1.249389514489872
8.482300164692438	-1.270141617272166
8.670795723907826	-1.273674176719493
8.859291283123214	-1.259353994019699
9.047786842338603	-1.226615836243031
9.236282401553991	-1.175040665956641
9.424777960769379	-1.104452988289552
9.613273519984768	-1.015030881487308
9.801769079200156	-0.907418248242386
9.990264638415544	-0.782823804528397
10.178760197630933	-0.643086723616364
10.367255756846321	-0.490687174225034
10.555751316061709	-0.328684166443174
10.744246875277097	-0.160574902397373
10.932742434492486	0.009912199190279
11.121237993707874	0.179059911768750
11.309733552923262	0.343397323899474
11.498229112138651	0.499885771826666
11.686724671354039	0.646027272217392
11.875220230569427	0.779887783292410
12.063715789784816	0.900047153800973
12.252211349000204	1.005499932928471
12.440706908215592	1.095534566535876
12.629202467430980	1.169614895013353
12.817698026646369	1.227280845777600
13.006193585861757	1.268077913826665
13.194689145077145	1.291519268464798
13.383184704292534	1.297080651291584
13.571680263507922	1.284226333171694
13.760175822723310	1.252463566622616
13.948671381938698	1.201422376207895
14.137166941154087	1.130956371709434
14.325662500369475	1.041257885170647
14.514158059584863	0.932976793395391
14.702653618800252	0.807327228329246
14.891149178015640	0.666161395889432
15.079644737231028	0.511987517989355
15.268140296446417	0.347912671667363
15.456635855661805	0.177503131133677
15.645131414877193	0.004573549817450
15.833626974092581	-0.167063600311398
16.022122533307968	-0.333843679016877
16.210618092523355	-0.492646018482631
16.399113651738741	-0.640909827287207
16.587609210954128	-0.776660888416003
16.776104770169514	-0.898460967362684
16.964600329384901	-1.005305154449039
17.153095888600287	-1.096496092838639
17.341591447815674	-1.171520280701932
17.530087007031060	-1.229944192844024
17.718582566246447	-1.271340219798974
17.907078125461833	-1.295246328431586
18.095573684677220	-1.301159480635412
18.284069243892606	-1.288560876125882
18.472564803107993	-1.256970260164082
18.661060362323379	-1.206025989721422
18.849555921538766	-1.135586451324227
