0.000000000000000	1.000000000000000
0.099208189060730	0.907185792426797
0.198416378121461	0.820891358633650
0.297624567182191	0.741338876876715
0.396832756242921	0.668658445817892
0.496040945303652	0.602876674435501
0.595249134364382	0.543915956959404
0.694457323425112	0.491600892015960
0.793665512485842	0.445669044407696
0.892873701546573	0.405783954414724
0.992081890607303	0.371548914151634
1.091290079668034	0.342520528221587
1.190498268728764	0.318221455171335
1.289706457789494	0.298151999456566
1.388914646850225	0.281800409522339
1.488122835910955	0.268651856234436
1.587331024971685	0.258196135685152
1.686539214032416	0.249934176769352
1.785747403093146	0.243383448953599
1.884955592153877	0.238082368255729
1.984163781214607	0.233593795834793
2.083371970275337	0.229507717831269
2.182580159336067	0.225443189628722
2.281788348396797	0.221049623774004
2.380996537457527	0.216007498805432
2.480204726518258	0.210028566059755
2.579412915578988	0.202855632686011
2.678621104639718	0.194262000941932
2.777829293700448	0.184050645687986
2.877037482761178	0.172053213162749
2.976245671821908	0.158128924054093
3.075453860882639	0.142163462137427
3.174662049943369	0.124067926042799
3.273870239004099	0.103777915880550
3.373078428064829	0.081252818454925
3.472286617125559	0.056475344653454
3.571494806186289	0.029451360371506
3.670702995247019	0.000210038052780
3.769911184307750	-0.031195660419918
3.869119373368480	-0.064688177255056
3.968327562429210	-0.100164257299175
4.067535751489940	-0.137493603521017
4.166743940550671	-0.176517367305017
4.265952129611401	-0.217046579932354
4.365160318672132	-0.258860662241844
4.464368507732862	-0.301706181137538
4.563576696793593	-0.345296052456392
4.662784885854323	-0.389309416779696
4.761993074915054	-0.433392433927948
4.861201263975785	-0.477160247835189
4.960409453036515	-0.520200360139128
5.059617642097246	-0.562077611881851
5.158825831157976	-0.602340902873543
5.258034020218707	-0.640531674627489
5.357242209279438	-0.676194046518213
5.456450398340168	-0.708886332759966
5.555658587400899	-0.738193493308603
5.654866776461629	-0.763739904529614
5.754074965522360	-0.785201699638165
5.853283154583091	-0.802317849731991
5.952491343643821	-0.814899155201527
6.051699532704552	-0.822834407039782
6.150907721765282	-0.826093157652019
6.250115910826013	-0.824724795793228
6.349324099886744	-0.818853921206955
6.448532288947474	-0.808672323300662
6.547740478008205	-0.794428144512045
6.646948667068935	-0.776413018044697
6.746156856129666	-0.754948088221650
6.845365045190396	-0.730369841853393
6.944573234251127	-0.703016608010936
7.043781423311858	-0.673216440889144
7.142989612372588	-0.641276912662510
7.242197801433319	-0.607477138627501
7.341405990494049	-0.572062160623204
7.440614179554780	-0.535239645584882
7.539822368615511	-0.497178725399578
7.639030557676241	-0.458010716014098
7.738238746736972	-0.417831406125314
7.837446935797702	-0.376704592895889
7.936655124858433	-0.334666556018714
8.035863313919164	-0.291731193610334
8.135071502979894	-0.247895585946387
8.234279692040625	-0.203145799288189
8.333487881101355	-0.157462786786089
8.432696070162086	-0.110828282906009
8.531904259222816	-0.063230619450548
8.631112448283547	-0.014670413412387
8.730320637344278	0.034833911352736
8.829528826405008	0.085240805818324
8.928737015465739	0.136480528291985
9.027945204526469	0.188450396364502
9.127153393587200	0.241010458405659
9.226361582647931	0.293979725107262
9.325569771708661	0.347133148448081
9.424777960769392	0.400199584836177
9.523986149830122	0.452861025180237
9.623194338890853	0.504753409202327
9.722402527951584	0.555469354331385
9.821610717012314	0.604563109541245
9.920818906073045	0.651557980115928
10.020027095133775	0.695956351478195
10.119235284194506	0.737252265173022
10.218443473255236	0.774946272686163
10.317651662315967	0.808562029058563
10.416859851376698	0.837663816527084
10.516068040437428	0.861873947487006
10.615276229498159	0.880888830137249
10.714484418558889	0.894492430614469
10.813692607619620	0.902565960925000
10.912900796680351	0.905092869518648
11.012108985741081	0.902158590991185
11.111317174801812	0.893944977221513
11.210525363862542	0.880719819900449
11.309733552923273	0.862822313866667
11.408941741984004	0.840645640720040
11.508149931044734	0.814618032639842
11.607358120105465	0.785183694675628
11.706566309166195	0.752784834907623
11.805774498226926	0.717845811809702
11.904982687287657	0.680760104136468
12.004190876348387	0.641880488759741
12.103399065409118	0.601512516611620
12.202607254469848	0.559911134295500
12.301815443530579	0.517280123275283
12.401023632591309	0.473773921891777
12.500231821652040	0.429501350802395
12.599440010712771	0.384530767477806
12.698648199773501	0.338896215780151
12.797856388834232	0.292604198515595
12.897064577894962	0.245640772302712
12.996272766955693	0.197978735880277
13.095480956016424	0.149584748537403
13.194689145077154	0.100426270476242
13.293897334137885	0.050478259228262
13.393105523198615	-0.000270415365279
13.492313712259346	-0.051810860924739
13.591521901320077	-0.104108380236073
13.690730090380807	-0.157097053494555
13.789938279441538	-0.210674747912612
13.889146468502268	-0.264698655291725
13.988354657562999	-0.318981505474746
14.087562846623729	-0.373288657206818
14.186771035684460	-0.427336322870326
14.285979224745191	-0.480791232693688
14.385187413805921	-0.533272077879285
14.484395602866652	-0.584353079065619
14.583603791927382	-0.633569993902742
14.682811980988113	-0.680428793255503
14.782020170048844	-0.724417091123082
14.881228359109574	-0.765018207195761
14.980436548170305	-0.801727481941489
15.079644737231035	-0.834070174080495
15.178852926291766	-0.861619984351401
15.278061115352497	-0.884017012792037
15.377269304413227	-0.900983817725136
15.476477493473958	-0.912338244798111
15.575685682534688	-0.918001857528598
15.674893871595419	-0.918003123999568
15.774102060656150	-0.912474964694079
15.873310249716880	-0.901646784785344
15.972518438777611	-0.885831626030842
16.071726627838341	-0.865409504383068
16.170934816899070	-0.840808290799955
16.270143005959799	-0.812483612780994
16.369351195020528	-0.780899202349340
16.468559384081257	-0.746508919869467
16.567767573141985	-0.709741388302437
16.666975762202714	-0.670987832464274
16.766183951263443	-0.630593382122789
16.865392140324172	-0.588851804619229
16.964600329384901	-0.546003405590332
17.063808518445629	-0.502235684123899
17.163016707506358	-0.457686248268688
17.262224896567087	-0.412447477281772
17.361433085627816	-0.366572443430412
17.460641274688545	-0.320081662964712
17.559849463749273	-0.272970318930363
17.659057652810002	-0.225215676351229
17.758265841870731	-0.176784484540370
17.857474030931460	-0.127640226252474
17.956682219992189	-0.077750125712734
18.055890409052918	-0.027091865565170
18.155098598113646	0.024340014098565
18.254306787174375	0.076528053160524
18.353514976235104	0.129426169931453
18.452723165295833	0.182954364928149
18.551931354356562	0.236993906577230
18.651139543417290	0.291383118752851
18.750347732478019	0.345913941752705
18.849555921538748	0.400329494348024
