0.000000000000000	0.000000000000000
0.471238898038469	0.391290856220416
0.942477796076938	0.649677943800016
1.413716694115407	0.829185704957590
1.884955592153876	0.967417834155420
2.356194490192345	1.080883784418766
2.827433388230814	1.167855992973705
3.298672286269283	1.214209928628991
3.769911184307752	1.199618681707539
4.241150082346221	1.103585554700973
4.712388980384690	0.912143547567938
5.183627878423159	0.625691513636738
5.654866776461628	0.265473478545367
6.126105674500097	-0.127559443990101
6.597344572538566	-0.505163716340829
7.068583470577035	-0.827811793361670
7.539822368615503	-1.071563183343484
8.011061266653972	-1.223586052159474
8.482300164692440	-1.274510153816745
8.953539062730908	-1.214905057172911
9.424777960769376	-1.038060733723128
9.896016858807844	-0.748061627213630
10.367255756846312	-0.369092561271245
10.838494654884780	0.052559448051197
11.309733552923248	0.460861925442111
11.780972450961716	0.809550988291876
12.252211349000184	1.071853408180466
12.723450247038652	1.235506479014127
13.194689145077120	1.293004281176982
13.665928043115589	1.236551182236407
14.137166941154057	1.060331217286364
14.608405839192525	0.768725844802808
15.079644737230993	0.386127593893877
15.550883635269461	-0.040508997528153
16.022122533307929	-0.453987809045716
16.493361431346397	-0.806989475742602
16.964600329384865	-1.072313078824011
17.435839227423333	-1.237826077430067
17.907078125461801	-1.296353405866790
18.378317023500269	-1.240376840949354
18.849555921538737	-1.064225073292092
