0.000000000000000	1.000000000000000
0.117809724509617	0.891161010053717
0.235619449019234	0.791489644189172
0.353429173528852	0.701315248360988
0.471238898038469	0.620776319956714
0.589048622548086	0.549805429837366
0.706858347057703	0.488138406737952
0.824668071567321	0.435337696979902
0.942477796076938	0.390822581229979
1.060287520586555	0.353901340918836
1.178097245096172	0.323802357645807
1.295906969605790	0.299702490746874
1.413716694115407	0.280751985143000
1.531526418625024	0.266095717855766
1.649336143134641	0.254890900174030
1.767145867644259	0.246321500007528
1.884955592153876	0.239609701153209
2.002765316663493	0.234024718864193
2.120575041173110	0.228889273738256
2.238384765682727	0.223584005687746
2.356194490192344	0.217550095063375
2.474004214701961	0.210290351547902
2.591813939211578	0.201369032315389
2.709623663721195	0.190410656326704
2.827433388230812	0.177098087874592
2.945243112740429	0.161170165993109
3.063052837250046	0.142419154039722
3.180862561759663	0.120688273404763
3.298672286269280	0.095869565563556
3.416482010778897	0.067902297014793
3.534291735288514	0.036772082040692
3.652101459798131	0.002510848887854
3.769911184307748	-0.034802284014605
3.887720908817365	-0.075039224106310
4.005530633326982	-0.118020294933444
4.123340357836599	-0.163510973777043
4.241150082346216	-0.211218253489546
4.358959806855833	-0.260787020591670
4.476769531365450	-0.311796965012411
4.594579255875067	-0.363760660161244
4.712388980384684	-0.416123560798687
4.830198704894301	-0.468266738319139
4.948008429403918	-0.519513179111878
5.065818153913535	-0.569138377507633
5.183627878423152	-0.616385727820499
5.301437602932769	-0.660486838820286
5.419247327442386	-0.700686360946883
5.537057051952003	-0.736270269628435
5.654866776461621	-0.766595867333494
5.772676500971238	-0.791121170654116
5.890486225480855	-0.809430974229833
6.008295949990472	-0.821256854931676
6.126105674500089	-0.826488769734041
6.243915399009706	-0.825176697392440
6.361725123519323	-0.817521870255368
6.479534848028940	-0.803858353245089
6.597344572538557	-0.784626833392905
6.715154297048174	-0.760343289250465
6.832964021557791	-0.731565591288749
6.950773746067408	-0.698861016355913
7.068583470577025	-0.662777209083405
7.186393195086642	-0.623818422209289
7.304202919596259	-0.582428070048900
7.422012644105876	-0.538977873164439
7.539822368615493	-0.493763255666531
7.657632093125110	-0.447004228624364
7.775441817634727	-0.398850758973559
7.893251542144344	-0.349391557151152
8.011061266653961	-0.298665276031537
8.128870991163579	-0.246673252167531
8.246680715673197	-0.193393095850187
8.364490440182815	-0.138792615700896
8.482300164692433	-0.082843722536702
8.600109889202050	-0.025536080622825
8.717919613711668	0.033109646996495
8.835729338221286	0.093029083473319
8.953539062730904	0.154102100599430
9.071348787240522	0.216141680132642
9.189158511750140	0.278884018038390
9.306968236259758	0.341980378875478
9.424777960769376	0.404991396082755
9.542587685278994	0.467384701834188
9.660397409788612	0.528536918160493
9.778207134298230	0.587741096324772
9.896016858807847	0.644220591764773
10.013826583317465	0.697150046532781
10.131636307827083	0.745683579065842
10.249446032336701	0.788989454640580
10.367255756846319	0.826289497441724
10.485065481355937	0.856900452962001
10.602875205865555	0.880273630381890
10.720684930375173	0.896028687804463
10.838494654884791	0.903977568058214
10.956304379394409	0.904135435595903
11.074114103904027	0.896716927859528
11.191923828413644	0.882117872333562
11.309733552923262	0.860884477047566
11.427543277432880	0.833673508450799
11.545353001942498	0.801207849535777
11.663162726452116	0.764231969665068
11.780972450961734	0.723471300010162
11.898782175471352	0.679598494490000
12.016591899980970	0.633208326385436
12.134401624490588	0.584801771944455
12.252211349000206	0.534778844020267
12.370021073509823	0.483439053597677
12.487830798019441	0.430988007582636
12.605640522529059	0.377548553756645
12.723450247038677	0.323174985918116
12.841259971548295	0.267869045999879
12.959069696057913	0.211596736927651
13.076879420567531	0.154305238167627
13.194689145077149	0.095939460580609
13.312498869586767	0.036457968211269
13.430308594096385	-0.024151877637299
13.548118318606003	-0.085859635306797
13.665928043115620	-0.148578448249727
13.783737767625238	-0.212152813859611
13.901547492134856	-0.276347735478508
14.019357216644474	-0.340839711173136
14.137166941154092	-0.405210219506128
14.254976665663710	-0.468942575548706
14.372786390173328	-0.531423209450620
14.490596114682946	-0.591948509684159
14.608405839192564	-0.649738306765960
14.726215563702182	-0.703956782940864
14.844025288211800	-0.753741028841681
14.961835012721417	-0.798236622604457
15.079644737231035	-0.836638542644833
15.197454461740653	-0.868234589440853
15.315264186250271	-0.892447508363191
15.433073910759889	-0.908871435654059
15.550883635269507	-0.917298360279058
15.668693359779125	-0.917731117633235
15.786503084288743	-0.910380942654816
15.904312808798361	-0.895649559340756
16.022122533307979	-0.874097789957707
16.139932257817595	-0.846404324917139
16.257741982327211	-0.813319290634820
16.375551706836827	-0.775617450853399
16.493361431346443	-0.734055335698739
16.611171155856059	-0.689335523441546
16.728980880365675	-0.642079985253206
16.846790604875292	-0.592813113394624
16.964600329384908	-0.541953986650689
17.082410053894524	-0.489816686322800
17.200219778404140	-0.436617076686256
17.318029502913756	-0.382484358400246
17.435839227423372	-0.327475813245481
17.553648951932988	-0.271593399117106
17.671458676442604	-0.214801151367594
17.789268400952221	-0.157042644456226
17.907078125461837	-0.098258029451128
18.024887849971453	-0.038400367179417
18.142697574481069	0.022548885949237
18.260507298990685	0.084565314833485
18.378317023500301	0.147567981515508
18.496126748009917	0.211407002089183
18.613936472519534	0.275852532240857
18.731746197029150	0.340585604654762
18.849555921538766	0.405191471388820
