0.000000000000000	0.100000000000000
0.942477796076938	0.097172566611769
1.884955592153876	0.032810374727068
2.827433388230814	-0.159520609111998
3.769911184307752	-0.359662230246352
4.712388980384690	-0.380764613365696
5.654866776461628	-0.372454907653516
6.597344572538566	-0.417093961587464
7.539822368615503	-0.165926634142079
8.482300164692441	0.643424431493062
9.424777960769379	1.689428115498604
10.367255756846317	2.296984141209861
11.309733552923255	2.054086221243450
12.252211349000193	2.024520882520842
13.194689145077131	1.958168908261925
14.137166941154069	1.722602901488193
15.079644737231007	0.926314368623294
16.022122533307943	1.583082433900300
16.964600329384879	2.192883442193391
17.907078125461815	2.137808174420241
18.849555921538752	2.188254409436272
