0.000000000000000	0.100000000000000
0.104719755119660	0.099685840734641
0.209439510239320	0.099500129835017
0.314159265358979	0.099404678002864
0.418879020478639	0.099340169888286
0.523598775598299	0.099227327430359
0.628318530717959	0.098968432383549
0.733038285837618	0.098449282225808
0.837758040957278	0.097541664314207
0.942477796076938	0.096106431901118
1.047197551196598	0.093997250963998
1.151917306316258	0.091065058012899
1.256637061435917	0.087163226391305
1.361356816555577	0.082153383560657
1.466076571675237	0.075911757315772
1.570796326794896	0.068335859093445
1.675516081914556	0.059351243070706
1.780235837034216	0.048918017109482
1.884955592153875	0.037036732706844
1.989675347273535	0.023753252594305
2.094395102393195	0.009162192120003
2.199114857512855	-0.006591442022898
2.303834612632515	-0.023312733051184
2.408554367752175	-0.040759682590632
2.513274122871834	-0.058648495835843
2.617993877991494	-0.076661292662014
2.722713633111154	-0.094456059136687
2.827433388230814	-0.111678493732560
2.932153143350474	-0.127975248168263
3.036872898470134	-0.143007926691184
3.141592653589794	-0.156467103156517
3.246312408709454	-0.168085555754142
3.351032163829114	-0.177649916312293
3.455751918948774	-0.185009992593172
3.560471674068434	-0.190085149671669
3.665191429188094	-0.192867324295034
3.769911184307754	-0.193420479506617
3.874630939427413	-0.191876563721978
3.979350694547073	-0.188428292024574
4.084070449666733	-0.183319290096670
4.188790204786392	-0.176832309031838
4.293509959906052	-0.169276315986821
4.398229715025711	-0.160973284860741
4.502949470145371	-0.152245456880730
4.607669225265030	-0.143403725821284
4.712388980384690	-0.134737645131119
4.817108735504349	-0.126507375409332
4.921828490624009	-0.118937710542778
5.026548245743668	-0.112214156203314
5.131268000863328	-0.106480897481398
5.235987755982987	-0.101840390366436
5.340707511102647	-0.098354247131795
5.445427266222306	-0.096045057263068
5.550147021341965	-0.094898789520047
5.654866776461625	-0.094867451539281
5.759586531581284	-0.095871734805795
5.864306286700944	-0.097803438527637
5.969026041820603	-0.100527540025741
6.073745796940263	-0.103883856476299
6.178465552059922	-0.107688318759466
6.283185307179582	-0.111733949042354
6.387905062299241	-0.115791696387881
6.492624817418901	-0.119611336330635
6.597344572538560	-0.122922678370300
6.702064327658220	-0.125437347141265
6.806784082777879	-0.126851406149489
6.911503837897539	-0.126849075229755
7.016223593017198	-0.125107752726352
7.120943348136858	-0.121304490464412
7.225663103256517	-0.115123985220617
7.330382858376177	-0.106268048194236
7.435102613495836	-0.094466399905976
7.539822368615495	-0.079488520149484
7.644542123735155	-0.061156170544682
7.749261878854814	-0.039356110268327
7.853981633974474	-0.014052451187558
7.958701389094133	0.014701949171122
8.063421144213793	0.046755680421394
8.168140899333453	0.081851183251800
8.272860654453114	0.119619979847851
8.377580409572774	0.159581332520586
8.482300164692434	0.201144918272029
8.587019919812095	0.243618086374252
8.691739674931755	0.286218219615339
8.796459430051415	0.328090615815845
8.901179185171076	0.368332104811904
9.005898940290736	0.406020280148378
9.110618695410396	0.440247734678773
9.215338450530057	0.470160059957046
9.320058205649717	0.494995663017501
9.424777960769378	0.514124783358645
9.529497715889038	0.527084606886268
9.634217471008698	0.533607226634932
9.738937226128359	0.533637507438836
9.843656981248019	0.527338704803308
9.948376736367679	0.515084887505961
10.053096491487340	0.497440633021074
10.157816246607000	0.475129852810551
10.262536001726660	0.448996708310531
10.367255756846321	0.419962212623337
10.471975511965981	0.388980204859352
10.576695267085642	0.356995982398803
10.681415022205302	0.324910122837227
10.786134777324962	0.293549106754117
10.890854532444623	0.263643440343530
10.995574287564283	0.235813202730688
11.100294042683943	0.210560374462144
11.205013797803604	0.188266952705325
11.309733552923264	0.169197697161813
11.414453308042924	0.153506331432230
11.519173063162585	0.141244098210283
11.623892818282245	0.132369692288974
11.728612573401906	0.126759744591319
11.833332328521566	0.124219186955907
11.938052083641226	0.124490983717665
12.042771838760887	0.127264869719537
12.147491593880547	0.132184884457500
12.252211349000207	0.138855637282154
12.356931104119868	0.146847376072238
12.461650859239528	0.155700056925505
12.566370614359188	0.164926719153266
12.671090369478849	0.174016551412520
12.775810124598509	0.182438084311422
12.880529879718170	0.189642956191411
12.985249634837830	0.195070667646367
13.089969389957490	0.198154665151156
13.194689145077151	0.198329977516383
13.299408900196811	0.195042478670105
13.404128655316471	0.187759680525381
13.508848410436132	0.175982790478709
13.613568165555792	0.159259623968034
13.718287920675452	0.137197869396114
13.823007675795113	0.109478183047047
13.927727430914773	0.075866658682269
14.032447186034434	0.036226368912024
14.137166941154094	-0.009472106763391
14.241886696273754	-0.061141008691509
14.346606451393415	-0.118566206945330
14.451326206513075	-0.181398007202284
14.556045961632735	-0.249141515947234
14.660765716752396	-0.321146403176195
14.765485471872056	-0.396596435685946
14.870205226991716	-0.474499947308569
14.974924982111377	-0.553683408240150
15.079644737231037	-0.632791325591986
15.184364492350698	-0.710296635133652
15.289084247470358	-0.784526223186883
15.393804002590018	-0.853705878313687
15.498523757709679	-0.916027459495548
15.603243512829339	-0.969738175547221
15.707963267948999	-1.013247720693469
15.812683023068660	-1.045244205727434
15.917402778188320	-1.064805474178741
16.022122533307979	-1.071489916049052
16.126842288427639	-1.065391554178323
16.231562043547299	-1.047148512566453
16.336281798666960	-1.017901352565702
16.441001553786620	-0.979206411048167
16.545721308906280	-0.932916850140552
16.650441064025941	-0.881048605971276
16.755160819145601	-0.825648869438176
16.859880574265262	-0.768681558151349
16.964600329384922	-0.711938866390561
17.069320084504582	-0.656982152814783
17.174039839624243	-0.605110561209057
17.278759594743903	-0.557352614290991
17.383479349863563	-0.514474652584222
17.488199104983224	-0.477000041735582
17.592918860102884	-0.445234002014645
17.697638615222544	-0.419290218137966
17.802358370342205	-0.399116701240960
17.907078125461865	-0.384519491988454
18.011797880581526	-0.375183637633267
18.116517635701186	-0.370691452479120
18.221237390820846	-0.370538427859993
18.325957145940507	-0.374147352405552
18.430676901060167	-0.380881287029336
18.535396656179827	-0.390056047815450
18.640116411299488	-0.400952803683330
18.744836166419148	-0.412831301058212
18.849555921538808	-0.424944083556083
