0.000000000000000	0.100000000000000
0.099208189060730	0.099702375432818
0.198416378121461	0.099521418561321
0.297624567182191	0.099426283282858
0.396832756242921	0.099369004707936
0.496040945303652	0.099285346920783
0.595249134364382	0.099095904842343
0.694457323425112	0.098707509517464
0.793665512485842	0.098014994456557
0.892873701546573	0.096903381868509
0.992081890607303	0.095250540756007
1.091290079668034	0.092930353327169
1.190498268728764	0.089816401937990
1.289706457789494	0.085786156380940
1.388914646850225	0.080725602074244
1.488122835910955	0.074534205674049
1.587331024971685	0.067130068689226
1.686539214032416	0.058455075340921
1.785747403093146	0.048479802122263
1.884955592153877	0.037207927338336
1.984163781214607	0.024679863140164
2.083371970275337	0.010975333353848
2.182580159336067	-0.003785360105794
2.281788348396797	-0.019441600358264
2.380996537457527	-0.035794408119261
2.480204726518258	-0.052610168101122
2.579412915578988	-0.069626123998914
2.678621104639718	-0.086557537300387
2.777829293700448	-0.103106301127549
2.877037482761178	-0.118970698040221
2.976245671821908	-0.133855897306104
3.075453860882639	-0.147484710272479
3.174662049943369	-0.159608070046853
3.273870239004099	-0.170014681057561
3.373078428064829	-0.178539301025680
3.472286617125559	-0.185069175514940
3.571494806186289	-0.189548242771566
3.670702995247019	-0.191978858680400
3.769911184307750	-0.192420948382117
3.869119373368480	-0.190988658641882
3.968327562429210	-0.187844747485259
4.067535751489940	-0.183193089013105
4.166743940550671	-0.177269778134095
4.265952129611401	-0.170333383001940
4.365160318672132	-0.162654908510561
4.464368507732862	-0.154508004269328
4.563576696793593	-0.146159881955565
4.662784885854323	-0.137863310175518
4.761993074915054	-0.129849941967049
4.861201263975785	-0.122325112776316
4.960409453036515	-0.115464135596356
5.059617642097246	-0.109410023071262
5.158825831157976	-0.104272489121480
5.258034020218707	-0.100128027744430
5.357242209279438	-0.097020834492758
5.456450398340168	-0.094964325339313
5.555658587400899	-0.093943015573051
5.654866776461629	-0.093914544679050
5.754074965522360	-0.094811668191690
5.853283154583091	-0.096544080661587
5.952491343643821	-0.098999981792408
6.051699532704552	-0.102047347516035
6.150907721765282	-0.105534916739678
6.250115910826013	-0.109292950564735
6.349324099886744	-0.113133862103962
6.448532288947474	-0.116852849976481
6.547740478008205	-0.120228695608337
6.646948667068935	-0.123024902112607
6.746156856129666	-0.124991359294743
6.845365045190396	-0.125866713849203
6.944573234251127	-0.125381604964575
7.043781423311858	-0.123262892720854
7.142989612372588	-0.119238960026280
7.242197801433319	-0.113046109669406
7.341405990494049	-0.104436008911983
7.440614179554780	-0.093184058798267
7.539822368615511	-0.079098488987014
7.639030557676241	-0.062029906993615
7.738238746736972	-0.041880968640183
7.837446935797702	-0.018615788501619
7.936655124858433	0.007731322559855
8.035863313919164	0.037048221413736
8.135071502979894	0.069138829567095
8.234279692040625	0.103718988601077
8.333487881101355	0.140414690465155
8.432696070162086	0.178763088567551
8.531904259222816	0.218216682039945
8.631112448283547	0.258151040147060
8.730320637344278	0.297876380755275
8.829528826405008	0.336653214753360
8.928737015465739	0.373712094775545
9.027945204526469	0.408277244560168
9.127153393587200	0.439593491906435
9.226361582647931	0.466955502774262
9.325569771708661	0.489737863016316
9.424777960769392	0.507424149665753
9.523986149830122	0.519632863581908
9.623194338890853	0.526138045004627
9.722402527951584	0.526882622630880
9.821610717012314	0.521983066695120
9.920818906073045	0.511724678283387
10.020027095133775	0.496547744819795
10.119235284194506	0.477025683158633
10.218443473255236	0.453837031584052
10.317651662315967	0.427733626682854
10.416859851376698	0.399507454475579
10.516068040437428	0.369958507351938
10.615276229498159	0.339865575294930
10.714484418558889	0.309961350585701
10.813692607619620	0.280912634352846
10.912900796680351	0.253305888569197
11.012108985741081	0.227637935820252
11.111317174801812	0.204311296086006
11.210525363862542	0.183633462488994
11.309733552923273	0.165819336608766
11.408941741984004	0.150996041218502
11.508149931044734	0.139209377181513
11.607358120105465	0.130431269779594
11.706566309166195	0.124567642652669
11.805774498226926	0.121466255766452
11.904982687287657	0.120924142971723
12.004190876348387	0.122694383056936
12.103399065409118	0.126492035038027
12.202607254469848	0.131999162961464
12.301815443530579	0.138868966166395
12.401023632591309	0.146729115299495
12.500231821652040	0.155184469154869
12.599440010712771	0.163819408858007
12.698648199773501	0.172200070082144
12.797856388834232	0.179876777119265
12.897064577894962	0.186386981574669
12.996272766955693	0.191258981171335
13.095480956016424	0.194016640305272
13.194689145077154	0.194185255619608
13.293897334137885	0.191298611969276
13.393105523198615	0.184907165072141
13.492313712259346	0.174587178456307
13.591521901320077	0.159950548007564
13.690730090380807	0.140654982269866
13.789938279441538	0.116414183791769
13.889146468502268	0.087007704815589
13.988354657562999	0.052290230561510
14.087562846623729	0.012200166608826
14.186771035684460	-0.033232445941931
14.285979224745191	-0.083878522009053
14.385187413805921	-0.139502765308690
14.484395602866652	-0.199756458319682
14.583603791927382	-0.264170024948979
14.682811980988113	-0.332145426755094
14.782020170048844	-0.402948855821184
14.881228359109574	-0.475704732902163
14.980436548170305	-0.549392660962272
15.079644737231035	-0.622849631733040
15.178852926291766	-0.694780298235481
15.278061115352497	-0.763778326014496
15.377269304413227	-0.828361511892487
15.476477493473958	-0.887022323225099
15.575685682534688	-0.938293666935403
15.674893871595419	-0.980827130044061
15.774102060656150	-1.013477979424856
15.873310249716880	-1.035388470830410
15.972518438777611	-1.046059268620832
16.071726627838341	-1.045398745610060
16.170934816899070	-1.033742014550503
16.270143005959799	-1.011835568399776
16.369351195020528	-0.980788580879165
16.468559384081257	-0.941997022559138
16.567767573141985	-0.897050538185884
16.666975762202714	-0.847633673090618
16.766183951263443	-0.795432363713122
16.865392140324172	-0.742054104047319
16.964600329384901	-0.688966745287115
17.063808518445629	-0.637457406243955
17.163016707506358	-0.588610160835584
17.262224896567087	-0.543299363234451
17.361433085627816	-0.502194678705617
17.460641274688545	-0.465773901604391
17.559849463749273	-0.434340170408208
17.659057652810002	-0.408040957701613
17.758265841870731	-0.386887013900611
17.857474030931460	-0.370770151693982
17.956682219992189	-0.359479317944033
18.055890409052918	-0.352714803868613
18.155098598113646	-0.350100712705406
18.254306787174375	-0.351195967332131
18.353514976235104	-0.355504228744700
18.452723165295833	-0.362483133869936
18.551931354356562	-0.371553263411183
18.651139543417290	-0.382107224601284
18.750347732478019	-0.393519180854231
18.849555921538748	-0.405155077819802
