0.000000000000000	0.100000000000000
0.144996584011837	0.099695661800073
0.289993168023673	0.099588646786817
0.434989752035510	0.099529319110808
0.579986336047346	0.099294605183612
0.724982920059183	0.098596514345659
0.869979504071020	0.097094581372969
1.014976088082856	0.094413058837742
1.159972672094693	0.090163385968614
1.304969256106529	0.083971882768650
1.449965840118366	0.075511800304353
1.594962424130203	0.064537892785849
1.739959008142039	0.050920710796253
1.884955592153876	0.034677031107596
2.029952176165712	0.015992425382172
2.174948760177549	-0.004767918236991
2.319945344189386	-0.027063286699925
2.464941928201222	-0.050198294690758
2.609938512213059	-0.073360538413145
2.754935096224895	-0.095672991163152
2.899931680236732	-0.116256961782204
3.044928264248568	-0.134299621069141
3.189924848260405	-0.149118930603015
3.334921432272242	-0.160218584985829
3.479918016284078	-0.167326480498685
3.624914600295915	-0.170412218976327
3.769911184307751	-0.169681957818081
3.914907768319588	-0.165552016451042
4.059904352331425	-0.158605438152436
4.204900936343262	-0.149537647912578
4.349897520355099	-0.139098128789679
4.494894104366936	-0.128034640051141
4.639890688378773	-0.117045160092444
4.784887272390610	-0.106740850682768
4.929883856402447	-0.097621329647504
5.074880440414284	-0.090061756458393
5.219877024426121	-0.084309903147804
5.364873608437958	-0.080490593566594
5.509870192449795	-0.078614632748794
5.654866776461632	-0.078589531519162
5.799863360473469	-0.080229843485133
5.944859944485306	-0.083265651855458
6.089856528497143	-0.087348564676662
6.234853112508980	-0.092055411124305
6.379849696520817	-0.096890607900958
6.524846280532654	-0.101288822871537
6.669842864544491	-0.104620042928895
6.814839448556328	-0.106199389973243
6.959836032568165	-0.105303955184106
7.104832616580002	-0.101198479377322
7.249829200591839	-0.093170869578665
7.394825784603676	-0.080577339406742
7.539822368615513	-0.062895498698994
7.684818952627350	-0.039782173251743
7.829815536639187	-0.011131325895932
7.974812120651024	0.022873622669994
8.119808704662860	0.061719380032438
8.264805288674697	0.104540680727514
8.409801872686534	0.150122507162504
8.554798456698371	0.196931716664748
8.699795040710208	0.243181521049167
8.844791624722045	0.286929582364327
8.989788208733883	0.326206443252967
9.134784792745720	0.359165642089309
9.279781376757557	0.384240932863954
9.424777960769394	0.400291137566940
9.569774544781231	0.406711358559526
9.714771128793068	0.403492188641474
9.859767712804905	0.391216360009407
10.004764296816742	0.370993249972818
10.149760880828579	0.344342698154979
10.294757464840416	0.313047495417373
10.439754048852253	0.278996777217291
10.584750632864090	0.244040414086470
10.729747216875927	0.209868922407013
10.874743800887764	0.177926597596974
11.019740384899601	0.149359336801759
11.164736968911438	0.124993991908580
11.309733552923275	0.105343307491023
11.454730136935112	0.090629291600565
11.599726720946949	0.080817810701062
11.744723304958786	0.075657900217220
11.889719888970623	0.074720452213009
12.034716472982460	0.077432387061007
12.179713056994297	0.083103994722497
12.324709641006134	0.090948723668541
12.469706225017971	0.100096190618203
12.614702809029808	0.109600477373343
12.759699393041645	0.118446772906073
12.904695977053482	0.125560015065472
13.049692561065319	0.129819300284445
13.194689145077156	0.130081397168607
13.339685729088993	0.125215707786711
13.484682313100830	0.114151544900278
13.629678897112667	0.095936827524548
13.774675481124504	0.069805542790614
13.919672065136341	0.035249920444899
14.064668649148178	-0.007907529897287
14.209665233160015	-0.059447144178617
14.354661817171852	-0.118695286385550
14.499658401183689	-0.184482636134513
14.644654985195526	-0.255123687623524
14.789651569207363	-0.328425757085197
14.934648153219200	-0.401738492662375
15.079644737231037	-0.472056332621003
15.224641321242874	-0.536183930808009
15.369637905254711	-0.590965771338787
15.514634489266548	-0.633565452105030
15.659631073278385	-0.661760560459584
15.804627657290222	-0.674202884790791
15.949624241302059	-0.670589697199576
16.094620825313896	-0.651705474512630
16.239617409325732	-0.619322354237240
16.384613993337567	-0.575981487538165
16.529610577349402	-0.524703096852968
16.674607161361237	-0.468681785185005
16.819603745373072	-0.411015317162619
16.964600329384908	-0.354496519793635
17.109596913396743	-0.301477930477979
17.254593497408578	-0.253803645600551
17.399590081420413	-0.212794665316377
17.544586665432249	-0.179271861120005
17.689583249444084	-0.153602155073518
17.834579833455919	-0.135756400242139
17.979576417467754	-0.125370428160729
18.124573001479590	-0.121803251833944
18.269569585491425	-0.124188481852859
18.414566169503260	-0.131476824412923
18.559562753515095	-0.142469246895335
18.704559337526931	-0.155842050698338
18.849555921538766	-0.170166575686675
