0.000000000000000	0.100000000000000
0.104719755119660	0.099755722038644
0.209439510239320	0.099633454449728
0.314159265358979	0.099591697981170
0.418879020478639	0.099567849137851
0.523598775598299	0.099479367696162
0.628318530717959	0.099225385623395
0.733038285837618	0.098688847699404
0.837758040957278	0.097739275878765
0.942477796076938	0.096236237345832
1.047197551196598	0.094033569103440
1.151917306316258	0.090984369689399
1.256637061435917	0.086946712502352
1.361356816555577	0.081789968098957
1.466076571675237	0.075401549208315
1.570796326794896	0.067693818110942
1.675516081914556	0.058610828570266
1.780235837034216	0.048134521287546
1.884955592153875	0.036289960165032
1.989675347273535	0.023149192632541
2.094395102393195	0.008833345114566
2.199114857512855	-0.006487373908750
2.303834612632515	-0.022595996937095
2.408554367752175	-0.039233557793791
2.513274122871834	-0.056106255830425
2.617993877991494	-0.072894832419723
2.722713633111154	-0.089265807218749
2.827433388230814	-0.104884070112190
2.932153143350474	-0.119426195760332
3.036872898470134	-0.132593754679833
3.141592653589794	-0.144125850082774
3.246312408709454	-0.153810122769148
3.351032163829114	-0.161491541899498
3.455751918948774	-0.167078435619751
3.560471674068434	-0.170545402906703
3.665191429188094	-0.171932970057744
3.769911184307754	-0.171344089901609
3.874630939427413	-0.168937804570107
3.979350694547073	-0.164920580357085
4.084070449666733	-0.159535957497917
4.188790204786392	-0.153053227841340
4.293509959906052	-0.145755857211313
4.398229715025711	-0.137930312782497
4.502949470145371	-0.129855851366369
4.607669225265030	-0.121795688214165
4.712388980384690	-0.113989814888395
4.817108735504349	-0.106649584717495
4.921828490624009	-0.099954048171099
5.026548245743668	-0.094047907263742
5.131268000863328	-0.089040873031764
5.235987755982987	-0.085008154982699
5.340707511102647	-0.081991785165609
5.445427266222306	-0.080002479160487
5.550147021341965	-0.079021757644486
5.654866776461625	-0.079004090541430
5.759586531581284	-0.079878876361491
5.864306286700944	-0.081552127787366
5.969026041820603	-0.083907796984064
6.073745796940263	-0.086808737196251
6.178465552059922	-0.090097358146287
6.283185307179582	-0.093596089100870
6.387905062299241	-0.097107812929480
6.492624817418901	-0.100416474692689
6.597344572538560	-0.103288096770867
6.702064327658220	-0.105472446595724
6.806784082777879	-0.106705599961683
6.911503837897539	-0.106713620221546
7.016223593017198	-0.105217529689310
7.120943348136858	-0.101939683842865
7.225663103256517	-0.096611572828120
7.330382858376177	-0.088982971913971
7.435102613495836	-0.078832248818301
7.539822368615495	-0.065977519013473
7.644542123735155	-0.050288229075320
7.749261878854814	-0.031696651528203
7.853981633974474	-0.010208699582886
7.958701389094133	0.014086578839572
8.063421144213793	0.041009489850224
8.168140899333453	0.070284821846421
8.272860654453114	0.101540239304128
8.377580409572774	0.134308511371478
8.482300164692434	0.168034056687012
8.587019919812095	0.202084156281723
8.691739674931755	0.235765000029518
8.796459430051415	0.268342473608191
8.901179185171076	0.299067254139848
9.005898940290736	0.327203371333033
9.110618695410396	0.352058938334893
9.215338450530057	0.373017320314709
9.320058205649717	0.389566667989257
9.424777960769378	0.401325583598215
9.529497715889038	0.408062779012008
9.634217471008698	0.409708962241308
9.738937226128359	0.406359827208068
9.843656981248019	0.398269842078671
9.948376736367679	0.385837410108766
10.053096491487340	0.369582774818828
10.157816246607000	0.350120637317226
10.262536001726660	0.328129771959788
10.367255756846321	0.304321950064666
10.471975511965981	0.279412247684873
10.576695267085642	0.254092397760203
10.681415022205302	0.229008339192810
10.786134777324962	0.204742598712775
10.890854532444623	0.181801678260990
10.995574287564283	0.160608247451914
11.100294042683943	0.141497670068605
11.205013797803604	0.124718220688879
11.309733552923264	0.110434257898464
11.414453308042924	0.098731596319630
11.519173063162585	0.089624344114816
11.623892818282245	0.083062532012875
11.728612573401906	0.078939943911842
11.833332328521566	0.077101660108319
11.938052083641226	0.077350936322500
12.042771838760887	0.079455159996805
12.147491593880547	0.083150745321258
12.252211349000207	0.088146945726327
12.356931104119868	0.094128672945906
12.461650859239528	0.100758511076488
12.566370614359188	0.107678198354615
12.671090369478849	0.114509914756384
12.775810124598509	0.120857756210758
12.880529879718170	0.126309792663262
12.985249634837830	0.130441094432674
13.089969389957490	0.132818067402759
13.194689145077151	0.133004362634608
13.299408900196811	0.130568522812769
13.404128655316471	0.125093402880104
13.508848410436132	0.116187265296517
13.613568165555792	0.103496314668108
13.718287920675452	0.086718316521987
13.823007675795113	0.065616853923179
13.927727430914773	0.040035721944395
14.032447186034434	0.009912944243965
14.137166941154094	-0.024706091452683
14.241886696273754	-0.063656861211762
14.346606451393415	-0.106645776180176
14.451326206513075	-0.153242622487921
14.556045961632735	-0.202876007975188
14.660765716752396	-0.254832637326835
14.765485471872056	-0.308261465055235
14.870205226991716	-0.362183987517520
14.974924982111377	-0.415512036139771
15.079644737231037	-0.467074307318915
15.184364492350698	-0.515652396496924
15.289084247470358	-0.560026223335166
15.393804002590018	-0.599027458168459
15.498523757709679	-0.631598028408262
15.603243512829339	-0.656849272176827
15.707963267948999	-0.674116184231788
15.812683023068660	-0.683000837450320
15.917402778188320	-0.683399710785804
16.022122533307979	-0.675511326504708
16.126842288427639	-0.659823030466935
16.231562043547299	-0.637078447745487
16.336281798666960	-0.608229537113785
16.441001553786620	-0.574378770765639
16.545721308906280	-0.536717531248977
16.650441064025941	-0.496466376497475
16.755160819145601	-0.454821634304678
16.859880574265262	-0.412911221357213
16.964600329384922	-0.371761001485535
17.069320084504582	-0.332271668910471
17.174039839624243	-0.295205200044301
17.278759594743903	-0.261179378418944
17.383479349863563	-0.230668697980820
17.488199104983224	-0.204009990308066
17.592918860102884	-0.181411300033917
17.697638615222544	-0.162962768579178
17.802358370342205	-0.148648525678628
17.907078125461865	-0.138358803865726
18.011797880581526	-0.131901675543223
18.116517635701186	-0.129013969833621
18.221237390820846	-0.129371066176900
18.325957145940507	-0.132595392402456
18.430676901060167	-0.138263582228702
18.535396656179827	-0.145912371860054
18.640116411299488	-0.155043434242381
18.744836166419148	-0.165127455821229
18.849555921538808	-0.175607845299693
