0.000000000000000	0.100000000000000
0.134639685153848	0.099709558906503
0.269279370307697	0.099598297806941
0.403919055461545	0.099554416963356
0.538558740615393	0.099410631718436
0.673198425769241	0.098949561816897
0.807838110923090	0.097911500199363
0.942477796076938	0.096005079850154
1.077117481230786	0.092921238623670
1.211757166384634	0.088350619829724
1.346396851538483	0.082004148649915
1.481036536692331	0.073636022876588
1.615676221846179	0.063067808105834
1.750315907000028	0.050211811248265
1.884955592153876	0.035091512965594
2.019595277307724	0.017856657622217
2.154234962461572	-0.001209302542472
2.288874647615421	-0.021691298820653
2.423514332769269	-0.043055440894360
2.558154017923117	-0.064672703384508
2.692793703076966	-0.085852545690921
2.827433388230814	-0.105884317259587
2.962073073384662	-0.124083217737872
3.096712758538510	-0.139836768829328
3.231352443692359	-0.152647368793091
3.365992128846207	-0.162166660724991
3.500631814000055	-0.168218196230076
3.635271499153903	-0.170806154743125
3.769911184307752	-0.170109509066577
3.904550869461600	-0.166462745391411
4.039190554615448	-0.160325757840457
4.173830239769297	-0.152246593772977
4.308469924923145	-0.142821181265330
4.443109610076993	-0.132654010377882
4.577749295230841	-0.122323070234408
4.712388980384690	-0.112351346678120
4.847028665538538	-0.103186065993831
4.981668350692386	-0.095185811919959
5.116308035846235	-0.088614777870536
5.250947721000083	-0.083642815841338
5.385587406153931	-0.080349625562371
5.520227091307779	-0.078731369416356
5.654866776461628	-0.078708153426858
5.789506461615476	-0.080131124987461
5.924146146769324	-0.082788347000909
6.058785831923172	-0.086409065307097
6.193425517077021	-0.090666450070932
6.328065202230869	-0.095179328321004
6.462704887384717	-0.099513804857925
6.597344572538566	-0.103185963885583
6.731984257692414	-0.105667023564986
6.866623942846262	-0.106392347700561
7.001263628000110	-0.104775571944809
7.135903313153959	-0.100228754586383
7.270542998307807	-0.092188912352334
7.405182683461655	-0.080150577745657
7.539822368615503	-0.063703178996983
7.674462053769352	-0.042571189332000
7.809101738923200	-0.016654224985463
7.943741424077048	0.013936313828956
8.078381109230897	0.048847807178441
8.213020794384745	0.087468014462847
8.347660479538593	0.128921366186698
8.482300164692441	0.172083175912040
8.616939849846290	0.215614245360016
8.751579535000138	0.258017114267319
8.886219220153986	0.297713341100828
9.020858905307835	0.333138597529909
9.155498590461683	0.362849171608542
9.290138275615531	0.385630227237212
9.424777960769379	0.400593739270974
9.559417645923228	0.407253411489200
9.694057331077076	0.405565792811943
9.828697016230924	0.395931238655081
9.963336701384772	0.379154456436184
10.097976386538621	0.356370627892027
10.232616071692469	0.328947932120884
10.367255756846317	0.298379631523463
10.501895442000166	0.266178509921184
10.636535127154014	0.233783943887113
10.771174812307862	0.202488253947705
10.905814497461710	0.173385232521482
11.040454182615559	0.147340593046662
11.175093867769407	0.124981854188967
11.309733552923255	0.106703874310113
11.444373238077103	0.092685721157374
11.579012923230952	0.082914589572825
11.713652608384800	0.077212882139601
11.848292293538648	0.075265209635062
11.982931978692497	0.076642856975520
12.117571663846345	0.080824127388606
12.252211349000193	0.087209864957420
12.386851034154041	0.095134309754059
12.521490719307890	0.103872209380048
12.656130404461738	0.112643747153417
12.790770089615586	0.120619303791220
12.925409774769435	0.126926301786529
13.060049459923283	0.130660350573317
13.194689145077131	0.130902590459743
13.329328830230979	0.126744526298849
13.463968515384828	0.117320793815346
13.598608200538676	0.101849312401468
13.733247885692524	0.079677296547892
13.867887570846372	0.050330791211153
14.002527256000221	0.013564896830738
14.137166941154069	-0.030588308834105
14.271806626307917	-0.081777074469405
14.406446311461766	-0.139295383321798
14.541085996615614	-0.202059650554175
14.675725681769462	-0.268600789057984
14.810365366923310	-0.337077161554766
14.945005052077159	-0.405315417275022
15.079644737231007	-0.470886718664702
15.214284422384855	-0.531224056738821
15.348924107538704	-0.583781080445424
15.483563792692552	-0.626223949443443
15.618203477846400	-0.656636713589230
15.752843163000248	-0.673711062924159
15.887482848154097	-0.676887333501230
16.022122533307943	-0.666418632795011
16.156762218461793	-0.643343856878425
16.291401903615643	-0.609374248249095
16.426041588769493	-0.566715619799194
16.560681273923343	-0.517858740605908
16.695320959077193	-0.465371244555286
16.829960644231043	-0.411717307665303
16.964600329384893	-0.359120221801463
17.099240014538744	-0.309472036607176
17.233879699692594	-0.264286357545271
17.368519384846444	-0.224685997849824
17.503159070000294	-0.191415917017774
17.637798755154144	-0.164872583385227
17.772438440307994	-0.145142472868304
17.907078125461844	-0.132044123647177
18.041717810615694	-0.125169667743733
18.176357495769544	-0.123922998490454
18.310997180923394	-0.127552787276750
18.445636866077244	-0.135179532937282
18.580276551231094	-0.145816766534191
18.714916236384944	-0.158387431128644
18.849555921538794	-0.171737240967822
