0.000000000000000	0.000000000000000
0.144996584011837	0.014468122387121
0.289993168023673	0.028907983047167
0.434989752035510	0.043338263407829
0.579986336047346	0.057750572857344
0.724982920059183	0.072099383336318
0.869979504071020	0.086293455721377
1.014976088082856	0.100189386456252
1.159972672094693	0.113588007765643
1.304969256106529	0.126234416242017
1.449965840118366	0.137822344043506
1.594962424130203	0.148003394908807
1.739959008142039	0.156401331580218
1.884955592153876	0.162631134280041
2.029952176165712	0.166321991616362
2.174948760177549	0.167142801503383
2.319945344189386	0.164828234208148
2.464941928201222	0.159203032086705
2.609938512213059	0.150202072005592
2.754935096224895	0.137883855509143
2.899931680236732	0.122435542893978
3.044928264248568	0.104168391484554
3.189924848260405	0.083503427631384
3.334921432272242	0.060948260131245
3.479918016284078	0.037066976521724
3.624914600295915	0.012445886487084
3.769911184307751	-0.012341656262421
3.914907768319588	-0.036768096612758
4.059904352331425	-0.060379345130010
4.204900936343262	-0.082815202651623
4.349897520355099	-0.103821452615352
4.494894104366936	-0.123253535039285
4.639890688378773	-0.141072585935717
4.784887272390610	-0.157335250919403
4.929883856402447	-0.172179013541942
5.074880440414284	-0.185804827628050
5.219877024426121	-0.198458661373482
5.364873608437958	-0.210413224625252
5.509870192449795	-0.221950739732690
5.654866776461632	-0.233347202539228
5.799863360473469	-0.244858219950805
5.944859944485306	-0.256706242727710
6.089856528497143	-0.269068858495824
6.234853112508980	-0.282067778025490
6.379849696520817	-0.295758233819904
6.524846280532654	-0.310118701009084
6.669842864544491	-0.325041125048976
6.814839448556328	-0.340322168529406
6.959836032568165	-0.355656330618321
7.104832616580002	-0.370632097979794
7.249829200591839	-0.384732499321323
7.394825784603676	-0.397341500563267
7.539822368615513	-0.407757546887797
7.684818952627350	-0.415215205181229
7.829815536639187	-0.418915288774951
7.974812120651024	-0.418063090981081
8.119808704662860	-0.411913475199307
8.264805288674697	-0.399820640153369
8.409801872686534	-0.381289471941609
8.554798456698371	-0.356024581199473
8.699795040710208	-0.323972487727122
8.844791624722045	-0.285352078296472
8.989788208733883	-0.240668601452969
9.134784792745720	-0.190707283088232
9.279781376757557	-0.136504308872084
9.424777960769394	-0.079295416015117
9.569774544781231	-0.020445380155108
9.714771128793068	0.038635308672242
9.859767712804905	0.096578056117931
10.004764296816742	0.152138721943782
10.149760880828579	0.204266664381093
10.294757464840416	0.252154143064152
10.439754048852253	0.295263112334932
10.584750632864090	0.333329635535422
10.729747216875927	0.366348737597501
10.874743800887764	0.394544139120105
11.019740384899601	0.418327947940035
11.164736968911438	0.438255208914644
11.309733552923275	0.454977500958164
11.454730136935112	0.469198781545207
11.599726720946949	0.481635612787637
11.744723304958786	0.492982894988931
11.889719888970623	0.503885368111090
12.034716472982460	0.514914469849607
12.179713056994297	0.526549689062117
12.324709641006134	0.539163335193412
12.469706225017971	0.553007651811871
12.614702809029808	0.568203413619026
12.759699393041645	0.584729524808262
12.904695977053482	0.602413631988423
13.049692561065319	0.620924313456922
13.194689145077156	0.639765933481585
13.339685729088993	0.658277674059667
13.484682313100830	0.675638499485707
13.629678897112667	0.690879811889877
13.774675481124504	0.702907295925664
13.919672065136341	0.710532954032730
14.064668649148178	0.712517673114913
14.209665233160015	0.707623935535130
14.354661817171852	0.694677568900166
14.499658401183689	0.672636728862285
14.644654985195526	0.640665539497914
14.789651569207363	0.598208814321078
14.934648153219200	0.545062900093689
15.079644737231037	0.481435942915927
15.224641321242874	0.407989116932604
15.369637905254711	0.325849332635714
15.514634489266548	0.236584686782321
15.659631073278385	0.142137330864436
15.804627657290222	0.044714674462959
15.949624241302059	-0.053352191239447
16.094620825313896	-0.149766554680025
16.239617409325732	-0.242420124198715
16.384613993337567	-0.329523224655102
16.529610577349402	-0.409696708756217
16.674607161361237	-0.482019225944730
16.819603745373072	-0.546031553577327
16.964600329384908	-0.601705571830831
17.109596913396743	-0.649388286037102
17.254593497408578	-0.689731413394635
17.399590081420413	-0.723615441335493
17.544586665432249	-0.752074759219879
17.689583249444084	-0.776228186268096
17.834579833455919	-0.797217319273245
17.979576417467754	-0.816153684469593
18.124573001479590	-0.834074646728894
18.269569585491425	-0.851907326336183
18.414566169503260	-0.870439343482417
18.559562753515095	-0.890295029944435
18.704559337526931	-0.911915809169366
18.849555921538766	-0.935543737354606
