0.000000000000000	0.100000000000000
0.628318530717959	0.098323867750451
1.256637061435917	0.078760580563538
1.884955592153876	0.014958804081989
2.513274122871834	-0.083627031459499
3.141592653589793	-0.155693324050252
3.769911184307752	-0.153257274504842
4.398229715025710	-0.104922106137317
5.026548245743669	-0.069382190335956
5.654866776461628	-0.069419254867695
6.283185307179586	-0.089438203788144
6.911503837897545	-0.089677014717840
7.539822368615503	-0.017755151079280
8.168140899333462	0.147347108964983
8.796459430051421	0.329181272624856
9.424777960769379	0.380203372434710
10.053096491487338	0.260040514454246
10.681415022205297	0.099875566876087
11.309733552923255	0.017083877301730
11.938052083641214	0.019395929504657
12.566370614359172	0.055250174208679
13.194689145077131	0.057101242986494
13.823007675795090	-0.040806208038963
14.451326206513048	-0.250909110853898
15.079644737231007	-0.461125659835227
15.707963267948966	-0.482994268460461
16.336281798666924	-0.292675636549081
16.964600329384883	-0.077950564247347
17.592918860102841	0.025136032632315
18.221237390820800	0.021521754143827
18.849555921538759	-0.020178103576204
