0.000000000000000	0.100000000000000
0.094247779607694	0.099774151579925
0.188495559215388	0.099650366219872
0.282743338823081	0.099601273587889
0.376991118430775	0.099585502937980
0.471238898038469	0.099548304381071
0.565486677646163	0.099422389862803
0.659734457253857	0.099129035376121
0.753982236861550	0.098579489089284
0.848230016469244	0.097676728192268
0.942477796076938	0.096317599770596
1.036725575684632	0.094395367605588
1.130973355292326	0.091802667547266
1.225221134900019	0.088434849535927
1.319468914507713	0.084193655494053
1.413716694115407	0.078991150728096
1.507964473723100	0.072753794210380
1.602212253330794	0.065426502577185
1.696460032938488	0.056976536520014
1.790707812546181	0.047397019106634
1.884955592153875	0.036709885853273
1.979203371761569	0.024968068012185
2.073451151369263	0.012256724797787
2.167698930976957	-0.001306632406713
2.261946710584650	-0.015573240878738
2.356194490192344	-0.030365478186180
2.450442269800038	-0.045480549949503
2.544690049407731	-0.060695412316167
2.638937829015425	-0.075772798153371
2.733185608623119	-0.090468147601757
2.827433388230812	-0.104537180928497
2.921681167838506	-0.117743799259971
3.015928947446200	-0.129867961413673
3.110176727053894	-0.140713166904672
3.204424506661587	-0.150113179549673
3.298672286269281	-0.157937654698279
3.392920065876975	-0.164096385731580
3.487167845484668	-0.168541959475885
3.581415625092362	-0.171270700601668
3.675663404700056	-0.172321884910522
3.769911184307750	-0.171775302352262
3.864158963915443	-0.169747344046468
3.958406743523137	-0.166385865670417
4.052654523130831	-0.161864136237500
4.146902302738525	-0.156374212897846
4.241150082346219	-0.150120088065741
4.335397861953913	-0.143310936661019
4.429645641561607	-0.136154752433346
4.523893421169301	-0.128852608544094
4.618141200776996	-0.121593714780849
4.712388980384690	-0.114551377859135
4.806636759992384	-0.107879907443961
4.900884539600078	-0.101712452978388
4.995132319207772	-0.096159708099960
5.089380098815466	-0.091309382104702
5.183627878423160	-0.087226312234890
5.277875658030855	-0.083953076277125
5.372123437638549	-0.081510961148624
5.466371217246243	-0.079901148465519
5.560618996853937	-0.079105990928340
5.654866776461631	-0.079090272050749
5.749114556069325	-0.079802364669817
5.843362335677019	-0.081175229311539
5.937610115284714	-0.083127220519212
6.031857894892408	-0.085562696540420
6.126105674500102	-0.088372454325134
6.220353454107796	-0.091434036742303
6.314601233715490	-0.094611981464635
6.408849013323184	-0.097758100294480
6.503096792930879	-0.100711892961034
6.597344572538573	-0.103301209702959
6.691592352146267	-0.105343281306294
6.785840131753961	-0.106646232749097
6.880087911361655	-0.107011186373201
6.974335690969349	-0.106235041966823
7.068583470577043	-0.104113994112062
7.162831250184738	-0.100447812005027
7.257079029792432	-0.095044864755482
7.351326809400126	-0.087727827713928
7.445574589007820	-0.078339955129193
7.539822368615514	-0.066751754373188
7.634070148223208	-0.052867850235021
7.728317927830902	-0.036633787344999
7.822565707438597	-0.018042487021390
7.916813487046291	0.002859946751961
8.011061266653984	0.025969388370998
8.105309046261677	0.051120135223506
8.199556825869371	0.078082942901879
8.293804605477064	0.106564938841172
8.388052385084757	0.136211672370694
8.482300164692450	0.166611516079860
8.576547944300144	0.197302572636001
8.670795723907837	0.227782157141783
8.765043503515530	0.257518812436097
8.859291283123223	0.285966670539901
8.953539062730917	0.312581799873127
9.047786842338610	0.336839984379437
9.142034621946303	0.358255185222756
9.236282401553996	0.376397763885512
9.330530181161690	0.390911427421521
9.424777960769383	0.401527821448944
9.519025740377076	0.408077765634851
9.613273519984769	0.410498307223573
9.707521299592463	0.408835049712330
9.801769079200156	0.403239566868419
9.896016858807849	0.393962093716139
9.990264638415542	0.381340046718833
10.084512418023236	0.365783219605479
10.178760197630929	0.347756695904798
10.273007977238622	0.327762598749742
10.367255756846316	0.306321766190409
10.461503536454009	0.283956315090729
10.555751316061702	0.261173867495061
10.649999095669395	0.238453992016126
10.744246875277089	0.216237188382905
10.838494654884782	0.194916538155094
10.932742434492475	0.174831972831813
11.026990214100168	0.156266978346882
11.121237993707862	0.139447462243959
11.215485773315555	0.124542452647780
11.309733552923248	0.111666270547892
11.403981332530941	0.100881812600830
11.498229112138635	0.092204594980980
11.592476891746328	0.085607235164980
11.686724671354021	0.081024084382525
11.780972450961714	0.078355766130831
11.875220230569408	0.077473423535755
11.969468010177101	0.078222528686753
12.063715789784794	0.080426158771888
12.157963569392487	0.083887695355849
12.252211349000181	0.088392952975602
12.346459128607874	0.093711789905085
12.440706908215567	0.099599296029829
12.534954687823260	0.105796688878203
12.629202467430954	0.112032077610762
12.723450247038647	0.118021274836585
12.817698026646340	0.123468846232008
12.911945806254034	0.128069586954034
13.006193585861727	0.131510600930609
13.100441365469420	0.133474133935816
13.194689145077113	0.133641274331915
13.288936924684807	0.131696587885634
13.383184704292500	0.127333697705811
13.477432483900193	0.120261760837120
13.571680263507886	0.110212734067021
13.665928043115580	0.096949268204221
13.760175822723273	0.080273027301564
13.854423602330966	0.060033200593870
13.948671381938659	0.036134961618493
14.042919161546353	0.008547629354793
14.137166941154046	-0.022687704863048
14.231414720761739	-0.057451311625163
14.325662500369432	-0.095538946348499
14.419910279977126	-0.136657208495180
14.514158059584819	-0.180420432170721
14.608405839192512	-0.226349479183165
14.702653618800205	-0.273872903132348
14.796901398407899	-0.322331054032588
14.891149178015592	-0.370983767953939
14.985396957623285	-0.419022296444886
15.079644737230979	-0.465586033355861
15.173892516838672	-0.509784354562506
15.268140296446365	-0.550723478840599
15.362388076054058	-0.587537696248020
15.456635855661752	-0.619423645245872
15.550883635269445	-0.645675646189269
15.645131414877138	-0.665719544671386
15.739379194484831	-0.679142220309674
15.833626974092525	-0.685713985647417
15.927874753700218	-0.685401584414556
16.022122533307911	-0.678370360293037
16.116370312915606	-0.664975280349571
16.210618092523301	-0.645741672837417
16.304865872130996	-0.621337572442496
16.399113651738691	-0.592540288216391
16.493361431346386	-0.560200126628664
16.587609210954081	-0.525204111089025
16.681856990561776	-0.488442115664646
16.776104770169471	-0.450777198743459
16.870352549777166	-0.413021217830977
16.964600329384862	-0.375916145649430
17.058848108992557	-0.340120968396472
17.153095888600252	-0.306203665269921
17.247343668207947	-0.274637544079588
17.341591447815642	-0.245801116801136
17.435839227423337	-0.219980705757338
17.530087007031032	-0.197375039159278
17.624334786638727	-0.178101193011727
17.718582566246422	-0.162201342521774
17.812830345854117	-0.149649886688602
17.907078125461812	-0.140360598700247
18.001325905069507	-0.134193531392932
18.095573684677202	-0.130961473622514
18.189821464284897	-0.130435813343027
18.284069243892592	-0.132351719609439
18.378317023500287	-0.136412610668106
18.472564803107982	-0.142293929393386
18.566812582715677	-0.149646299770568
18.661060362323372	-0.158098186899049
18.755308141931067	-0.167258225196913
18.849555921538762	-0.176717411727327
