0.000000000000000	0.000000000000000
0.110879740714934	0.011069532596142
0.221759481429868	0.022118683595161
0.332639222144802	0.033159666813519
0.443518962859736	0.044197461695378
0.554398703574669	0.055226981144430
0.665278444289603	0.066230455013507
0.776158185004537	0.077175107988743
0.887037925719471	0.088011225974778
0.997917666434405	0.098670718900357
1.108797407149339	0.109066297367787
1.219677147864273	0.119091382952759
1.330556888579206	0.128620864628040
1.441436629294140	0.137512794685083
1.552316370009074	0.145611085498446
1.663196110724008	0.152749223553431
1.774075851438941	0.158754960788991
1.884955592153875	0.163455878440891
1.995835332868809	0.166685649539608
2.106715073583743	0.168290758460788
2.217594814298677	0.168137375535012
2.328474555013611	0.166118037895334
2.439354295728545	0.162157760191917
2.550234036443479	0.156219195207801
2.661113777158413	0.148306487899861
2.771993517873347	0.138467518128023
2.882873258588281	0.126794306173302
2.993752999303215	0.113421457375536
3.104632740018149	0.098522641503759
3.215512480733083	0.082305230013708
3.326392221448017	0.065003339456962
3.437271962162951	0.046869640379246
3.548151702877885	0.028166376931563
3.659031443592819	0.009156093994839
3.769911184307753	-0.009907419735290
3.880790925022687	-0.028787493636610
3.991670665737621	-0.047271829623554
4.102550406452555	-0.065178332712076
4.213430147167489	-0.082359315330121
4.324309887882422	-0.098703992960826
4.435189628597356	-0.114139302600718
4.546069369312289	-0.128629173497689
4.656949110027223	-0.142172454838113
4.767828850742156	-0.154799753991065
4.878708591457090	-0.166569461305748
4.989588332172024	-0.177563235645307
5.100468072886957	-0.187881203032665
5.211347813601891	-0.197637084232776
5.322227554316824	-0.206953421370492
5.433107295031758	-0.215957024104023
5.543987035746691	-0.224774707120730
5.654866776461625	-0.233529346613965
5.765746517176559	-0.242336246815348
5.876626257891492	-0.251299780557223
5.987505998606426	-0.260510251358061
6.098385739321359	-0.270040919081887
6.209265480036293	-0.279945136650290
6.320145220751226	-0.290253560907148
6.431024961466160	-0.300971425422338
6.541904702181093	-0.312075895193938
6.652784442896027	-0.323513560815015
6.763664183610961	-0.335198170142797
6.874543924325894	-0.347008735744534
6.985423665040828	-0.358788192807676
7.096303405755761	-0.370342810858024
7.207183146470695	-0.381442579511126
7.318062887185628	-0.391822789871707
7.428942627900562	-0.401187016138918
7.539822368615495	-0.409211664749108
7.650702109330429	-0.415552200869655
7.761581850045363	-0.419851085879606
7.872461590760296	-0.421747367891254
7.983341331475230	-0.420887764840024
8.094221072190164	-0.416938971254404
8.205100812905098	-0.409600810584147
8.315980553620031	-0.398619749697719
8.426860294334965	-0.383802195557337
8.537740035049898	-0.365026911523030
8.648619775764832	-0.342255829432650
8.759499516479766	-0.315542503617223
8.870379257194699	-0.285037467477206
8.981258997909633	-0.250989827054777
9.092138738624566	-0.213744572574306
9.203018479339500	-0.173735315123154
9.313898220054433	-0.131472456504068
9.424777960769367	-0.087527154745087
9.535657701484300	-0.042511818091596
9.646537442199234	0.002941803391007
9.757417182914168	0.048205609970339
9.868296923629101	0.092677790282866
9.979176664344035	0.135803701355323
10.090056405058968	0.177093769906200
10.200936145773902	0.216137496414396
10.311815886488835	0.252613015859634
10.422695627203769	0.286292056192051
10.533575367918703	0.317040487342674
10.644455108633636	0.344814933944982
10.755334849348570	0.369656115734896
10.866214590063503	0.391679679321470
10.977094330778437	0.411065304414459
11.087974071493370	0.428044824127487
11.198853812208304	0.442890011931095
11.309733552923237	0.455900574937156
11.420613293638171	0.467392768957317
11.531493034353105	0.477688926133904
11.642372775068038	0.487108068717445
11.753252515782972	0.495957678192235
11.864132256497905	0.504526601133485
11.975011997212839	0.513079004356170
12.085891737927772	0.521849243518856
12.196771478642706	0.531037481911753
12.307651219357640	0.540805889367976
12.418530960072573	0.551275263939192
12.529410700787507	0.562521949213174
12.640290441502440	0.574574965184236
12.751170182217374	0.587413326925268
12.862049922932307	0.600963588727013
12.972929663647241	0.615097716958510
13.083809404362174	0.629631457194470
13.194689145077108	0.644323414377729
13.305568885792042	0.658875103293133
13.416448626506975	0.672932245527384
13.527328367221909	0.686087584981022
13.638208107936842	0.697885465723905
13.749087848651776	0.707828365130237
13.859967589366709	0.715385506155418
13.970847330081643	0.720003591808335
14.081727070796576	0.721119619527623
14.192606811511510	0.718175649201500
14.303486552226444	0.710635318431239
14.414366292941377	0.698001819622487
14.525246033656311	0.679836967261818
14.636125774371244	0.655780877774044
14.747005515086178	0.625571645687765
14.857885255801111	0.589064220971409
14.968764996516045	0.546247478594360
15.079644737230979	0.497258247467289
15.190524477945912	0.442390880111209
15.301404218660846	0.382100865596259
15.412283959375779	0.317001094273117
15.523163700090713	0.247849738670618
15.634043440805646	0.175529345246692
15.744923181520580	0.101017595462196
15.855802922235513	0.025351175141682
15.966682662950447	-0.050414889008813
16.077562403665382	-0.125249403064124
16.188442144380318	-0.198185415179363
16.299321885095253	-0.268355810530077
16.410201625810188	-0.335021693369889
16.521081366525124	-0.397592089226736
16.631961107240059	-0.455634516152565
16.742840847954994	-0.508876888545305
16.853720588669930	-0.557201900964619
16.964600329384865	-0.600635438923759
17.075480070099800	-0.639330693833191
17.186359810814736	-0.673549579815313
17.297239551529671	-0.703642837658898
17.408119292244606	-0.730029937184349
17.518999032959542	-0.753179607574291
17.629878773674477	-0.773591568738065
17.740758514389412	-0.791779820481433
17.851638255104348	-0.808257672754475
17.962517995819283	-0.823524565620470
18.073397736534218	-0.838054625868696
18.184277477249154	-0.852286833140300
18.295157217964089	-0.866616618637130
18.406036958679024	-0.881388692309651
18.516916699393960	-0.896890889312778
18.627796440108895	-0.913348843042402
18.738676180823830	-0.930921329016960
18.849555921538766	-0.949696178598765
