0.000000000000000	0.000000000000000
0.094247779607694	0.009411453994828
0.188495559215388	0.018806619765144
0.282743338823081	0.028193936626282
0.376991118430775	0.037578601869462
0.471238898038469	0.046961279836344
0.565486677646163	0.056336879193274
0.659734457253857	0.065693420918687
0.753982236861550	0.075011023647516
0.848230016469244	0.084261037219499
0.942477796076938	0.093405359049904
1.036725575684632	0.102395970733620
1.130973355292326	0.111174733547185
1.225221134900019	0.119673480695116
1.319468914507713	0.127814440796140
1.413716694115407	0.135511020882747
1.507964473723100	0.142668967924725
1.602212253330794	0.149187915627182
1.696460032938488	0.154963308280024
1.790707812546181	0.159888676285733
1.884955592153875	0.163858219444086
1.979203371761569	0.166769635112903
2.073451151369263	0.168527110133097
2.167698930976957	0.169044379126537
2.261946710584650	0.168247738669700
2.356194490192344	0.166078898055394
2.450442269800038	0.162497543856399
2.544690049407731	0.157483498039965
2.638937829015425	0.151038358391639
2.733185608623119	0.143186525576466
2.827433388230812	0.133975542980209
2.921681167838506	0.123475702785361
3.015928947446200	0.111778903354647
3.110176727053894	0.098996777301425
3.204424506661587	0.085258144642520
3.298672286269281	0.070705878926268
3.392920065876975	0.055493303897525
3.487167845484668	0.039780261921035
3.581415625092362	0.023729011210786
3.675663404700056	0.007500115653360
3.769911184307750	-0.008751511849684
3.864158963915443	-0.024880263763629
3.958406743523137	-0.040753061650263
4.052654523130831	-0.056252047695570
4.146902302738525	-0.071276673522944
4.241150082346219	-0.085745148576234
4.335397861953913	-0.099595242506412
4.429645641561607	-0.112784465366518
4.523893421169301	-0.125289674328705
4.618141200776996	-0.137106174947828
4.712388980384690	-0.148246398142892
4.806636759992384	-0.158738241018057
4.900884539600078	-0.168623160814161
4.995132319207772	-0.177954107423528
5.089380098815466	-0.186793371989387
5.183627878423160	-0.195210418230485
5.277875658030855	-0.203279750380463
5.372123437638549	-0.211078858050423
5.466371217246243	-0.218686264840841
5.560618996853937	-0.226179694931958
5.654866776461631	-0.233634360799335
5.749114556069325	-0.241121366105155
5.843362335677019	-0.248706211029595
5.937610115284714	-0.256447383020069
6.031857894892408	-0.264395014223483
6.126105674500102	-0.272589587702136
6.220353454107796	-0.281060677805567
6.314601233715490	-0.289825715588637
6.408849013323184	-0.298888777665523
6.503096792930879	-0.308239406028424
6.597344572538573	-0.317851476714674
6.691592352146267	-0.327682146264988
6.785840131753961	-0.337670916076508
6.880087911361655	-0.347738865329130
6.974335690969349	-0.357788112394406
7.068583470577043	-0.367701571725562
7.162831250184738	-0.377343077383311
7.257079029792432	-0.386557944849413
7.351326809400126	-0.395174039026313
7.445574589007820	-0.403003407927256
7.539822368615514	-0.409844528397053
7.634070148223208	-0.415485192433222
7.728317927830902	-0.419706040759438
7.822565707438597	-0.422284724955135
7.916813487046291	-0.423000651571422
8.011061266653984	-0.421640232265338
8.105309046261677	-0.418002534071259
8.199556825869371	-0.411905194459347
8.293804605477064	-0.403190437714235
8.388052385084757	-0.391731003329318
8.482300164692450	-0.377435774636268
8.576547944300144	-0.360254878190691
8.670795723907837	-0.340184013416004
8.765043503515530	-0.317267770120088
8.859291283123223	-0.291601701629900
8.953539062730917	-0.263332946413415
9.047786842338610	-0.232659233651815
9.142034621946303	-0.199826169494595
9.236282401553996	-0.165122779812353
9.330530181161690	-0.128875378597558
9.424777960769383	-0.091439932287479
9.519025740377076	-0.053193190211326
9.613273519984769	-0.014522939633353
9.707521299592463	0.024182189890418
9.801769079200156	0.062542912369267
9.896016858807849	0.100199000669611
9.990264638415542	0.136818106043853
10.084512418023236	0.172103323955050
10.178760197630929	0.205799239103534
10.273007977238622	0.237696286529242
10.367255756846316	0.267633371704248
10.461503536454009	0.295498790723061
10.555751316061702	0.321229574498992
10.649999095669395	0.344809443730252
10.744246875277089	0.366265602735304
10.838494654884782	0.385664620986092
10.932742434492475	0.403107653936946
11.026990214100168	0.418725243138927
11.121237993707862	0.432671913478002
11.215485773315555	0.445120756279297
11.309733552923248	0.456258154067847
11.403981332530941	0.466278768452931
11.498229112138635	0.475380878814112
11.592476891746328	0.483762127630145
11.686724671354021	0.491615699443537
11.780972450961714	0.499126935343404
11.875220230569408	0.506470364008824
11.969468010177101	0.513807114139280
12.063715789784794	0.521282661708092
12.157963569392487	0.529024858963021
12.252211349000181	0.537142190377079
12.346459128607874	0.545722203593537
12.440706908215567	0.554830070447479
12.534954687823260	0.564507243883943
12.629202467430954	0.574770190402284
12.723450247038647	0.585609193783010
12.817698026646340	0.596987243419104
12.911945806254034	0.608839038586012
13.006193585861727	0.621070157355389
13.100441365469420	0.633556454440094
13.194689145077113	0.646143764903713
13.288936924684807	0.658647999309818
13.383184704292500	0.670855719640803
13.477432483900193	0.682525283596759
13.571680263507886	0.693388637505786
13.665928043115580	0.703153825325644
13.760175822723273	0.711508263864909
13.854423602330966	0.718122813585816
13.948671381938659	0.722656651605345
14.042919161546353	0.724762930214619
14.137166941154046	0.724095181500336
14.231414720761739	0.720314406950811
14.325662500369432	0.713096769851907
14.419910279977126	0.702141786422794
14.514158059584819	0.687180886734117
14.608405839192512	0.667986185740144
14.702653618800205	0.644379265697197
14.796901398407899	0.616239722434091
14.891149178015592	0.583513170212554
14.985396957623285	0.546218337348088
15.079644737230979	0.504452825388861
15.173892516838672	0.458397060481611
15.268140296446365	0.408315951574658
15.362388076054058	0.354557802033189
15.456635855661752	0.297550112073617
15.550883635269445	0.237792065306596
15.645131414877138	0.175843709026103
15.739379194484831	0.112312097105579
15.833626974092525	0.047834936478810
15.927874753700218	-0.016937475013280
16.022122533307911	-0.081361049272698
16.116370312915606	-0.144816390377159
16.210618092523301	-0.206725927176254
16.304865872130996	-0.266568797578061
16.399113651738691	-0.323892804995345
16.493361431346386	-0.378323036802035
16.587609210954081	-0.429567014350282
16.681856990561776	-0.477416497743350
16.776104770169471	-0.521746269870900
16.870352549777166	-0.562510359902505
16.964600329384862	-0.599736235661822
17.058848108992557	-0.633517505679094
17.153095888600252	-0.664005639245835
17.247343668207947	-0.691401151983983
17.341591447815642	-0.715944629400592
17.435839227423337	-0.737907882671209
17.530087007031032	-0.757585456933966
17.624334786638727	-0.775286646839255
17.718582566246422	-0.791328118588963
17.812830345854117	-0.806027192139055
17.907078125461812	-0.819695800676372
18.001325905069507	-0.832635115693137
18.095573684677202	-0.845130803868046
18.189821464284897	-0.857448865721896
18.284069243892592	-0.869831995180314
18.378317023500287	-0.882496393535469
18.472564803107982	-0.895628970772156
18.566812582715677	-0.909384871721028
18.661060362323372	-0.923885273795194
18.755308141931067	-0.939215416690209
18.849555921538762	-0.955422841612335
