0.000000000000000	0.100000000000000
0.235619449019234	0.099608171408966
0.471238898038469	0.099414154895978
0.706858347057703	0.098425636029446
0.942477796076938	0.095242578323753
1.178097245096172	0.088240804186677
1.413716694115407	0.075849269396566
1.649336143134641	0.056908222392687
1.884955592153876	0.031052706493911
2.120575041173110	-0.000975424095117
2.356194490192345	-0.037201738535470
2.591813939211579	-0.074571170379460
2.827433388230814	-0.109401228349771
3.063052837250048	-0.138063483588118
3.298672286269283	-0.157727937019866
3.534291735288517	-0.166957883191983
3.769911184307752	-0.165973901040014
4.005530633326986	-0.156514318482712
4.241150082346220	-0.141360534268394
4.476769531365454	-0.123700297099051
4.712388980384688	-0.106524107635135
4.948008429403922	-0.092193771664193
5.183627878423156	-0.082230630829434
5.419247327442390	-0.077290779763953
5.654866776461624	-0.077251526868283
5.890486225480858	-0.081329651056104
6.126105674500092	-0.088176002963139
6.361725123519326	-0.095927970332889
6.597344572538560	-0.102239300889639
6.832964021557794	-0.104337142315514
7.068583470577028	-0.099171510349333
7.304202919596262	-0.083715145154397
7.539822368615496	-0.055436481381868
7.775441817634730	-0.012908077451857
8.011061266653964	0.043557217805049
8.246680715673198	0.111406298573333
8.482300164692433	0.185669542165530
8.717919613711667	0.259278759016535
8.953539062730901	0.323981287308835
9.189158511750135	0.371803893773586
9.424777960769369	0.396781260694396
9.660397409788603	0.396422493273624
9.896016858807837	0.372343939076284
10.131636307827071	0.329785916989861
10.367255756846305	0.276223255435447
10.602875205865539	0.219638987432666
10.838494654884773	0.167041711248297
11.074114103904007	0.123552937220544
11.309733552923241	0.092098139945817
11.545353001942475	0.073551266023874
11.780972450961709	0.067122603668799
12.016591899980943	0.070800493617024
12.252211349000177	0.081717358750884
12.487830798019411	0.096384796083839
12.723450247038645	0.110814442693668
12.959069696057879	0.120597829115680
13.194689145077113	0.121048329228310
13.430308594096347	0.107502553987735
13.665928043115581	0.075833694454300
13.901547492134815	0.023155506122396
14.137166941154049	-0.051379668908890
14.372786390173284	-0.145831803662301
14.608405839192518	-0.254931874176219
14.844025288211752	-0.369934426245775
15.079644737230986	-0.479124259567598
15.315264186250220	-0.569284359811555
15.550883635269454	-0.628232017272211
15.786503084288688	-0.647923212779618
16.022122533307922	-0.626904295485666
16.257741982327158	-0.570812750276949
16.493361431346393	-0.490593481194117
16.728980880365629	-0.399388210769398
16.964600329384865	-0.309546911996498
17.200219778404101	-0.230694794545944
17.435839227423337	-0.168985229328127
17.671458676442573	-0.127201894012588
17.907078125461808	-0.105299973353419
18.142697574481044	-0.101078722582736
18.378317023500280	-0.110795918202822
18.613936472519516	-0.129629851881691
18.849555921538752	-0.151977630574360
