0.000000000000000	0.000000000000000
0.942477796076938	0.092915383013547
1.884955592153876	0.149264709008644
2.827433388230814	0.077585891876166
3.769911184307752	-0.097839582051850
4.712388980384690	-0.217445875771199
5.654866776461628	-0.282475832243115
6.597344572538566	-0.359138734029372
7.539822368615503	-0.400643946611534
8.482300164692441	-0.232709086592757
9.424777960769379	0.186644590974886
10.367255756846317	0.484666258281710
11.309733552923255	0.504368784665050
12.252211349000193	0.473581923878242
13.194689145077131	0.464274015811994
14.137166941154069	0.357652469341166
15.079644737231007	0.001821954245963
16.022122533307943	-0.412568756241219
16.964600329384879	-0.492140757203552
17.907078125461815	-0.366006410567070
18.849555921538752	-0.242690427293695
