0.000000000000000	0.000000000000000
0.117809724509617	0.011760153754178
0.235619449019234	0.023498258596106
0.353429173528852	0.035228117951143
0.471238898038469	0.046953780489242
0.589048622548086	0.058665753820401
0.706858347057703	0.070337550833908
0.824668071567321	0.081922694572353
0.942477796076938	0.093352332114133
1.060287520586555	0.104533628418683
1.178097245096172	0.115349122353612
1.295906969605790	0.125657224129964
1.413716694115407	0.135294011767517
1.531526418625024	0.144076441030330
1.649336143134641	0.151807017618664
1.767145867644259	0.158279893994995
1.884955592153876	0.163288250661628
2.002765316663493	0.166632710380639
2.120575041173110	0.168130423392161
2.238384765682727	0.167624363204240
2.356194490192344	0.164992297340293
2.474004214701961	0.160154855958877
2.591813939211578	0.153082121841858
2.709623663721195	0.143798213109572
2.827433388230812	0.132383426427527
2.945243112740429	0.118973650040818
3.063052837250046	0.103756934275427
3.180862561759663	0.086967308693756
3.298672286269280	0.068876142019166
3.416482010778897	0.049781532560542
3.534291735288514	0.029996372134226
3.652101459798131	0.009835827133297
3.769911184307748	-0.010394985883776
3.887720908817365	-0.030412389857957
4.005530633326982	-0.049963964501632
4.123340357836599	-0.068836307570099
4.241150082346216	-0.086860441972708
4.358959806855833	-0.103914764818213
4.476769531365450	-0.119925616082747
4.594579255875067	-0.134865696231187
4.712388980384684	-0.148750672554772
4.830198704894301	-0.161634378508902
4.948008429403918	-0.173603030188738
5.065818153913535	-0.184768865098728
5.183627878423152	-0.195263559309299
5.301437602932769	-0.205231710007372
5.419247327442386	-0.214824591359912
5.537057051952003	-0.224194311549483
5.654866776461621	-0.233488425267499
5.772676500971238	-0.242844994513421
5.890486225480855	-0.252388045091165
6.008295949990472	-0.262223338924950
6.126105674500089	-0.272434374046385
6.243915399009706	-0.283078534487161
6.361725123519323	-0.294183340029379
6.479534848028940	-0.305742788622462
6.597344572538557	-0.317713839199357
6.715154297048174	-0.330013145601002
6.832964021557791	-0.342514218317915
6.950773746067408	-0.355045253738637
7.068583470577025	-0.367387923665880
7.186393195086642	-0.379277453689578
7.304202919596259	-0.390404330490867
7.422012644105876	-0.400417959321831
7.539822368615493	-0.408932539900169
7.657632093125110	-0.415535340856015
7.775441817634727	-0.419797432125055
7.893251542144344	-0.421286786958578
8.011061266653961	-0.419583498580232
8.128870991163579	-0.414296680206346
8.246680715673197	-0.405082440417888
8.364490440182815	-0.391662157467362
8.482300164692433	-0.373840124840808
8.600109889202050	-0.351519516947125
8.717919613711668	-0.324715543068794
8.835729338221286	-0.293564640455963
8.953539062730904	-0.258328629602154
9.071348787240522	-0.219392942805052
9.189158511750140	-0.177258359485347
9.306968236259758	-0.132526137562267
9.424777960769376	-0.085876989555439
9.542587685278994	-0.038044952476976
9.660397409788612	0.010212246360594
9.778207134298230	0.058144316189707
9.896016858807847	0.105038825255693
10.013826583317465	0.150248800365424
10.131636307827083	0.193215715627925
10.249446032336701	0.233486603951950
10.367255756846319	0.270724643703291
10.485065481355937	0.304713188684514
10.602875205865555	0.335353738227895
10.720684930375173	0.362658732749071
10.838494654884791	0.386740290157665
10.956304379394409	0.407796080196726
11.074114103904027	0.426093495069327
11.191923828413644	0.441953150509006
11.309733552923262	0.455732575415558
11.427543277432880	0.467810748287795
11.545353001942498	0.478573935999347
11.663162726452116	0.488403099830931
11.780972450961734	0.497662965183111
11.898782175471352	0.506692711757547
12.016591899980970	0.515798134489200
12.134401624490588	0.525245054482797
12.252211349000206	0.535253724273571
12.370021073509823	0.545993971862333
12.487830798019441	0.557580860534329
12.605640522529059	0.570070702282855
12.723450247038677	0.583457346059172
12.841259971548295	0.597668760957783
12.959069696057913	0.612564040350429
13.076879420567531	0.627931056245255
13.194689145077149	0.643485083343103
13.312498869586767	0.658868778975362
13.430308594096385	0.673653939123413
13.548118318606003	0.687345445529037
13.665928043115620	0.699387772223426
13.783737767625238	0.709174334623572
13.901547492134856	0.716059848957783
14.019357216644474	0.719375736287766
14.137166941154092	0.718448466614618
14.254976665663710	0.712620603793935
14.372786390173328	0.701274182739154
14.490596114682946	0.683855917609583
14.608405839192564	0.659903584283826
14.726215563702182	0.629072718456480
14.844025288211800	0.591162503498395
14.961835012721417	0.546139390445324
15.079644737231035	0.494156630813484
15.197454461740653	0.435567589951386
15.315264186250271	0.370930564493361
15.433073910759889	0.301002992677823
15.550883635269507	0.226723539152849
15.668693359779125	0.149181596339498
15.786503084288743	0.069575184008314
15.904312808798361	-0.010840185237327
16.022122533307979	-0.090807710817650
16.139932257817595	-0.169125753788838
16.257741982327211	-0.244699611343456
16.375551706836827	-0.316584403341837
16.493361431346443	-0.384016186241352
16.611171155856059	-0.446430033165798
16.728980880365675	-0.503465381139976
16.846790604875292	-0.554960170651578
16.964600329384908	-0.600936051166504
17.082410053894524	-0.641577200999415
17.200219778404140	-0.677205209536521
17.318029502913756	-0.708252132338112
17.435839227423372	-0.735233385823651
17.553648951932988	-0.758721695062727
17.671458676442604	-0.779322902525058
17.789268400952221	-0.797654110763422
17.907078125461837	-0.814324369446467
18.024887849971453	-0.829917918194155
18.142697574481069	-0.844979850591172
18.260507298990685	-0.860003963310329
18.378317023500301	-0.875422492893093
18.496126748009917	-0.891597419666438
18.613936472519534	-0.908813032823774
18.731746197029150	-0.927269501284437
18.849555921538766	-0.947077277558303
