0.000000000000000	0.100000000000000
0.171359599286716	0.099664559891761
0.342719198573432	0.099562833889437
0.514078797860148	0.099406706619417
0.685438397146864	0.098771588147407
0.856797996433580	0.097120624745090
1.028157595720296	0.093840961127185
1.199517195007012	0.088294053911839
1.370876794293728	0.079880063155415
1.542236393580444	0.068113295812733
1.713595992867160	0.052702022031232
1.884955592153876	0.033622533548859
2.056315191440592	0.011175043568005
2.227674790727308	-0.013991152285365
2.399034390014025	-0.040893366378161
2.570393989300741	-0.068277050865271
2.741753588587457	-0.094720987412590
2.913113187874173	-0.118775879749954
3.084472787160889	-0.139118696820952
3.255832386447605	-0.154700178677442
3.427191985734321	-0.164862074753987
3.598551585021037	-0.169404837955422
3.769911184307753	-0.168595230454247
3.941270783594469	-0.163114656153334
4.112630382881185	-0.153960022809658
4.283989982167901	-0.142316603335536
4.455349581454617	-0.129424949806216
4.626709180741333	-0.116461407516261
4.798068780028049	-0.104445669348125
4.969428379314765	-0.094181281043635
5.140787978601481	-0.086228067543523
5.312147577888197	-0.080900416131040
5.483507177174913	-0.078282728165737
5.654866776461629	-0.078252997480833
5.826226375748345	-0.080506878207890
5.997585975035062	-0.084577133844126
6.168945574321778	-0.089846422378905
6.340305173608494	-0.095554493632851
6.511664772895210	-0.100803686058068
6.683024372181926	-0.104568794676540
6.854383971468642	-0.105718616164282
7.025743570755358	-0.103056414119385
7.197103170042074	-0.095384878101398
7.368462769328790	-0.081597746766547
7.539822368615506	-0.060795357447669
7.711181967902222	-0.032415655394777
7.882541567188938	0.003633311935511
8.053901166475654	0.046857593874192
8.225260765762370	0.096098574835924
8.396620365049085	0.149511505153974
8.567979964335800	0.204619179520240
8.739339563622515	0.258453363825930
8.910699162909230	0.307787017205708
9.082058762195945	0.349444939479599
9.253418361482661	0.380659688461238
9.424777960769376	0.399418364928938
9.596137560056091	0.404733502761153
9.767497159342806	0.396777434448161
9.938856758629521	0.376847118869636
10.110216357916237	0.347167555099748
10.281575957202952	0.310580596264348
10.452935556489667	0.270187364730897
10.624295155776382	0.229011131692474
10.795654755063097	0.189728813264499
10.967014354349812	0.154493918961146
11.138373953636528	0.124851314846880
11.309733552923243	0.101729181283704
11.481093152209958	0.085486324340370
11.652452751496673	0.075991653393892
11.823812350783388	0.072715023543161
11.995171950070104	0.074813173168626
12.166531549356819	0.081200133155490
12.337891148643534	0.090597514114919
12.509250747930249	0.101565876812944
12.680610347216964	0.112523398493828
12.851969946503679	0.121761746115677
13.023329545790395	0.127470975174555
13.194689145077110	0.127784970730814
13.366048744363825	0.120856199408021
13.537408343650540	0.104963522924878
13.708767942937255	0.078650353027945
13.880127542223970	0.040883971235430
14.051487141510686	-0.008777936681849
14.222846740797401	-0.070029601006481
14.394206340084116	-0.141684533672269
14.565565939370831	-0.221584713992409
14.736925538657546	-0.306572413857444
14.908285137944262	-0.392553781441268
15.079644737230977	-0.474691381833505
15.251004336517692	-0.547759976432901
15.422363935804407	-0.606672820630799
15.593723535091122	-0.647129583096338
15.765083134377837	-0.666266740654766
15.936442733664553	-0.663144254780108
16.107802332951270	-0.638918499498443
16.279161932237987	-0.596640034312088
16.450521531524704	-0.540737103795706
16.621881130811420	-0.476337870713415
16.793240730098137	-0.408604230911816
16.964600329384854	-0.342203571068652
17.135959928671571	-0.280971297833127
17.307319527958288	-0.227755110917691
17.478679127245005	-0.184399010736645
17.650038726531722	-0.151817769488554
17.821398325818439	-0.130119482561046
17.992757925105156	-0.118744781030273
18.164117524391873	-0.116601282073699
18.335477123678590	-0.122179905137093
18.506836722965307	-0.133646563056466
18.678196322252024	-0.148909209483390
18.849555921538741	-0.165666291031403
