0.000000000000000	0.100000000000000
0.471238898038469	0.099277224599678
0.942477796076938	0.093618001325143
1.413716694115407	0.070789927374281
1.884955592153876	0.021526422209260
2.356194490192345	-0.049394702888259
2.827433388230814	-0.119109037009039
3.298672286269283	-0.159165665587965
3.769911184307752	-0.157358901770800
4.241150082346221	-0.126684116789786
4.712388980384690	-0.092183861042045
5.183627878423159	-0.072441996690362
5.654866776461628	-0.072413129085342
6.126105674500097	-0.085769109988654
6.597344572538566	-0.098021435092252
7.068583470577035	-0.088131711794695
7.539822368615503	-0.033655110329610
8.011061266653972	0.075420743901295
8.482300164692440	0.218882586402093
8.953539062730908	0.342308397045963
9.424777960769376	0.385007051234430
9.896016858807844	0.329177426154473
10.367255756846312	0.216959293676905
10.838494654884780	0.110913077254132
11.309733552923248	0.049576695515118
11.780972450961716	0.037653284571837
12.252211349000184	0.058282264891672
12.723450247038652	0.084932706557289
13.194689145077120	0.086072717064972
13.665928043115589	0.029875066334417
14.137166941154057	-0.101814736016775
14.608405839192525	-0.291872292137975
15.079644737230993	-0.475077007270277
15.550883635269461	-0.560429752917509
16.022122533307929	-0.500243555322568
16.493361431346397	-0.340005812171138
16.964600329384865	-0.172242114685139
17.435839227423333	-0.062007385185671
17.907078125461801	-0.024812144751269
18.378317023500269	-0.041910859044861
18.849555921538737	-0.079249953425276
