0.000000000000000	0.000000000000000
0.209439510239320	0.020878153661258
0.418879020478639	0.041713346339900
0.628318530717959	0.062495707908485
0.837758040957278	0.083053647442435
1.047197551196598	0.103003963999722
1.256637061435917	0.121724303335895
1.466076571675237	0.138357776695288
1.675516081914556	0.151858477605154
1.884955592153876	0.161082020806867
2.094395102393196	0.164916988110472
2.303834612632515	0.162442641866927
2.513274122871834	0.153088165151776
2.722713633111154	0.136762393380536
2.932153143350473	0.113923494248594
3.141592653589793	0.085566800261229
3.351032163829112	0.053125111304000
3.560471674068431	0.018295656221609
3.769911184307751	-0.017174243355569
3.979350694547070	-0.051701000751463
4.188790204786390	-0.084038212941325
4.398229715025709	-0.113382581933753
4.607669225265029	-0.139403546994440
4.817108735504349	-0.162205234679514
5.026548245743669	-0.182240603949358
5.235987755982989	-0.200201060390744
5.445427266222309	-0.216901590776831
5.654866776461628	-0.233174489180885
5.864306286700948	-0.249777025143749
6.073745796940268	-0.267312229083206
6.283185307179588	-0.286158626585878
6.492624817418908	-0.306404644732695
6.702064327658228	-0.327786294042823
6.911503837897548	-0.349631860945450
7.120943348136867	-0.370823517601486
7.330382858376187	-0.389791258376541
7.539822368615507	-0.404557326453664
7.749261878854827	-0.412847326616102
7.958701389094147	-0.412276433841060
8.168140899333466	-0.400605939913082
8.377580409572785	-0.376048806001003
8.587019919812104	-0.337585691369956
8.796459430051423	-0.285238083707657
9.005898940290741	-0.220236414720445
9.215338450530060	-0.145024268095423
9.424777960769379	-0.063062157596847
9.634217471008698	0.021561393277181
9.843656981248017	0.104647489240012
10.053096491487336	0.182424637975601
10.262536001726655	0.251989582792414
10.471975511965974	0.311568002074682
10.681415022205293	0.360570136547121
10.890854532444612	0.399470602852209
11.100294042683931	0.429572549036566
11.309733552923250	0.452721454716274
11.519173063162569	0.471021714446260
11.728612573401888	0.486589842914374
11.938052083641207	0.501358857442055
12.147491593880526	0.516932985074490
12.356931104119845	0.534482089423437
12.566370614359164	0.554661666195030
12.775810124598483	0.577546531609457
12.985249634837801	0.602573214797223
13.194689145077120	0.628495620195675
13.404128655316439	0.653368174552552
13.613568165555758	0.674577470024672
13.823007675795077	0.688944722809030
14.032447186034396	0.692915967997461
14.241886696273715	0.682845898329046
14.451326206513034	0.655367529093758
14.660765716752353	0.607825695055579
14.870205226991672	0.538736494487189
15.079644737230991	0.448212695631843
15.289084247470310	0.338265580366420
15.498523757709629	0.212869239274009
15.707963267948948	0.077683909243002
15.917402778188267	-0.060589781310167
16.126842288427586	-0.195122145464866
16.336281798666906	-0.319906689064432
16.545721308906227	-0.430502587871902
16.755160819145548	-0.524408992312725
16.964600329384869	-0.601059005141460
17.174039839624189	-0.661532176561141
17.383479349863510	-0.708120092817585
17.592918860102831	-0.743858114873752
17.802358370342152	-0.772094642231517
18.011797880581472	-0.796131942238720
18.221237390820793	-0.818946726201333
18.430676901060114	-0.842982793607979
18.640116411299434	-0.869999797372302
18.849555921538755	-0.900960545453031
