0.000000000000000	0.100000000000000
0.376991118430775	0.099480784844987
0.753982236861550	0.097503509100536
1.130973355292325	0.088374353044556
1.507964473723101	0.065830838988342
1.884955592153876	0.026417573087759
2.261946710584651	-0.027110039054066
2.638937829015426	-0.084765043353856
3.015928947446202	-0.132504448586307
3.392920065876977	-0.158655696280078
3.769911184307752	-0.159717419073753
4.146902302738527	-0.141569528017218
4.523893421169302	-0.115599007904044
4.900884539600077	-0.092979456804292
5.277875658030852	-0.080717365796882
5.654866776461627	-0.080589117280901
6.031857894892402	-0.089801039473925
6.408849013323176	-0.101807962527402
6.785840131753951	-0.106790971743305
7.162831250184726	-0.092648473376691
7.539822368615501	-0.047939953385500
7.916813487046276	0.032714734313738
8.293804605477051	0.142596625531848
8.670795723907826	0.260199839295980
9.047786842338601	0.354036163286593
9.424777960769376	0.395792186629216
9.801769079200151	0.375527419078014
10.178760197630925	0.307306387468530
10.555751316061700	0.220209752507044
10.932742434492475	0.142909842486505
11.309733552923250	0.093089587759824
11.686724671354025	0.075267223670777
12.063715789784800	0.083814440454662
12.440706908215574	0.106748809531415
12.817698026646349	0.128001984308628
13.194689145077124	0.128675548391557
13.571680263507899	0.089533442100672
13.948671381938674	-0.003490898730378
14.325662500369448	-0.151467160272155
14.702653618800223	-0.335457001083561
15.079644737230998	-0.514790144133827
15.456635855661773	-0.636811522697017
15.833626974092548	-0.661514137937509
16.210618092523323	-0.587360538397511
16.587609210954099	-0.452379320890207
16.964600329384876	-0.308722834321085
17.341591447815652	-0.196675967507550
17.718582566246429	-0.134738939616593
18.095573684677206	-0.122138869217225
18.472564803107982	-0.145133458058323
18.849555921538759	-0.182146251464478
