0.000000000000000	0.100000000000000
0.269279370307697	0.099582567534960
0.538558740615393	0.099221999868991
0.807838110923090	0.097264808434605
1.077117481230786	0.091467564732009
1.346396851538483	0.079435166672185
1.615676221846179	0.059249821259848
1.884955592153876	0.030193616840759
2.154234962461572	-0.006648184673516
2.423514332769269	-0.048173072770854
2.692793703076966	-0.089641645915975
2.962073073384662	-0.125662794598835
3.231352443692359	-0.151534989398004
3.500631814000055	-0.164493982939269
3.769911184307752	-0.164401487763474
4.039190554615448	-0.153626046231795
4.308469924923145	-0.136216174181923
4.577749295230841	-0.116744070977534
4.847028665538538	-0.099254318845599
5.116308035846235	-0.086597467936834
5.385587406153931	-0.080196855528362
5.654866776461628	-0.080122247697887
5.924146146769324	-0.085283777374889
6.193425517077021	-0.093600330101546
6.462704887384717	-0.102092687355236
6.731984257692414	-0.106958099720499
7.001263628000110	-0.103762980501735
7.270542998307807	-0.087911653928046
7.539822368615503	-0.055484640734078
7.809101738923200	-0.004387783693878
8.078381109230897	0.064440992401731
8.347660479538593	0.146175684012333
8.616939849846290	0.232053358056169
8.886219220153986	0.310495924587263
9.155498590461683	0.369479402733138
9.424777960769379	0.399684564211583
9.694057331077076	0.397320515723378
9.963336701384772	0.365307947658477
10.232616071692469	0.312194532742943
10.501895442000166	0.249385974340908
10.771174812307862	0.188038059418206
11.040454182615559	0.136773753628842
11.309733552923255	0.100665926605034
11.579012923230952	0.081293429714327
11.848292293538648	0.077399046733212
12.117571663846345	0.085685545663388
12.386851034154041	0.101443297510606
12.656130404461738	0.118912795631206
12.925409774769435	0.131482855123812
13.194689145077131	0.131956715628402
13.463968515384828	0.113138270240248
13.733247885692524	0.068877413432047
14.002527256000221	-0.004496403549998
14.271806626307917	-0.106623096537241
14.541085996615614	-0.231807991950330
14.810365366923310	-0.368370650187090
15.079644737231007	-0.499209250009561
15.348924107538704	-0.604338495312183
15.618203477846400	-0.665750331648321
15.887482848154097	-0.673347615416364
16.156762218461793	-0.628893666466053
16.426041588769490	-0.545312014849136
16.695320959077186	-0.441741486541033
16.964600329384883	-0.337454958758581
17.233879699692579	-0.247529050402000
17.503159070000276	-0.181112933622738
17.772438440307972	-0.141615470069184
18.041717810615669	-0.127798030982653
18.310997180923366	-0.135036565395264
18.580276551231062	-0.156360596047416
18.849555921538759	-0.183155609625233
