0.000000000000000	0.000000000000000
0.628318530717959	0.062283018060378
1.256637061435917	0.118565734981111
1.884955592153876	0.149830047615610
2.513274122871834	0.131964850390080
3.141592653589793	0.061787804477030
3.769911184307752	-0.032539655539572
4.398229715025710	-0.116464466194025
5.026548245743669	-0.178361906899108
5.654866776461628	-0.230037646236513
6.283185307179586	-0.287410045504924
6.911503837897545	-0.350981377166717
7.539822368615503	-0.392397422501696
8.168140899333462	-0.359065187198544
8.796459430051421	-0.214159694696628
9.424777960769379	0.011853752472264
10.053096491487338	0.230538998129979
10.681415022205297	0.375119258281438
11.309733552923255	0.449162930612596
11.938052083641214	0.497949638215764
12.566370614359172	0.559288330913889
13.194689145077131	0.633486338980770
13.823007675795090	0.671027956243387
14.451326206513048	0.587981740447336
15.079644737231007	0.329424808393010
15.707963267948966	-0.051004532462414
16.336281798666924	-0.406761806086634
16.964600329384883	-0.634200540062585
17.592918860102841	-0.746904782588943
18.221237390820800	-0.819783749291269
18.849555921538759	-0.911759251983661
