0.000000000000000	0.000000000000000
0.942477796076938	0.091144469943295
1.884955592153876	0.141198222069131
2.827433388230814	0.086619455956121
3.769911184307752	-0.039892918295594
4.712388980384690	-0.146945754020832
5.654866776461628	-0.226889831986176
6.597344572538566	-0.316447673433113
7.539822368615503	-0.370523061092681
8.482300164692441	-0.245398076866358
9.424777960769379	0.061842152904205
10.367255756846317	0.320513261803404
11.309733552923255	0.431968606789044
12.252211349000193	0.507288802104841
13.194689145077131	0.602615367805553
14.137166941154069	0.570976884454539
15.079644737231007	0.213231974649875
16.022122533307943	-0.300666268662903
16.964600329384879	-0.609943216107371
17.907078125461815	-0.723753684037066
18.849555921538752	-0.837531910595384
