0.000000000000000	0.100000000000000
0.157079632679490	0.099680243623268
0.314159265358979	0.099576924330381
0.471238898038469	0.099484968731932
0.628318530717959	0.099100302503913
0.785398163397448	0.098034100672142
0.942477796076938	0.095833776506148
1.099557428756428	0.092011965420967
1.256637061435917	0.086083984337399
1.413716694115407	0.077612937465459
1.570796326794897	0.066259940283041
1.727875959474386	0.051835119136061
1.884955592153876	0.034343490602807
2.042035224833366	0.014018940898436
2.199114857512855	-0.008660343962461
2.356194490192345	-0.032980312756707
2.513274122871834	-0.058026152950977
2.670353755551324	-0.082743434413345
2.827433388230814	-0.106020763516816
2.984513020910303	-0.126785667356734
3.141592653589793	-0.144102534277652
3.298672286269283	-0.157260096491649
3.455751918948772	-0.165836668306420
3.612831551628262	-0.169734277557964
3.769911184307752	-0.169177535901163
3.926990816987241	-0.164678646228567
4.084070449666731	-0.156975110189806
4.241150082346221	-0.146950334268306
4.398229715025710	-0.135548753784612
4.555309347705200	-0.123696249957722
4.712388980384690	-0.112234041239350
4.869468613064179	-0.101870719251790
5.026548245743669	-0.093153528927492
5.183627878423159	-0.086457024541157
5.340707511102648	-0.081985241049232
5.497787143782138	-0.079782599029164
5.654866776461628	-0.079748803965041
5.811946409141117	-0.081653786468285
5.969026041820607	-0.085150003863964
6.126105674500097	-0.089780945951680
6.283185307179586	-0.094986257692506
6.440264939859076	-0.100105344964675
6.597344572538566	-0.104382522214811
6.754424205218055	-0.106977548875660
6.911503837897545	-0.106985632657144
7.068583470577035	-0.103470506853426
7.225663103256524	-0.095512920114526
7.382742735936014	-0.082274826854384
7.539822368615503	-0.063076916562712
7.696902001294993	-0.037484227572066
7.853981633974483	-0.005391921995040
8.011061266653972	0.032898701692033
8.168140899333462	0.076624928565632
8.325220532012953	0.124539063579445
8.482300164692443	0.174926558354716
8.639379797371934	0.225673622135318
8.796459430051424	0.274388267836550
8.953539062730915	0.318572532050731
9.110618695410405	0.355834706657909
9.267698328089896	0.384119782608937
9.424777960769386	0.401926719539733
9.581857593448877	0.408476719317849
9.738937226128368	0.403800973846715
9.896016858807858	0.388730082698147
10.053096491487349	0.364787103751043
10.210176124166839	0.334005639693526
10.367255756846330	0.298707162226226
10.524335389525820	0.261274688161252
10.681415022205311	0.223953834862896
10.838494654884801	0.188700978631588
10.995574287564292	0.157086075231921
11.152653920243782	0.130247776407009
11.309733552923273	0.108892047170299
11.466813185602764	0.093322397483735
11.623892818282254	0.083489284875459
11.780972450961745	0.079047366389234
11.938052083641235	0.079411426744591
12.095131716320726	0.083804541650581
12.252211349000216	0.091295031654487
12.409290981679707	0.100821754191159
12.566370614359197	0.111210018698428
12.723450247038688	0.121182650554195
12.880529879718178	0.129372241985433
13.037609512397669	0.134341195444697
13.194689145077160	0.134615616144374
13.351768777756650	0.128737387058766
13.508848410436141	0.115336010613582
13.665928043115631	0.093218456228359
13.823007675795122	0.061471997091544
13.980087308474612	0.019572603479991
14.137166941154103	-0.032509645183227
14.294246573833593	-0.094216632818550
14.451326206513084	-0.164328049166617
14.608405839192574	-0.240916313206506
14.765485471872065	-0.321343204648610
14.922565104551555	-0.402315929063487
15.079644737231046	-0.480024210445758
15.236724369910537	-0.550377266281192
15.393804002590027	-0.609344539482334
15.550883635269518	-0.653375124455891
15.707963267949008	-0.679834567584794
15.865042900628499	-0.687369836060554
16.022122533307989	-0.676111903264063
16.179202165987480	-0.647659112834729
16.336281798666970	-0.604843185999026
16.493361431346461	-0.551338230596365
16.650441064025951	-0.491206292791828
16.807520696705442	-0.428470946609727
16.964600329384933	-0.366781650361991
17.121679962064423	-0.309194070888355
17.278759594743914	-0.258060792529172
17.435839227423404	-0.215009565925823
17.592918860102895	-0.180981375316498
17.749998492782385	-0.156303303833911
17.907078125461876	-0.140776762580206
18.064157758141366	-0.133767279319802
18.221237390820857	-0.134286730050444
18.378317023500347	-0.141062745404932
18.535396656179838	-0.152593442058220
18.692476288859329	-0.167188847801428
18.849555921538819	-0.183003300781528
