0.000000000000000	0.000000000000000
0.094247779607694	0.009413238883415
0.188495559215388	0.018810056273629
0.282743338823081	0.028198822090809
0.376991118430775	0.037584664896314
0.471238898038469	0.046968181130192
0.565486677646163	0.056344213482048
0.659734457253857	0.065700721109191
0.753982236861550	0.075017768466099
0.848230016469244	0.084266663613716
0.942477796076938	0.093409280532878
1.036725575684632	0.102397602629500
1.130973355292326	0.111173525736614
1.225221134900019	0.119668957966192
1.319468914507713	0.127806250293225
1.413716694115407	0.135498985440359
1.507964473723100	0.142653143318765
1.602212253330794	0.149168649025647
1.696460032938488	0.154941294494872
1.790707812546181	0.159865007886048
1.884955592153875	0.163834426456198
1.979203371761569	0.166747709965485
2.073451151369263	0.168509513749654
2.167698930976957	0.169034024648980
2.261946710584650	0.168247950215746
2.356194490192344	0.166093343143845
2.450442269800038	0.162530139625826
2.544690049407731	0.157538293060039
2.638937829015425	0.151119393620933
2.733185608623119	0.143297679734627
2.827433388230812	0.134120369140258
2.921681167838506	0.123657264211625
3.015928947446200	0.111999617376744
3.110176727053894	0.099258276208384
3.204424506661587	0.085561162123971
3.298672286269281	0.071050169453792
3.392920065876975	0.055877600669258
3.487167845484668	0.040202276698547
3.581415625092362	0.024185476737687
3.675663404700056	0.007986868588200
3.769911184307750	-0.008239412176279
3.864158963915443	-0.024348387703303
3.958406743523137	-0.040207441305594
4.052654523130831	-0.055698998259458
4.146902302738525	-0.070722613632569
4.241150082346219	-0.085196428877974
4.335397861953913	-0.099057990450580
4.429645641561607	-0.112264452601681
4.523893421169301	-0.124792211131322
4.618141200776996	-0.136636034094139
4.712388980384690	-0.147807768677989
4.806636759992384	-0.158334710639835
4.900884539600078	-0.168257724163644
4.995132319207772	-0.177629196510661
5.089380098815466	-0.186510904297999
5.183627878423160	-0.194971857718345
5.277875658030855	-0.203086176577337
5.372123437638549	-0.210931038701213
5.466371217246243	-0.218584727978682
5.560618996853937	-0.226124796834929
5.654866776461631	-0.233626346927445
5.749114556069325	-0.241160422784687
5.843362335677019	-0.248792506313931
5.937610115284714	-0.256581095786048
6.031857894892408	-0.264576351146750
6.126105674500102	-0.272818788289237
6.220353454107796	-0.281338008146163
6.314601233715490	-0.290151451932198
6.408849013323184	-0.299263181327360
6.503096792930879	-0.308662691490507
6.597344572538573	-0.318323775103074
6.691592352146267	-0.328203466646542
6.785840131753961	-0.338241107204725
6.880087911361655	-0.348357580560002
6.974335690969349	-0.358454780460867
7.068583470577043	-0.368415375880148
7.162831250184738	-0.378102945073826
7.257079029792432	-0.387362549574363
7.351326809400126	-0.396021815332964
7.445574589007820	-0.403892579689369
7.539822368615514	-0.410773149582052
7.634070148223208	-0.416451198592794
7.728317927830902	-0.420707308512942
7.822565707438597	-0.423319135840681
7.916813487046291	-0.424066155866438
8.011061266653984	-0.422734907767089
8.105309046261677	-0.419124634407821
8.199556825869371	-0.413053181298646
8.293804605477064	-0.404362991285128
8.388052385084757	-0.392927006014855
8.482300164692450	-0.378654263121868
8.576547944300144	-0.361494960849802
8.670795723907837	-0.341444751400625
8.765043503515530	-0.318548023074222
8.859291283123223	-0.292899942065871
8.953539062730917	-0.264647050461602
9.047786842338610	-0.233986259821404
9.142034621946303	-0.201162140794019
9.236282401553996	-0.166462487457890
9.330530181161690	-0.130212226921395
9.424777960769383	-0.092765843766702
9.519025740377076	-0.054498586447715
9.613273519984769	-0.015796808670814
9.707521299592463	0.022952136829226
9.801769079200156	0.061369999928140
9.896016858807849	0.099097277515657
9.990264638415542	0.135801982285749
10.084512418023236	0.171187182540829
10.178760197630929	0.204997047687457
10.273007977238622	0.237021235208439
10.367255756846316	0.267097558464681
10.461503536454009	0.295112971114189
10.555751316061702	0.321002985839105
10.649999095669395	0.344749707864463
10.744246875277089	0.366378705699923
10.838494654884782	0.385954963319688
10.932742434492475	0.403578162023411
11.026990214100168	0.419377529872733
11.121237993707862	0.433506475568069
11.215485773315555	0.446137195441958
11.309733552923248	0.457455409967595
11.403981332530941	0.467655352315181
11.498229112138635	0.476935097976603
11.592476891746328	0.485492292780113
11.686724671354021	0.493520307806081
11.780972450961714	0.501204824573349
11.875220230569408	0.508720832948311
11.969468010177101	0.516230007908371
12.063715789784794	0.523878419781629
12.157963569392487	0.531794525950847
12.252211349000181	0.540087390172919
12.346459128607874	0.548845078404176
12.440706908215567	0.558133186976518
12.534954687823260	0.567993469642141
12.629202467430954	0.578442543763816
12.723450247038647	0.589470672009825
12.817698026646340	0.601040633426888
12.911945806254034	0.613086715703608
13.006193585861727	0.625513877698805
13.100441365469420	0.638197146736180
13.194689145077113	0.650981327607336
13.288936924684807	0.663681108618467
13.383184704292500	0.676081653496245
13.477432483900193	0.687939765976990
13.571680263507886	0.698985706290076
13.665928043115580	0.708925725836345
13.760175822723273	0.717445368958800
13.854423602330966	0.724213570009982
13.948671381938659	0.728887551370332
14.042919161546353	0.731118505067332
14.137166941154046	0.730558018249400
14.231414720761739	0.726865181393723
14.325662500369432	0.719714297296351
14.419910279977126	0.708803087150873
14.514158059584819	0.693861265069727
14.608405839192512	0.674659321504488
14.702653618800205	0.651017316699513
14.796901398407899	0.622813436280616
14.891149178015592	0.589992003307205
14.985396957623285	0.552570578826905
15.079644737230979	0.510645724292892
15.173892516838672	0.464396956127370
15.268140296446365	0.414088410041972
15.362388076054058	0.360067765802038
15.456635855661752	0.302762074435944
15.550883635269445	0.242670285059117
15.645131414877138	0.180352482577139
15.739379194484831	0.116416103027481
15.833626974092525	0.051499660836698
15.927874753700218	-0.013745235297267
16.022122533307911	-0.078672621652075
16.116370312915606	-0.142660631196275
16.210618092523301	-0.205128637253078
16.304865872130996	-0.265552196104154
16.399113651738691	-0.323475107388989
16.493361431346386	-0.378518173668129
16.587609210954081	-0.430384515092169
16.681856990561776	-0.478861546340250
16.776104770169471	-0.523819924760012
16.870352549777166	-0.565209917135695
16.964600329384862	-0.603055705930111
17.058848108992557	-0.637448171750802
17.153095888600252	-0.668536660322573
17.247343668207947	-0.696520184396018
17.341591447815642	-0.721638437723056
17.435839227423337	-0.744162920636992
17.530087007031032	-0.764388402611513
17.624334786638727	-0.782624880923366
17.718582566246422	-0.799190138108897
17.812830345854117	-0.814402954437516
17.907078125461812	-0.828576994314615
18.001325905069507	-0.842015356215719
18.095573684677202	-0.855005753345725
18.189821464284897	-0.867816275881249
18.284069243892592	-0.880691674872973
18.378317023500287	-0.893850102394452
18.472564803107982	-0.907480242195440
18.566812582715677	-0.921738769820532
18.661060362323372	-0.936748090626251
18.755308141931067	-0.952594317875727
18.849555921538762	-0.969325470310765
