0.000000000000000	0.100000000000000
0.110879740714934	0.099745285792621
0.221759481429868	0.099624597860571
0.332639222144802	0.099585905282107
0.443518962859736	0.099550830852007
0.554398703574669	0.099416315135077
0.665278444289603	0.099056930129433
0.776158185004537	0.098327977248067
0.887037925719471	0.097069501088505
0.997917666434405	0.095111323441237
1.108797407149339	0.092279149747512
1.219677147864273	0.088401723575419
1.330556888579206	0.083318907219865
1.441436629294140	0.076890454857758
1.552316370009074	0.069005128338106
1.663196110724008	0.059589696526456
1.774075851438941	0.048617270275981
1.884955592153875	0.036114369469783
1.995835332868809	0.022166107222376
2.106715073583743	0.006918916916988
2.217594814298677	-0.009419656550553
2.328474555013611	-0.026584431085712
2.439354295728545	-0.044259462042743
2.550234036443479	-0.062088222621961
2.661113777158413	-0.079686747534867
2.771993517873347	-0.096659150223362
2.882873258588281	-0.112614699095427
2.993752999303215	-0.127185458894944
3.104632740018149	-0.140043391946008
3.215512480733083	-0.150915789696947
3.326392221448017	-0.159597979913635
3.437271962162951	-0.165962430741905
3.548151702877885	-0.169963638395621
3.659031443592819	-0.171638515797939
3.769911184307753	-0.171102359579177
3.880790925022687	-0.168540821137538
3.991670665737621	-0.164198603788453
4.102550406452555	-0.158365820068352
4.213430147167489	-0.151363051812003
4.324309887882422	-0.143526156881644
4.435189628597356	-0.135191771117302
4.546069369312289	-0.126684283987495
4.656949110027223	-0.118304849477069
4.767828850742156	-0.110322758962074
4.878708591457090	-0.102969276113300
4.989588332172024	-0.096433835382744
5.100468072886957	-0.090862348581940
5.211347813601891	-0.086357254905132
5.322227554316824	-0.082978889166870
5.433107295031758	-0.080747727367877
5.543987035746691	-0.079647091519385
5.654866776461625	-0.079625949047624
5.765746517176559	-0.080601517822840
5.876626257891492	-0.082461478089012
5.987505998606426	-0.085065690349841
6.098385739321359	-0.088247417630691
6.209265480036293	-0.091814146409148
6.320145220751226	-0.095548188413988
6.431024961466160	-0.099207321193938
6.541904702181093	-0.102525784513305
6.652784442896027	-0.105215987611514
6.763664183610961	-0.106971294314408
6.874543924325894	-0.107470234223826
6.985423665040828	-0.106382434964497
7.096303405755761	-0.103376480874670
7.207183146470695	-0.098129778737845
7.318062887185628	-0.090340356218072
7.428942627900562	-0.079740342886183
7.539822368615495	-0.066110700177386
7.650702109330429	-0.049296590652437
7.761581850045363	-0.029222623862345
7.872461590760296	-0.005907098592749
7.983341331475230	0.020525712837106
8.094221072190164	0.049836220789955
8.205100812905098	0.081664081527142
8.315980553620031	0.115527575362822
8.426860294334965	0.150828603993301
8.537740035049898	0.186863950960125
8.648619775764832	0.222843211110509
8.759499516479766	0.257913452333554
8.870379257194699	0.291190204404495
8.981258997909633	0.321793775043976
9.092138738624566	0.348889208923581
9.203018479339500	0.371727514597437
9.313898220054433	0.389685212905442
9.424777960769367	0.402298954002077
9.535657701484300	0.409292036250868
9.646537442199234	0.410590203999612
9.757417182914168	0.406325072287479
9.868296923629101	0.396824791423995
9.979176664344035	0.382592912586095
10.090056405058968	0.364277612225549
10.200936145773902	0.342634280550817
10.311815886488835	0.318484865650689
10.422695627203769	0.292677282756381
10.533575367918703	0.266047732060325
10.644455108633636	0.239388058142936
10.755334849348570	0.213419481222146
10.866214590063503	0.188773263570874
10.977094330778437	0.165978229144041
11.087974071493370	0.145454570625489
11.198853812208304	0.127513058846334
11.309733552923237	0.112358595054364
11.420613293638171	0.100096987456034
11.531493034353105	0.090743860325780
11.642372775068038	0.084234692090587
11.753252515782972	0.080435109447884
11.864132256497905	0.079150724063760
11.975011997212839	0.080135976291037
12.085891737927772	0.083101637908802
12.196771478642706	0.087720815090981
12.307651219357640	0.093633475905254
12.418530960072573	0.100449696034823
12.529410700787507	0.107751964685817
12.640290441502440	0.115097012539590
12.751170182217374	0.122017708053154
12.862049922932307	0.128025610664745
12.972929663647241	0.132614763644642
13.083809404362174	0.135267251424215
13.194689145077108	0.135460935558145
13.305568885792042	0.132679624391699
13.416448626506975	0.126425734863423
13.527328367221909	0.116235288458739
13.638208107936842	0.101694870619928
13.749087848651776	0.082459999658363
13.859967589366709	0.058274219903083
13.970847330081643	0.028988166997189
14.081727070796576	-0.005422152672991
14.192606811511510	-0.044838594579461
14.303486552226444	-0.088986318245096
14.414366292941377	-0.137422162078533
14.525246033656311	-0.189526799509337
14.636125774371244	-0.244501772506152
14.747005515086178	-0.301372844509420
14.857885255801111	-0.359001474797284
14.968764996516045	-0.416106440445400
15.079644737230979	-0.471297521350632
15.190524477945912	-0.523122513965500
15.301404218660846	-0.570127512695410
15.412283959375779	-0.610928410672334
15.523163700090713	-0.644289167405752
15.634043440805646	-0.669200055791428
15.744923181520580	-0.684947482212317
15.855802922235513	-0.691166693792235
15.966682662950447	-0.687870105583612
16.077562403665382	-0.675447000659674
16.188442144380318	-0.654634384863160
16.299321885095253	-0.626462887209777
16.410201625810188	-0.592184830735353
16.521081366525124	-0.553193292445790
16.631961107240059	-0.510940941495291
16.742840847954994	-0.466865980430205
16.853720588669930	-0.422330202522723
16.964600329384865	-0.378571668177616
17.075480070099800	-0.336672311627245
17.186359810814736	-0.297539203763771
17.297239551529671	-0.261897281419827
17.408119292244606	-0.230291012360271
17.518999032959542	-0.203092528247849
17.629878773674477	-0.180514048798763
17.740758514389412	-0.162622799207335
17.851638255104348	-0.149357000579848
17.962517995819283	-0.140541847544968
18.073397736534218	-0.135904670222136
18.184277477249154	-0.135088719748572
18.295157217964089	-0.137665233741951
18.406036958679024	-0.143143643627450
18.516916699393960	-0.150979985533438
18.627796440108895	-0.160583767833078
18.738676180823830	-0.171323721335124
18.849555921538766	-0.182532997371181
