0.000000000000000	0.100000000000000
0.942477796076938	0.091618548162092
1.884955592153876	0.010178849052820
2.827433388230814	-0.115068665452939
3.769911184307752	-0.134195555797636
4.712388980384690	-0.085236106555673
5.654866776461628	-0.084533325244571
6.597344572538566	-0.106759487371363
7.539822368615503	-0.006145374364958
8.482300164692441	0.253155347467381
9.424777960769379	0.346317635090946
10.367255756846317	0.171781467403526
11.309733552923255	0.060465018902862
12.252211349000193	0.100229368171640
13.194689145077131	0.102173944621787
14.137166941154069	-0.165611429056749
15.079644737231007	-0.539044849159183
16.022122533307943	-0.469997768094240
16.964600329384879	-0.159827342870790
17.907078125461815	-0.080256937886434
18.849555921538752	-0.162449228136972
