0.000000000000000	0.000000000000000
0.157079632679490	0.015678888134430
0.314159265358979	0.031325313061169
0.471238898038469	0.046957621743895
0.628318530717959	0.062554138755968
0.785398163397448	0.078038704263972
0.942477796076938	0.093268961579067
1.099557428756428	0.108028554319250
1.256637061435917	0.122024534834809
1.413716694115407	0.134891262923222
1.570796326794897	0.146201813300681
1.727875959474386	0.155487370981126
1.884955592153876	0.162264286335879
2.042035224833366	0.166067459249525
2.199114857512855	0.166487657589773
2.356194490192345	0.163209424956367
2.513274122871834	0.156045585253242
2.670353755551324	0.144964173842514
2.827433388230814	0.130104027576958
2.984513020910303	0.111776275058898
3.141592653589793	0.090450505793806
3.298672286269283	0.066726272851214
3.455751918948772	0.041292511565107
3.612831551628262	0.014879097409307
3.769911184307752	-0.011794198614955
3.926990816987241	-0.038065879837140
4.084070449666731	-0.063373176288026
4.241150082346221	-0.087281271424567
4.398229715025710	-0.109499529978548
4.555309347705200	-0.129884731009066
4.712388980384690	-0.148432810356323
4.869468613064179	-0.165261628907443
5.026548245743669	-0.180587732025890
5.183627878423159	-0.194699996573020
5.340707511102648	-0.207932602041080
5.497787143782138	-0.220639074399911
5.654866776461628	-0.233168396397859
5.811946409141117	-0.245843490698113
5.969026041820607	-0.258941858871911
6.126105674500097	-0.272677857256357
6.283185307179586	-0.287186032764228
6.440264939859076	-0.302505122170618
6.597344572538566	-0.318562707531353
6.754424205218055	-0.335161066154632
6.911503837897545	-0.351965380687022
7.068583470577035	-0.368496084512278
7.225663103256524	-0.384127591467194
7.382742735936014	-0.398095871637752
7.539822368615503	-0.409517176627080
7.696902001294993	-0.417419620604703
7.853981633974483	-0.420788285735524
8.011061266653972	-0.418623113348858
8.168140899333462	-0.410007194843130
8.325220532012953	-0.394181346313508
8.482300164692443	-0.370619198836143
8.639379797371934	-0.339095630610536
8.796459430051424	-0.299740425309626
8.953539062730915	-0.253068878658929
9.110618695410405	-0.199982097969072
9.267698328089896	-0.141732312977159
9.424777960769386	-0.079852715639225
9.581857593448877	-0.016056692892715
9.738937226128368	0.047883296828759
9.896016858807858	0.110262991543523
10.053096491487349	0.169564248837153
10.210176124166839	0.224550007591415
10.367255756846330	0.274327128906991
10.524335389525820	0.318373657802552
10.681415022205311	0.356532469076907
10.838494654884801	0.388977269713871
10.995574287564292	0.416159056489410
11.152653920243782	0.438741499176532
11.309733552923273	0.457532805962294
11.466813185602764	0.473419975245703
11.623892818282254	0.487309409920209
11.780972450961745	0.500075994902370
11.938052083641235	0.512521125223553
12.095131716320726	0.525338944631826
12.252211349000216	0.539089278887100
12.409290981679707	0.554175443877669
12.566370614359197	0.570825255934223
12.723450247038688	0.589074111323183
12.880529879718178	0.608749837815212
13.037609512397669	0.629460022091849
13.194689145077160	0.650583520357948
13.351768777756650	0.671268684772469
13.508848410436141	0.690441310168133
13.665928043115631	0.706825293901727
13.823007675795122	0.718978464913392
13.980087308474612	0.725345050038214
14.137166941154103	0.724324980099898
14.294246573833593	0.714358895836246
14.451326206513084	0.694026405757450
14.608405839192574	0.662153792805348
14.765485471872065	0.617925676428972
14.922565104551555	0.560992768001877
15.079644737231046	0.491564736112454
15.236724369910537	0.410473918228786
15.393804002590027	0.319193670465677
15.550883635269518	0.219796663290947
15.707963267949008	0.114845187711183
15.865042900628499	0.007217535052542
16.022122533307989	-0.100111016709417
16.179202165987480	-0.204302142276936
16.336281798666970	-0.302868395613227
16.493361431346461	-0.393837222738484
16.650441064025951	-0.475847603264640
16.807520696705442	-0.548176747080192
16.964600329384933	-0.610706565844922
17.121679962064423	-0.663846526472828
17.278759594743914	-0.708430897449339
17.435839227423404	-0.745606013313421
17.592918860102895	-0.776719105982009
17.749998492782385	-0.803216064224362
17.907078125461876	-0.826551988461230
18.064157758141366	-0.848115812977217
18.221237390820857	-0.869168483848564
18.378317023500347	-0.890793061389158
18.535396656179838	-0.913854561199716
18.692476288859329	-0.938967311931294
18.849555921538819	-0.966468054655271
