0.000000000000000	0.100000000000000
0.314159265358979	0.099548607564062
0.628318530717959	0.098756814978943
0.942477796076938	0.094678460121154
1.256637061435917	0.083573390790423
1.570796326794897	0.062056089914323
1.884955592153876	0.028595092087070
2.199114857512855	-0.015141444539174
2.513274122871834	-0.063842632893956
2.827433388230814	-0.109579356452741
3.141592653589793	-0.144197729908874
3.455751918948772	-0.162156871192195
3.769911184307752	-0.162459328992641
4.084070449666731	-0.148720523708277
4.398229715025710	-0.127474726397697
4.712388980384690	-0.105744453790177
5.026548245743669	-0.089042162004983
5.340707511102648	-0.080398503833182
5.654866776461628	-0.080303345009333
5.969026041820607	-0.087072555168300
6.283185307179586	-0.097198139976972
6.597344572538566	-0.105537656985804
6.911503837897545	-0.105544775611365
7.225663103256524	-0.089964497330333
7.539822368615503	-0.052368537638880
7.853981633974483	0.010487423139492
8.168140899333462	0.096125474109552
8.482300164692441	0.194793443212211
8.796459430051421	0.290182129134165
9.110618695410400	0.363203197335647
9.424777960769379	0.398267327652609
9.738937226128359	0.389459088231674
10.053096491487338	0.342976031645213
10.367255756846317	0.274170633378303
10.681415022205297	0.201242321402486
10.995574287564276	0.139344117303122
11.309733552923255	0.097466468505985
11.623892818282235	0.078157954358425
11.938052083641214	0.078866412010519
12.252211349000193	0.093584382655465
12.566370614359172	0.114007253713949
12.880529879718152	0.130114877128368
13.194689145077131	0.130670727694086
13.508848410436110	0.104362946686686
13.823007675795090	0.042045338862768
14.137166941154069	-0.060123580968062
14.451326206513048	-0.197475492673049
14.765485471872028	-0.354677774441066
15.079644737231007	-0.506050035795898
15.393804002589986	-0.620347479334348
15.707963267948966	-0.671041952879268
16.022122533307943	-0.648314780553576
16.336281798666924	-0.564231851951864
16.650441064025905	-0.446418516996294
16.964600329384886	-0.325528596841999
17.278759594743867	-0.225258873044768
17.592918860102849	-0.158501647721084
17.907078125461830	-0.128046563848918
18.221237390820811	-0.129094497635504
18.535396656179792	-0.151766519451046
18.849555921538773	-0.182861015085005
