0.000000000000000	0.000000000000000
0.134639685153848	0.013441859378673
0.269279370307697	0.026857007876826
0.403919055461545	0.040262275841666
0.538558740615393	0.053655684522192
0.673198425769241	0.067009335407836
0.807838110923090	0.080263190356077
0.942477796076938	0.093320098427954
1.077117481230786	0.106042486361333
1.211757166384634	0.118251164641757
1.346396851538483	0.129726691469609
1.481036536692331	0.140213666669434
1.615676221846179	0.149428186953385
1.750315907000028	0.157068482378707
1.884955592153876	0.162828482178509
2.019595277307724	0.166413749155185
2.154234962461572	0.167558908575209
2.288874647615421	0.166045419732180
2.423514332769269	0.161718337359801
2.558154017923117	0.154500623050421
2.692793703076966	0.144403621322105
2.827433388230814	0.131532524171374
2.962073073384662	0.116086006944564
3.096712758538510	0.098349701743430
3.231352443692359	0.078683736105435
3.365992128846207	0.057505140277060
3.500631814000055	0.035266441488478
3.635271499153903	0.012432145039658
3.769911184307752	-0.010545007854512
3.904550869461600	-0.033246145525999
4.039190554615448	-0.055305117478494
4.173830239769297	-0.076422887830421
4.308469924923145	-0.096376780323712
4.443109610076993	-0.115024420533712
4.577749295230841	-0.132302704557156
4.712388980384690	-0.148222499119670
4.847028665538538	-0.162860015085389
4.981668350692386	-0.176345889559795
5.116308035846235	-0.188852976832896
5.250947721000083	-0.200583714787555
5.385587406153931	-0.211757736935410
5.520227091307779	-0.222600176891374
5.654866776461628	-0.233330893552661
5.789506461615476	-0.244154656528990
5.924146146769324	-0.255252190023931
6.058785831923172	-0.266771889795387
6.193425517077021	-0.278822006203401
6.328065202230869	-0.291463125670609
6.462704887384717	-0.304700877711699
6.597344572538566	-0.318478935546909
6.731984257692414	-0.332672551577104
6.866623942846262	-0.347083056654059
7.001263628000110	-0.361433931750018
7.135903313153959	-0.375369206385507
7.270542998307807	-0.388455022605023
7.405182683461655	-0.400185200963438
7.539822368615503	-0.409991536870904
7.674462053769352	-0.417259333470744
7.809101738923200	-0.421348346321034
7.943741424077048	-0.421618894431467
8.078381109230897	-0.417462410914565
8.213020794384745	-0.408335198854868
8.347660479538593	-0.393793658426293
8.482300164692441	-0.373528793649036
8.616939849846290	-0.347397429743624
8.751579535000138	-0.315447326814792
8.886219220153986	-0.277933335929021
9.020858905307835	-0.235322001001400
9.155498590461683	-0.188282651900510
9.290138275615531	-0.137664103518050
9.424777960769379	-0.084457522019723
9.559417645923228	-0.029747668905268
9.694057331077076	0.025343700742676
9.828697016230924	0.079717360981743
9.963336701384772	0.132353680447336
10.097976386538621	0.182362216956199
10.232616071692469	0.229019930987463
10.367255756846317	0.271795694256696
10.501895442000166	0.310360496807049
10.636535127154014	0.344584301965064
10.771174812307862	0.374521643258118
10.905814497461710	0.400388713559866
11.040454182615559	0.422534891678727
11.175093867769407	0.441411483274430
11.309733552923255	0.457540043586364
11.444373238077103	0.471482112589499
11.579012923230952	0.483811618442771
11.713652608384800	0.495090656022255
11.848292293538648	0.505848866187339
11.982931978692497	0.516566255112021
12.117571663846345	0.527659017493950
12.252211349000193	0.539467770142336
12.386851034154041	0.552247563165165
12.521490719307890	0.566159107323265
12.656130404461738	0.581260823684634
12.790770089615586	0.597501564286556
12.925409774769435	0.614714142328537
13.060049459923283	0.632610113699509
13.194689145077131	0.650776530032156
13.329328830230979	0.668675597096716
13.463968515384828	0.685648284969603
13.598608200538676	0.700922922434047
13.733247885692524	0.713629659680031
13.867887570846372	0.722821415072244
14.002527256000221	0.727501568884186
14.137166941154069	0.726658275848984
14.271806626307917	0.719304879136864
14.406446311461766	0.704525534087355
14.541085996615614	0.681524762263937
14.675725681769462	0.649679186367271
14.810365366923310	0.608589060609241
14.945005052077159	0.558126362310716
15.079644737231007	0.498475206077229
15.214284422384855	0.430159402823277
15.348924107538704	0.354051508351832
15.483563792692552	0.271358184112960
15.618203477846400	0.183578533460979
15.752843163000248	0.092435351385006
15.887482848154097	-0.000216528036125
16.022122533307943	-0.092496374394562
16.156762218461793	-0.182606799027816
16.291401903615643	-0.268933927993041
16.426041588769493	-0.350128078171911
16.560681273923343	-0.425158176545527
16.695320959077193	-0.493337657015273
16.829960644231043	-0.554323684304199
16.964600329384893	-0.608094448683764
17.099240014538744	-0.654910659504999
17.233879699692594	-0.695267428427896
17.368519384846444	-0.729841917709507
17.503159070000294	-0.759440905874685
17.637798755154144	-0.784951150720022
17.772438440307994	-0.807294311474228
17.907078125461844	-0.827387302614748
18.041717810615694	-0.846108288365665
18.176357495769544	-0.864268056362757
18.310997180923394	-0.882586198694652
18.445636866077244	-0.901671357993537
18.580276551231094	-0.922004755987930
18.714916236384944	-0.943926305990422
18.849555921538794	-0.967622807966851
