0.000000000000000	0.100000000000000
0.209439510239320	0.099627612462440
0.418879020478639	0.099497624273218
0.628318530717959	0.098979785162469
0.837758040957278	0.097167859709762
1.047197551196598	0.092967830549262
1.256637061435917	0.085230558538693
1.466076571675237	0.072929071922777
1.675516081914556	0.055366056505923
1.884955592153876	0.032379929175478
2.094395102393196	0.004504146404911
2.303834612632515	-0.026969225456778
2.513274122871834	-0.060059641591473
2.722713633111154	-0.092314072462661
2.932153143350473	-0.121145369071342
3.141592653589793	-0.144233289316773
3.351032163829112	-0.159903447892312
3.560471674068431	-0.167396562576472
3.769911184307751	-0.166964677058149
3.979350694547070	-0.159776973614678
4.188790204786390	-0.147669219931272
4.398229715025709	-0.132808308458315
4.607669225265029	-0.117354120531051
4.817108735504349	-0.103185254107004
5.026548245743669	-0.091723738523954
5.235987755982989	-0.083860688800114
5.445427266222309	-0.079960438631248
5.654866776461628	-0.079909422085440
5.864306286700948	-0.083177129760306
6.073745796940268	-0.088866235396872
6.283185307179588	-0.095743247478693
6.492624817418908	-0.102256125650038
6.702064327658228	-0.106558287646244
6.911503837897548	-0.106566711947230
7.120943348136867	-0.100082789327035
7.330382858376187	-0.084995944030002
7.539822368615507	-0.059571295075029
7.749261878854827	-0.022796508233344
7.958701389094147	0.025264199285611
8.168140899333466	0.083181555743380
8.377580409572785	0.148019543512428
8.587019919812104	0.215416682462793
8.796459430051423	0.279945520080018
9.005898940290741	0.335761799410132
9.215338450530060	0.377479947078454
9.424777960769379	0.401113933822104
9.634217471008698	0.404844017955925
9.843656981248017	0.389372410446015
10.053096491487336	0.357745709280604
10.262536001726655	0.314705225153919
10.471975511965974	0.265779649325655
10.681415022205293	0.216380979491254
10.890854532444612	0.171103242222832
11.100294042683931	0.133312386484140
11.309733552923250	0.105016116860928
11.519173063162569	0.086943439878419
11.728612573401888	0.078744154423367
11.938052083641207	0.079225436896446
12.147491593880526	0.086564138019913
12.356931104119845	0.098461544197847
12.566370614359164	0.112236718729075
12.775810124598483	0.124880556636227
12.985249634837801	0.133111124746649
13.194689145077120	0.133477826221000
13.404128655316439	0.122554544087611
13.613568165555758	0.097240119979028
13.823007675795077	0.055153423070802
14.032447186034396	-0.004919631590154
14.241886696273715	-0.082587527567504
14.451326206513034	-0.175487176631459
14.660765716752353	-0.279057381051524
14.870205226991672	-0.386540131650503
15.079644737230991	-0.489339393122373
15.289084247470310	-0.577882603697395
15.498523757709629	-0.643035738301083
15.707963267948948	-0.677870115177923
15.917402778188267	-0.679265856420691
16.126842288427586	-0.648713568538977
16.336281798666906	-0.591937729566387
16.545721308906227	-0.517497603505646
16.755160819145548	-0.434949145411991
16.964600329384869	-0.353200921636186
17.174039839624189	-0.279431858874552
17.383479349863510	-0.218616629804273
17.592918860102831	-0.173510865485748
17.802358370342152	-0.144903140387397
18.011797880581472	-0.131975908758891
18.221237390820793	-0.132670556564977
18.430676901060114	-0.143996871437948
18.640116411299434	-0.162263836957004
18.849555921538755	-0.183241074913942
