0.000000000000000	0.100000000000000
0.628318530717959	0.098321403281600
1.256637061435917	0.079120892141339
1.884955592153876	0.018435299808881
2.513274122871834	-0.073020966588291
3.141592653589793	-0.141978172554677
3.769911184307752	-0.148571900530943
4.398229715025710	-0.112758022060959
5.026548245743669	-0.082429079579770
5.654866776461628	-0.082112214118423
6.283185307179586	-0.101206881973749
6.911503837897545	-0.101208148018270
7.539822368615503	-0.029634162868729
8.168140899333462	0.132887492186974
8.796459430051421	0.313203663075631
9.424777960769379	0.380160947599636
10.053096491487338	0.294141708046734
10.681415022205297	0.156787300360218
11.309733552923255	0.077011544247164
11.938052083641214	0.078321276132591
12.566370614359172	0.117524406471602
13.194689145077131	0.118713686025537
13.823007675795090	0.000219964508864
14.451326206513048	-0.258806410522118
15.079644737231007	-0.539094189782218
15.707963267948966	-0.628473833965238
16.336281798666924	-0.469316283526147
16.964600329384883	-0.241438141430955
17.592918860102841	-0.114961151380433
18.221237390820800	-0.117065538669369
18.849555921538759	-0.176326877940318
