0.000000000000000	0.000000000000000
0.376991118430775	0.037562873561372
0.753982236861550	0.074710726608943
1.130973355292325	0.109840372474021
1.507964473723101	0.139056424856975
1.884955592153876	0.156571463856167
2.261946710584651	0.156418471221465
2.638937829015426	0.135046912112390
3.015928947446202	0.093530419133356
3.392920065876977	0.037916980268258
3.769911184307752	-0.022812998194029
4.146902302738527	-0.080159772798384
4.523893421169302	-0.128978081448021
4.900884539600077	-0.168461896128272
5.277875658030852	-0.201260518702856
5.654866776461627	-0.231662624203119
6.031857894892402	-0.263743053200995
6.408849013323176	-0.299813407229164
6.785840131753951	-0.339112130424167
7.162831250184726	-0.376741596008550
7.539822368615501	-0.403314494725931
7.916813487046276	-0.406171694686007
8.293804605477051	-0.372806451247680
8.670795723907826	-0.296019902082959
9.047786842338601	-0.178754080356723
9.424777960769376	-0.035517738415607
9.801769079200151	0.111731245239243
10.178760197630925	0.241853960098816
10.555751316061700	0.342121404637157
10.932742434492475	0.410946184483069
11.309733552923250	0.455559166154627
11.686724671354025	0.487320299516958
12.063715789784800	0.517293317690305
12.440706908215574	0.553176065961966
12.817698026646349	0.597384660774689
13.194689145077124	0.645762965944584
13.571680263507899	0.686942665744100
13.948671381938674	0.703184289367639
14.325662500369448	0.673756207788289
14.702653618800223	0.581166968315838
15.079644737230998	0.419148486951527
15.456635855661773	0.199312772594698
15.833626974092548	-0.048670311776880
16.210618092523323	-0.286933646261511
16.587609210954099	-0.484803885676911
16.964600329384876	-0.629216212440394
17.341591447815652	-0.724846035359348
17.718582566246429	-0.787418941312677
18.095573684677206	-0.835850874728699
18.472564803107982	-0.886205359312340
18.849555921538759	-0.947851550045879
