0.000000000000000	0.100000000000000
0.117809724509617	0.099734185099485
0.235619449019234	0.099615861906406
0.353429173528852	0.099578935204364
0.471238898038469	0.099524018432849
0.589048622548086	0.099320839474743
0.706858347057703	0.098811620975452
0.824668071567321	0.097815641653632
0.942477796076938	0.096135169397202
1.060287520586555	0.093562899279013
1.178097245096172	0.089890928678604
1.295906969605790	0.084921160943447
1.413716694115407	0.078476857591242
1.531526418625024	0.070414871925396
1.649336143134641	0.060637914208075
1.767145867644259	0.049106043603368
1.884955592153876	0.035846478880258
2.002765316663493	0.020960789471516
2.120575041173110	0.004628586026056
2.238384765682727	-0.012893018328252
2.356194490192344	-0.031274661398183
2.474004214701961	-0.050124863828441
2.591813939211578	-0.069004825780401
2.709623663721195	-0.087447271192001
2.827433388230812	-0.104978329260684
2.945243112740429	-0.121141100591453
3.063052837250046	-0.135519306353226
3.180862561759663	-0.147759301830022
3.298672286269280	-0.157588780436788
3.416482010778897	-0.164830713135985
3.534291735288514	-0.169411450490595
3.652101459798131	-0.171362423599941
3.769911184307748	-0.170815456207348
3.887720908817365	-0.167992269789819
4.005530633326982	-0.163189252371536
4.123340357836599	-0.156758909697175
4.241150082346216	-0.149089588409053
4.358959806855833	-0.140585048701267
4.476769531365450	-0.131645289960866
4.594579255875067	-0.122649738835700
4.712388980384684	-0.113943546779816
4.830198704894301	-0.105827365231859
4.948008429403918	-0.098550615236212
5.065818153913535	-0.092307976355966
5.183627878423152	-0.087238605518539
5.301437602932769	-0.083427466063167
5.419247327442386	-0.080908097123450
5.537057051952003	-0.079666173391397
5.654866776461621	-0.079643281456238
5.772676500971238	-0.080740456278471
5.890486225480855	-0.082821165478744
6.008295949990472	-0.085713587086438
6.126105674500089	-0.089212187208694
6.243915399009706	-0.093078758457398
6.361725123519323	-0.097043219738345
6.479534848028940	-0.100804595365442
6.597344572538557	-0.104032678340717
6.715154297048174	-0.106370930411556
6.832964021557791	-0.107441171322561
6.950773746067408	-0.106850553494999
7.068583470577025	-0.104201200765085
7.186393195086642	-0.099102710160234
7.304202919596259	-0.091187480235171
7.422012644105876	-0.080128552579873
7.539822368615493	-0.065659356823636
7.657632093125110	-0.047594461114911
7.775441817634727	-0.025850177808920
7.893251542144344	-0.000463681599124
8.011061266653961	0.028390820692618
8.128870991163579	0.060390368608810
8.246680715673197	0.095057437824637
8.364490440182815	0.131761393319919
8.482300164692433	0.169728365050575
8.600109889202050	0.208060403941968
8.717919613711668	0.245764323459808
8.835729338221286	0.281789981694649
8.953539062730904	0.315076887612672
9.071348787240522	0.344606956404020
9.189158511750140	0.369460110016944
9.306968236259758	0.388868424732222
9.424777960769376	0.402263927010330
9.542587685278994	0.409315174835771
9.660397409788612	0.409948572677656
9.778207134298230	0.404351915034510
9.896016858807847	0.392959700085390
10.013826583317465	0.376421918198683
10.131636307827083	0.355559877886037
10.249446032336701	0.331313846699915
10.367255756846319	0.304687693709569
10.485065481355937	0.276695359936021
10.602875205865555	0.248313047295205
10.720684930375173	0.220439774973355
10.838494654884791	0.193867666276396
10.956304379394409	0.169262193815378
11.074114103904027	0.147151733112064
11.191923828413644	0.127925181975602
11.309733552923262	0.111836069730136
11.427543277432880	0.099011455965816
11.545353001942498	0.089463948772565
11.663162726452116	0.083105311315860
11.780972450961734	0.079760338417364
11.898782175471352	0.079179946441206
12.016591899980970	0.081052711351828
12.134401624490588	0.085014395471731
12.252211349000206	0.090655308614726
12.370021073509823	0.097525639763533
12.487830798019441	0.105139157496605
12.605640522529059	0.112975897484120
12.723450247038677	0.120484620427312
12.841259971548295	0.127085921136979
12.959069696057913	0.132176887534626
13.076879420567531	0.135138138535319
13.194689145077149	0.135343908906748
13.312498869586767	0.132175603139778
13.430308594096385	0.125038927045840
13.548118318606003	0.113384356510734
13.665928043115620	0.096730359985821
13.783737767625238	0.074688501476516
13.901547492134856	0.046989353383960
14.019357216644474	0.013508062058364
14.137166941154092	-0.025711580967981
14.254976665663710	-0.070435654301828
14.372786390173328	-0.120222283801483
14.490596114682946	-0.174408669118719
14.608405839192564	-0.232104455140441
14.726215563702182	-0.292193445506936
14.844025288211800	-0.353346243183377
14.961835012721417	-0.414046843277406
15.079644737231035	-0.472636154691055
15.197454461740653	-0.527374515123326
15.315264186250271	-0.576523216148193
15.433073910759889	-0.618441876957925
15.550883635269507	-0.651694631369420
15.668693359779125	-0.675154417389027
15.786503084288743	-0.688092359613082
15.904312808798361	-0.690239380533888
16.022122533307979	-0.681810246957035
16.139932257817595	-0.663485811403703
16.257741982327211	-0.636355920851435
16.375551706836827	-0.601831575476823
16.493361431346443	-0.561538893837851
16.611171155856059	-0.517208518236104
16.728980880365675	-0.470572465008233
16.846790604875292	-0.423277000307095
16.964600329384908	-0.376816079244728
17.082410053894524	-0.332486233468413
17.200219778404140	-0.291361124785221
17.318029502913756	-0.254282457528296
17.435839227423372	-0.221863400861223
17.553648951932988	-0.194500807191378
17.671458676442604	-0.172393009709748
17.789268400952221	-0.155560599423863
17.907078125461837	-0.143868176385489
18.024887849971453	-0.137045582957680
18.142697574481069	-0.134707557174835
18.260507298990685	-0.136371116131601
18.378317023500301	-0.141470320715256
18.496126748009917	-0.149368401179452
18.613936472519534	-0.159367539474003
18.731746197029150	-0.170716894950891
18.849555921538766	-0.182619699600074
