0.000000000000000	0.100000000000000
0.094247779607694	0.099774049936912
0.188495559215388	0.099650207956179
0.282743338823081	0.099601093678730
0.376991118430775	0.099585321716892
0.471238898038469	0.099548127477786
0.565486677646163	0.099422213833989
0.659734457253857	0.099128859852414
0.753982236861550	0.098579335823893
0.848230016469244	0.097676666849999
0.942477796076938	0.096317779645400
1.036725575684632	0.094396053720161
1.130973355292326	0.091804278809617
1.225221134900019	0.088437995865826
1.319468914507713	0.084199170165306
1.413716694115407	0.079000113691453
1.507964473723100	0.072767541959648
1.602212253330794	0.065446620281814
1.696460032938488	0.057004828732406
1.790707812546181	0.047435456389007
1.884955592153875	0.036760526141155
1.979203371761569	0.025032953376179
2.073451151369263	0.012337756372566
2.167698930976957	-0.001207836336815
2.261946710584650	-0.015455496494075
2.356194490192344	-0.030228188411615
2.450442269800038	-0.045323846937319
2.544690049407731	-0.060520278894035
2.638937829015425	-0.075581157038581
2.733185608623119	-0.090262908155446
2.827433388230812	-0.104322235184030
2.921681167838506	-0.117523961876898
3.015928947446200	-0.129648851947610
3.110176727053894	-0.140501037094054
3.204424506661587	-0.149914692842427
3.298672286269281	-0.157759629531077
3.392920065876975	-0.163945517651799
3.487167845484668	-0.168424539613099
3.581415625092362	-0.171192348907291
3.675663404700056	-0.172287315816073
3.769911184307750	-0.171788138083316
3.864158963915443	-0.169809987019585
3.958406743523137	-0.166499436622984
4.052654523130831	-0.162028479537639
4.146902302738525	-0.156587965423726
4.241150082346219	-0.150380803644624
4.335397861953913	-0.143615254707208
4.429645641561607	-0.136498597344870
4.523893421169301	-0.129231405660524
4.618141200776996	-0.122002609165073
4.712388980384690	-0.114985443624411
4.806636759992384	-0.108334337516707
4.900884539600078	-0.102182721758574
4.995132319207772	-0.096641702164793
5.089380098815466	-0.091799496653751
5.183627878423160	-0.087721513214186
5.277875658030855	-0.084450929931089
5.372123437638549	-0.082009634080581
5.466371217246243	-0.080399382143235
5.560618996853937	-0.079603054996210
5.654866776461631	-0.079585900880260
5.749114556069325	-0.080296681386165
5.843362335677019	-0.081668661173170
5.937610115284714	-0.083620409089307
6.031857894892408	-0.086056405652548
6.126105674500102	-0.088867478467679
6.220353454107796	-0.091931112203250
6.314601233715490	-0.095111702400996
6.408849013323184	-0.098260841806116
6.503096792930879	-0.101217743222949
6.597344572538573	-0.103809913192381
6.691592352146267	-0.105854195090324
6.785840131753961	-0.107158297612678
6.880087911361655	-0.107522914210934
6.974335690969349	-0.106744520298720
7.068583470577043	-0.104618907802562
7.162831250184738	-0.100945481289792
7.257079029792432	-0.095532297570450
7.351326809400126	-0.088201783166976
7.445574589007820	-0.078797013870336
7.539822368615514	-0.067188390726639
7.634070148223208	-0.053280500368376
7.728317927830902	-0.037018907554596
7.822565707438597	-0.018396596459213
7.916813487046291	0.002540243883758
8.011061266653984	0.025687404996024
8.105309046261677	0.050879130239467
8.199556825869371	0.077886177099253
8.293804605477064	0.106415756037209
8.388052385084757	0.136113601310964
8.482300164692450	0.166568385752086
8.576547944300144	0.197318630507181
8.670795723907837	0.227862176681856
8.765043503515530	0.257668173518429
8.859291283123223	0.286191394494930
8.953539062730917	0.312888520850209
9.047786842338610	0.337235840996480
9.142034621946303	0.358747621816100
9.236282401553996	0.376994239133606
9.330530181161690	0.391619039162642
9.424777960769383	0.402352868847433
9.519025740377076	0.409025281531231
9.613273519984769	0.411571602293172
9.707521299592463	0.410035313935967
9.801769079200156	0.404565571537726
9.896016858807849	0.395410028674389
9.990264638415542	0.382903513965730
10.084512418023236	0.367453387982516
10.178760197630929	0.349522605030943
10.273007977238622	0.329611586255565
10.367255756846316	0.308239982469856
10.461503536454009	0.285929285119152
10.555751316061702	0.263187059595499
10.649999095669395	0.240493357845011
10.744246875277089	0.218289645467521
10.838494654884782	0.196970374595110
10.932742434492475	0.176877162034349
11.026990214100168	0.158295399021295
11.121237993707862	0.141453024854578
11.215485773315555	0.126521137960562
11.309733552923248	0.113616088893438
11.403981332530941	0.102802694222163
11.498229112138635	0.094098222593529
11.592476891746328	0.087476829872303
11.686724671354021	0.082874155574392
11.780972450961714	0.080191835113929
11.875220230569408	0.079301729556440
11.969468010177101	0.080049724826557
12.063715789784794	0.082259004044757
12.157963569392487	0.085732748314840
12.252211349000181	0.090256271333362
12.346459128607874	0.095598640148771
12.440706908215567	0.101513876794244
12.534954687823260	0.107741871914483
12.629202467430954	0.114009170487984
12.723450247038647	0.120029809930476
12.817698026646340	0.125506400940945
12.911945806254034	0.130131640268315
13.006193585861727	0.133590431297553
13.100441365469420	0.135562762669538
13.194689145077113	0.135727457529246
13.288936924684807	0.133766857930318
13.383184704292500	0.129372453077617
13.477432483900193	0.122251400306379
13.571680263507886	0.112133828760206
13.665928043115580	0.098780762846776
13.760175822723273	0.081992460564920
13.854423602330966	0.061616934225310
13.948671381938659	0.037558409128290
14.042919161546353	0.009785477516661
14.137166941154046	-0.021661284733585
14.231414720761739	-0.056662461073643
14.325662500369432	-0.095013919408262
14.419910279977126	-0.136422162458864
14.514158059584819	-0.180501194764012
14.608405839192512	-0.226771275297802
14.702653618800205	-0.274660024201037
14.796901398407899	-0.323506455338824
14.891149178015592	-0.372568583689529
14.985396957623285	-0.421035268965415
15.079644737230979	-0.468042861497747
15.173892516838672	-0.512696975678867
15.268140296446365	-0.554099310014649
15.362388076054058	-0.591378871589177
15.456635855661752	-0.623726297747099
15.550883635269445	-0.650429293342871
15.645131414877138	-0.670906645138451
15.739379194484831	-0.684737971778340
15.833626974092525	-0.691686428499896
15.927874753700218	-0.691712059396180
16.022122533307911	-0.684974340369322
16.116370312915606	-0.671823559676912
16.210618092523301	-0.652781854787350
16.304865872130996	-0.628515761569103
16.399113651738691	-0.599802865626636
16.493361431346386	-0.567495479761330
16.587609210954081	-0.532484198818481
16.681856990561776	-0.495663775069990
16.776104770169471	-0.457903134833388
16.870352549777166	-0.420020654788364
16.964600329384862	-0.382765151300697
17.058848108992557	-0.346802488264539
17.153095888600252	-0.312707316966082
17.247343668207947	-0.280959227455816
17.341591447815642	-0.251942492291191
17.435839227423337	-0.225948585432285
17.530087007031032	-0.203180724909528
17.624334786638727	-0.183759786123620
17.718582566246422	-0.167731040202306
17.812830345854117	-0.155071274556114
17.907078125461812	-0.145695944074434
18.001325905069507	-0.139466080168522
18.095573684677202	-0.136194753176617
18.189821464284897	-0.135652944828631
18.284069243892592	-0.137574744688996
18.378317023500287	-0.141661839889624
18.472564803107982	-0.147587321743304
18.566812582715677	-0.154998885249872
18.661060362323372	-0.163521546075452
18.755308141931067	-0.172760041372932
18.849555921538762	-0.182301112358604
